startDateTime,endDateTime,groundwaterSpecCond,groundwaterSpecCondExpUncert,groundwaterSpecCondRangeQF,groundwaterSpecCondPersistQF,groundwaterSpecCondStepQF,groundwaterSpecCondNullQF,groundwaterSpecCondGapQF,groundwaterSpecCondSpikeQF,validCalQF
"2016-12-01T00:00:00Z","2016-12-01T00:05:00Z",677.69,0.57,0,0,0,0,0,0,
"2016-12-01T00:05:00Z","2016-12-01T00:10:00Z",677.74,0.57,0,0,0,0,0,0,
"2016-12-01T00:10:00Z","2016-12-01T00:15:00Z",677.76,0.57,0,0,0,0,0,0,
"2016-12-01T00:15:00Z","2016-12-01T00:20:00Z",677.81,0.57,0,0,0,0,0,0,
"2016-12-01T00:20:00Z","2016-12-01T00:25:00Z",677.75,0.57,0,0,0,0,0,0,
"2016-12-01T00:25:00Z","2016-12-01T00:30:00Z",677.64,0.57,0,0,0,0,0,0,
"2016-12-01T00:30:00Z","2016-12-01T00:35:00Z",677.78,0.57,0,0,0,0,0,0,
"2016-12-01T00:35:00Z","2016-12-01T00:40:00Z",677.76,0.57,0,0,0,0,0,0,
"2016-12-01T00:40:00Z","2016-12-01T00:45:00Z",677.79,0.57,0,0,0,0,0,0,
"2016-12-01T00:45:00Z","2016-12-01T00:50:00Z",677.77,0.57,0,0,0,0,0,0,
"2016-12-01T00:50:00Z","2016-12-01T00:55:00Z",677.73,0.57,0,0,0,0,0,0,
"2016-12-01T00:55:00Z","2016-12-01T01:00:00Z",677.75,0.57,0,0,0,0,0,0,
"2016-12-01T01:00:00Z","2016-12-01T01:05:00Z",677.77,0.57,0,0,0,0,0,0,
"2016-12-01T01:05:00Z","2016-12-01T01:10:00Z",677.79,0.57,0,0,0,0,0,0,
"2016-12-01T01:10:00Z","2016-12-01T01:15:00Z",677.76,0.57,0,0,0,0,0,0,
"2016-12-01T01:15:00Z","2016-12-01T01:20:00Z",677.85,0.57,0,0,0,0,0,0,
"2016-12-01T01:20:00Z","2016-12-01T01:25:00Z",677.77,0.57,0,0,0,0,0,0,
"2016-12-01T01:25:00Z","2016-12-01T01:30:00Z",677.79,0.57,0,0,0,0,0,0,
"2016-12-01T01:30:00Z","2016-12-01T01:35:00Z",677.80,0.57,0,0,0,0,0,0,
"2016-12-01T01:35:00Z","2016-12-01T01:40:00Z",677.88,0.57,0,0,0,0,0,0,
"2016-12-01T01:40:00Z","2016-12-01T01:45:00Z",677.92,0.57,0,0,0,0,0,0,
"2016-12-01T01:45:00Z","2016-12-01T01:50:00Z",677.76,0.57,0,0,0,0,0,0,
"2016-12-01T01:50:00Z","2016-12-01T01:55:00Z",677.74,0.57,0,0,0,0,0,0,
"2016-12-01T01:55:00Z","2016-12-01T02:00:00Z",677.82,0.57,0,0,0,0,0,0,
"2016-12-01T02:00:00Z","2016-12-01T02:05:00Z",677.82,0.57,0,0,0,0,0,0,
"2016-12-01T02:05:00Z","2016-12-01T02:10:00Z",677.87,0.57,0,0,0,0,0,0,
"2016-12-01T02:10:00Z","2016-12-01T02:15:00Z",677.82,0.57,0,0,0,0,0,0,
"2016-12-01T02:15:00Z","2016-12-01T02:20:00Z",677.87,0.57,0,0,0,0,0,0,
"2016-12-01T02:20:00Z","2016-12-01T02:25:00Z",677.83,0.57,0,0,0,0,0,0,
"2016-12-01T02:25:00Z","2016-12-01T02:30:00Z",677.88,0.57,0,0,0,0,0,0,
"2016-12-01T02:30:00Z","2016-12-01T02:35:00Z",677.86,0.57,0,0,0,0,0,0,
"2016-12-01T02:35:00Z","2016-12-01T02:40:00Z",677.80,0.57,0,0,0,0,0,0,
"2016-12-01T02:40:00Z","2016-12-01T02:45:00Z",677.89,0.57,0,0,0,0,0,0,
"2016-12-01T02:45:00Z","2016-12-01T02:50:00Z",677.78,0.57,0,0,0,0,0,0,
"2016-12-01T02:50:00Z","2016-12-01T02:55:00Z",677.93,0.57,0,0,0,0,0,0,
"2016-12-01T02:55:00Z","2016-12-01T03:00:00Z",677.91,0.57,0,0,0,0,0,0,
"2016-12-01T03:00:00Z","2016-12-01T03:05:00Z",677.87,0.57,0,0,0,0,0,0,
"2016-12-01T03:05:00Z","2016-12-01T03:10:00Z",677.81,0.57,0,0,0,0,0,0,
"2016-12-01T03:10:00Z","2016-12-01T03:15:00Z",677.87,0.57,0,0,0,0,0,0,
"2016-12-01T03:15:00Z","2016-12-01T03:20:00Z",677.92,0.57,0,0,0,0,0,0,
"2016-12-01T03:20:00Z","2016-12-01T03:25:00Z",677.89,0.57,0,0,0,0,0,0,
"2016-12-01T03:25:00Z","2016-12-01T03:30:00Z",677.85,0.57,0,0,0,0,0,0,
"2016-12-01T03:30:00Z","2016-12-01T03:35:00Z",677.96,0.57,0,0,0,0,0,0,
"2016-12-01T03:35:00Z","2016-12-01T03:40:00Z",677.83,0.57,0,0,0,0,0,0,
"2016-12-01T03:40:00Z","2016-12-01T03:45:00Z",677.92,0.57,0,0,0,0,0,0,
"2016-12-01T03:45:00Z","2016-12-01T03:50:00Z",677.81,0.57,0,0,0,0,0,0,
"2016-12-01T03:50:00Z","2016-12-01T03:55:00Z",677.88,0.57,0,0,0,0,0,0,
"2016-12-01T03:55:00Z","2016-12-01T04:00:00Z",677.92,0.57,0,0,0,0,0,0,
"2016-12-01T04:00:00Z","2016-12-01T04:05:00Z",677.82,0.57,0,0,0,0,0,0,
"2016-12-01T04:05:00Z","2016-12-01T04:10:00Z",677.88,0.57,0,0,0,0,0,0,
"2016-12-01T04:10:00Z","2016-12-01T04:15:00Z",677.74,0.57,0,0,0,0,0,0,
"2016-12-01T04:15:00Z","2016-12-01T04:20:00Z",677.97,0.57,0,0,0,0,0,0,
"2016-12-01T04:20:00Z","2016-12-01T04:25:00Z",677.94,0.57,0,0,0,0,0,0,
"2016-12-01T04:25:00Z","2016-12-01T04:30:00Z",677.97,0.57,0,0,0,0,0,0,
"2016-12-01T04:30:00Z","2016-12-01T04:35:00Z",677.99,0.57,0,0,0,0,0,0,
"2016-12-01T04:35:00Z","2016-12-01T04:40:00Z",677.85,0.57,0,0,0,0,0,0,
"2016-12-01T04:40:00Z","2016-12-01T04:45:00Z",677.84,0.57,0,0,0,0,0,0,
"2016-12-01T04:45:00Z","2016-12-01T04:50:00Z",677.93,0.57,0,0,0,0,0,0,
"2016-12-01T04:50:00Z","2016-12-01T04:55:00Z",677.87,0.57,0,0,0,0,0,0,
"2016-12-01T04:55:00Z","2016-12-01T05:00:00Z",677.83,0.57,0,0,0,0,0,0,
"2016-12-01T05:00:00Z","2016-12-01T05:05:00Z",677.90,0.57,0,0,0,0,0,0,
"2016-12-01T05:05:00Z","2016-12-01T05:10:00Z",677.92,0.57,0,0,0,0,0,0,
"2016-12-01T05:10:00Z","2016-12-01T05:15:00Z",677.79,0.57,0,0,0,0,0,0,
"2016-12-01T05:15:00Z","2016-12-01T05:20:00Z",677.94,0.57,0,0,0,0,0,0,
"2016-12-01T05:20:00Z","2016-12-01T05:25:00Z",677.93,0.57,0,0,0,0,0,0,
"2016-12-01T05:25:00Z","2016-12-01T05:30:00Z",677.86,0.57,0,0,0,0,0,0,
"2016-12-01T05:30:00Z","2016-12-01T05:35:00Z",677.90,0.57,0,0,0,0,0,0,
"2016-12-01T05:35:00Z","2016-12-01T05:40:00Z",677.99,0.57,0,0,0,0,0,0,
"2016-12-01T05:40:00Z","2016-12-01T05:45:00Z",677.98,0.57,0,0,0,0,0,0,
"2016-12-01T05:45:00Z","2016-12-01T05:50:00Z",677.92,0.57,0,0,0,0,0,0,
"2016-12-01T05:50:00Z","2016-12-01T05:55:00Z",677.95,0.57,0,0,0,0,0,0,
"2016-12-01T05:55:00Z","2016-12-01T06:00:00Z",677.99,0.57,0,0,0,0,0,0,
"2016-12-01T06:00:00Z","2016-12-01T06:05:00Z",677.91,0.57,0,0,0,0,0,0,
"2016-12-01T06:05:00Z","2016-12-01T06:10:00Z",677.87,0.57,0,0,0,0,0,0,
"2016-12-01T06:10:00Z","2016-12-01T06:15:00Z",677.91,0.57,0,0,0,0,0,0,
"2016-12-01T06:15:00Z","2016-12-01T06:20:00Z",677.78,0.57,0,0,0,0,0,0,
"2016-12-01T06:20:00Z","2016-12-01T06:25:00Z",677.94,0.57,0,0,0,0,0,0,
"2016-12-01T06:25:00Z","2016-12-01T06:30:00Z",677.93,0.57,0,0,0,0,0,0,
"2016-12-01T06:30:00Z","2016-12-01T06:35:00Z",677.87,0.57,0,0,0,0,0,0,
"2016-12-01T06:35:00Z","2016-12-01T06:40:00Z",677.97,0.57,0,0,0,0,0,0,
"2016-12-01T06:40:00Z","2016-12-01T06:45:00Z",677.87,0.57,0,0,0,0,0,0,
"2016-12-01T06:45:00Z","2016-12-01T06:50:00Z",678.00,0.57,0,0,0,0,0,0,
"2016-12-01T06:50:00Z","2016-12-01T06:55:00Z",678.00,0.57,0,0,0,0,0,0,
"2016-12-01T06:55:00Z","2016-12-01T07:00:00Z",677.85,0.57,0,0,0,0,0,0,
"2016-12-01T07:00:00Z","2016-12-01T07:05:00Z",677.83,0.57,0,0,0,0,0,0,
"2016-12-01T07:05:00Z","2016-12-01T07:10:00Z",677.93,0.57,0,0,0,0,0,0,
"2016-12-01T07:10:00Z","2016-12-01T07:15:00Z",677.91,0.57,0,0,0,0,0,0,
"2016-12-01T07:15:00Z","2016-12-01T07:20:00Z",677.94,0.57,0,0,0,0,0,0,
"2016-12-01T07:20:00Z","2016-12-01T07:25:00Z",677.87,0.57,0,0,0,0,0,0,
"2016-12-01T07:25:00Z","2016-12-01T07:30:00Z",678.06,0.57,0,0,0,0,0,0,
"2016-12-01T07:30:00Z","2016-12-01T07:35:00Z",677.90,0.57,0,0,0,0,0,0,
"2016-12-01T07:35:00Z","2016-12-01T07:40:00Z",678.04,0.57,0,0,0,0,0,0,
"2016-12-01T07:40:00Z","2016-12-01T07:45:00Z",677.98,0.57,0,0,0,0,0,0,
"2016-12-01T07:45:00Z","2016-12-01T07:50:00Z",677.89,0.57,0,0,0,0,0,0,
"2016-12-01T07:50:00Z","2016-12-01T07:55:00Z",677.90,0.57,0,0,0,0,0,0,
"2016-12-01T07:55:00Z","2016-12-01T08:00:00Z",677.95,0.57,0,0,0,0,0,0,
"2016-12-01T08:00:00Z","2016-12-01T08:05:00Z",678.02,0.57,0,0,0,0,0,0,
"2016-12-01T08:05:00Z","2016-12-01T08:10:00Z",678.05,0.57,0,0,0,0,0,0,
"2016-12-01T08:10:00Z","2016-12-01T08:15:00Z",677.91,0.57,0,0,0,0,0,0,
"2016-12-01T08:15:00Z","2016-12-01T08:20:00Z",678.00,0.57,0,0,0,0,0,0,
"2016-12-01T08:20:00Z","2016-12-01T08:25:00Z",678.00,0.57,0,0,0,0,0,0,
"2016-12-01T08:25:00Z","2016-12-01T08:30:00Z",677.89,0.57,0,0,0,0,0,0,
"2016-12-01T08:30:00Z","2016-12-01T08:35:00Z",678.02,0.57,0,0,0,0,0,0,
"2016-12-01T08:35:00Z","2016-12-01T08:40:00Z",677.92,0.57,0,0,0,0,0,0,
"2016-12-01T08:40:00Z","2016-12-01T08:45:00Z",677.92,0.57,0,0,0,0,0,0,
"2016-12-01T08:45:00Z","2016-12-01T08:50:00Z",677.88,0.57,0,0,0,0,0,0,
"2016-12-01T08:50:00Z","2016-12-01T08:55:00Z",677.93,0.57,0,0,0,0,0,0,
"2016-12-01T08:55:00Z","2016-12-01T09:00:00Z",677.94,0.57,0,0,0,0,0,0,
"2016-12-01T09:00:00Z","2016-12-01T09:05:00Z",678.00,0.57,0,0,0,0,0,0,
"2016-12-01T09:05:00Z","2016-12-01T09:10:00Z",678.03,0.57,0,0,0,0,0,0,
"2016-12-01T09:10:00Z","2016-12-01T09:15:00Z",677.88,0.57,0,0,0,0,0,0,
"2016-12-01T09:15:00Z","2016-12-01T09:20:00Z",677.93,0.57,0,0,0,0,0,0,
"2016-12-01T09:20:00Z","2016-12-01T09:25:00Z",678.01,0.57,0,0,0,0,0,0,
"2016-12-01T09:25:00Z","2016-12-01T09:30:00Z",678.00,0.57,0,0,0,0,0,0,
"2016-12-01T09:30:00Z","2016-12-01T09:35:00Z",677.96,0.57,0,0,0,0,0,0,
"2016-12-01T09:35:00Z","2016-12-01T09:40:00Z",677.91,0.57,0,0,0,0,0,0,
"2016-12-01T09:40:00Z","2016-12-01T09:45:00Z",677.95,0.57,0,0,0,0,0,0,
"2016-12-01T09:45:00Z","2016-12-01T09:50:00Z",678.05,0.57,0,0,0,0,0,0,
"2016-12-01T09:50:00Z","2016-12-01T09:55:00Z",678.00,0.57,0,0,0,0,0,0,
"2016-12-01T09:55:00Z","2016-12-01T10:00:00Z",677.84,0.57,0,0,0,0,0,0,
"2016-12-01T10:00:00Z","2016-12-01T10:05:00Z",677.90,0.57,0,0,0,0,0,0,
"2016-12-01T10:05:00Z","2016-12-01T10:10:00Z",678.05,0.57,0,0,0,0,0,0,
"2016-12-01T10:10:00Z","2016-12-01T10:15:00Z",678.03,0.57,0,0,0,0,0,0,
"2016-12-01T10:15:00Z","2016-12-01T10:20:00Z",678.01,0.57,0,0,0,0,0,0,
"2016-12-01T10:20:00Z","2016-12-01T10:25:00Z",677.96,0.57,0,0,0,0,0,0,
"2016-12-01T10:25:00Z","2016-12-01T10:30:00Z",677.98,0.57,0,0,0,0,0,0,
"2016-12-01T10:30:00Z","2016-12-01T10:35:00Z",677.99,0.57,0,0,0,0,0,0,
"2016-12-01T10:35:00Z","2016-12-01T10:40:00Z",677.99,0.57,0,0,0,0,0,0,
"2016-12-01T10:40:00Z","2016-12-01T10:45:00Z",678.07,0.57,0,0,0,0,0,0,
"2016-12-01T10:45:00Z","2016-12-01T10:50:00Z",677.98,0.57,0,0,0,0,0,0,
"2016-12-01T10:50:00Z","2016-12-01T10:55:00Z",678.14,0.57,0,0,0,0,0,0,
"2016-12-01T10:55:00Z","2016-12-01T11:00:00Z",678.10,0.57,0,0,0,0,0,0,
"2016-12-01T11:00:00Z","2016-12-01T11:05:00Z",677.95,0.57,0,0,0,0,0,0,
"2016-12-01T11:05:00Z","2016-12-01T11:10:00Z",678.00,0.57,0,0,0,0,0,0,
"2016-12-01T11:10:00Z","2016-12-01T11:15:00Z",677.99,0.57,0,0,0,0,0,0,
"2016-12-01T11:15:00Z","2016-12-01T11:20:00Z",678.04,0.57,0,0,0,0,0,0,
"2016-12-01T11:20:00Z","2016-12-01T11:25:00Z",677.96,0.57,0,0,0,0,0,0,
"2016-12-01T11:25:00Z","2016-12-01T11:30:00Z",678.06,0.57,0,0,0,0,0,0,
"2016-12-01T11:30:00Z","2016-12-01T11:35:00Z",678.15,0.57,0,0,0,0,0,0,
"2016-12-01T11:35:00Z","2016-12-01T11:40:00Z",678.00,0.57,0,0,0,0,0,0,
"2016-12-01T11:40:00Z","2016-12-01T11:45:00Z",678.06,0.57,0,0,0,0,0,0,
"2016-12-01T11:45:00Z","2016-12-01T11:50:00Z",677.98,0.57,0,0,0,0,0,0,
"2016-12-01T11:50:00Z","2016-12-01T11:55:00Z",677.99,0.57,0,0,0,0,0,0,
"2016-12-01T11:55:00Z","2016-12-01T12:00:00Z",677.94,0.57,0,0,0,0,0,0,
"2016-12-01T12:00:00Z","2016-12-01T12:05:00Z",677.91,0.57,0,0,0,0,0,0,
"2016-12-01T12:05:00Z","2016-12-01T12:10:00Z",678.05,0.57,0,0,0,0,0,0,
"2016-12-01T12:10:00Z","2016-12-01T12:15:00Z",678.08,0.57,0,0,0,0,0,0,
"2016-12-01T12:15:00Z","2016-12-01T12:20:00Z",677.99,0.57,0,0,0,0,0,0,
"2016-12-01T12:20:00Z","2016-12-01T12:25:00Z",678.05,0.57,0,0,0,0,0,0,
"2016-12-01T12:25:00Z","2016-12-01T12:30:00Z",677.97,0.57,0,0,0,0,0,0,
"2016-12-01T12:30:00Z","2016-12-01T12:35:00Z",678.08,0.57,0,0,0,0,0,0,
"2016-12-01T12:35:00Z","2016-12-01T12:40:00Z",678.04,0.57,0,0,0,0,0,0,
"2016-12-01T12:40:00Z","2016-12-01T12:45:00Z",678.04,0.57,0,0,0,0,0,0,
"2016-12-01T12:45:00Z","2016-12-01T12:50:00Z",678.03,0.57,0,0,0,0,0,0,
"2016-12-01T12:50:00Z","2016-12-01T12:55:00Z",678.03,0.57,0,0,0,0,0,0,
"2016-12-01T12:55:00Z","2016-12-01T13:00:00Z",678.07,0.57,0,0,0,0,0,0,
"2016-12-01T13:00:00Z","2016-12-01T13:05:00Z",678.16,0.57,0,0,0,0,0,0,
"2016-12-01T13:05:00Z","2016-12-01T13:10:00Z",678.02,0.57,0,0,0,0,0,0,
"2016-12-01T13:10:00Z","2016-12-01T13:15:00Z",678.07,0.57,0,0,0,0,0,0,
"2016-12-01T13:15:00Z","2016-12-01T13:20:00Z",677.98,0.57,0,0,0,0,0,0,
"2016-12-01T13:20:00Z","2016-12-01T13:25:00Z",678.09,0.57,0,0,0,0,0,0,
"2016-12-01T13:25:00Z","2016-12-01T13:30:00Z",678.00,0.57,0,0,0,0,0,0,
"2016-12-01T13:30:00Z","2016-12-01T13:35:00Z",677.95,0.57,0,0,0,0,0,0,
"2016-12-01T13:35:00Z","2016-12-01T13:40:00Z",678.06,0.57,0,0,0,0,0,0,
"2016-12-01T13:40:00Z","2016-12-01T13:45:00Z",678.11,0.57,0,0,0,0,0,0,
"2016-12-01T13:45:00Z","2016-12-01T13:50:00Z",678.03,0.57,0,0,0,0,0,0,
"2016-12-01T13:50:00Z","2016-12-01T13:55:00Z",678.03,0.57,0,0,0,0,0,0,
"2016-12-01T13:55:00Z","2016-12-01T14:00:00Z",677.96,0.57,0,0,0,0,0,0,
"2016-12-01T14:00:00Z","2016-12-01T14:05:00Z",678.01,0.57,0,0,0,0,0,0,
"2016-12-01T14:05:00Z","2016-12-01T14:10:00Z",678.08,0.57,0,0,0,0,0,0,
"2016-12-01T14:10:00Z","2016-12-01T14:15:00Z",677.97,0.57,0,0,0,0,0,0,
"2016-12-01T14:15:00Z","2016-12-01T14:20:00Z",677.99,0.57,0,0,0,0,0,0,
"2016-12-01T14:20:00Z","2016-12-01T14:25:00Z",678.13,0.57,0,0,0,0,0,0,
"2016-12-01T14:25:00Z","2016-12-01T14:30:00Z",678.07,0.57,0,0,0,0,0,0,
"2016-12-01T14:30:00Z","2016-12-01T14:35:00Z",678.07,0.57,0,0,0,0,0,0,
"2016-12-01T14:35:00Z","2016-12-01T14:40:00Z",678.01,0.57,0,0,0,0,0,0,
"2016-12-01T14:40:00Z","2016-12-01T14:45:00Z",678.05,0.57,0,0,0,0,0,0,
"2016-12-01T14:45:00Z","2016-12-01T14:50:00Z",677.99,0.57,0,0,0,0,0,0,
"2016-12-01T14:50:00Z","2016-12-01T14:55:00Z",678.04,0.57,0,0,0,0,0,0,
"2016-12-01T14:55:00Z","2016-12-01T15:00:00Z",678.20,0.57,0,0,0,0,0,0,
"2016-12-01T15:00:00Z","2016-12-01T15:05:00Z",678.03,0.57,0,0,0,0,0,0,
"2016-12-01T15:05:00Z","2016-12-01T15:10:00Z",677.96,0.57,0,0,0,0,0,0,
"2016-12-01T15:10:00Z","2016-12-01T15:15:00Z",678.14,0.57,0,0,0,0,0,0,
"2016-12-01T15:15:00Z","2016-12-01T15:20:00Z",678.06,0.57,0,0,0,0,0,0,
"2016-12-01T15:20:00Z","2016-12-01T15:25:00Z",677.97,0.57,0,0,0,0,0,0,
"2016-12-01T15:25:00Z","2016-12-01T15:30:00Z",678.03,0.57,0,0,0,0,0,0,
"2016-12-01T15:30:00Z","2016-12-01T15:35:00Z",677.97,0.57,0,0,0,0,0,0,
"2016-12-01T15:35:00Z","2016-12-01T15:40:00Z",678.00,0.57,0,0,0,0,0,0,
"2016-12-01T15:40:00Z","2016-12-01T15:45:00Z",678.02,0.57,0,0,0,0,0,0,
"2016-12-01T15:45:00Z","2016-12-01T15:50:00Z",678.08,0.57,0,0,0,0,0,0,
"2016-12-01T15:50:00Z","2016-12-01T15:55:00Z",678.03,0.57,0,0,0,0,0,0,
"2016-12-01T15:55:00Z","2016-12-01T16:00:00Z",678.05,0.57,0,0,0,0,0,0,
"2016-12-01T16:00:00Z","2016-12-01T16:05:00Z",677.97,0.57,0,0,0,0,0,0,
"2016-12-01T16:05:00Z","2016-12-01T16:10:00Z",678.08,0.57,0,0,0,0,0,0,
"2016-12-01T16:10:00Z","2016-12-01T16:15:00Z",678.14,0.57,0,0,0,0,0,0,
"2016-12-01T16:15:00Z","2016-12-01T16:20:00Z",678.07,0.57,0,0,0,0,0,0,
"2016-12-01T16:20:00Z","2016-12-01T16:25:00Z",677.98,0.57,0,0,0,0,0,0,
"2016-12-01T16:25:00Z","2016-12-01T16:30:00Z",677.98,0.57,0,0,0,0,0,0,
"2016-12-01T16:30:00Z","2016-12-01T16:35:00Z",677.99,0.57,0,0,0,0,0,0,
"2016-12-01T16:35:00Z","2016-12-01T16:40:00Z",677.85,0.57,0,0,0,0,0,0,
"2016-12-01T16:40:00Z","2016-12-01T16:45:00Z",677.96,0.57,0,0,0,0,0,0,
"2016-12-01T16:45:00Z","2016-12-01T16:50:00Z",677.95,0.57,0,0,0,0,0,0,
"2016-12-01T16:50:00Z","2016-12-01T16:55:00Z",677.91,0.57,0,0,0,0,0,0,
"2016-12-01T16:55:00Z","2016-12-01T17:00:00Z",678.01,0.57,0,0,0,0,0,0,
"2016-12-01T17:00:00Z","2016-12-01T17:05:00Z",677.98,0.57,0,0,0,0,0,0,
"2016-12-01T17:05:00Z","2016-12-01T17:10:00Z",677.98,0.57,0,0,0,0,0,0,
"2016-12-01T17:10:00Z","2016-12-01T17:15:00Z",677.93,0.57,0,0,0,0,0,0,
"2016-12-01T17:15:00Z","2016-12-01T17:20:00Z",677.78,0.57,0,0,0,0,0,0,
"2016-12-01T17:20:00Z","2016-12-01T17:25:00Z",677.99,0.57,0,0,0,0,0,0,
"2016-12-01T17:25:00Z","2016-12-01T17:30:00Z",677.87,0.57,0,0,0,0,0,0,
"2016-12-01T17:30:00Z","2016-12-01T17:35:00Z",677.88,0.57,0,0,0,0,0,0,
"2016-12-01T17:35:00Z","2016-12-01T17:40:00Z",677.90,0.57,0,0,0,0,0,0,
"2016-12-01T17:40:00Z","2016-12-01T17:45:00Z",677.84,0.57,0,0,0,0,0,0,
"2016-12-01T17:45:00Z","2016-12-01T17:50:00Z",677.76,0.57,0,0,0,0,0,0,
"2016-12-01T17:50:00Z","2016-12-01T17:55:00Z",677.75,0.57,0,0,0,0,0,0,
"2016-12-01T17:55:00Z","2016-12-01T18:00:00Z",677.78,0.57,0,0,0,0,0,0,
"2016-12-01T18:00:00Z","2016-12-01T18:05:00Z",677.78,0.57,0,0,0,0,0,0,
"2016-12-01T18:05:00Z","2016-12-01T18:10:00Z",677.83,0.57,0,0,0,0,0,0,
"2016-12-01T18:10:00Z","2016-12-01T18:15:00Z",677.77,0.57,0,0,0,0,0,0,
"2016-12-01T18:15:00Z","2016-12-01T18:20:00Z",677.75,0.57,0,0,0,0,0,0,
"2016-12-01T18:20:00Z","2016-12-01T18:25:00Z",677.75,0.57,0,0,0,0,0,0,
"2016-12-01T18:25:00Z","2016-12-01T18:30:00Z",677.80,0.57,0,0,0,0,0,0,
"2016-12-01T18:30:00Z","2016-12-01T18:35:00Z",677.70,0.57,0,0,0,0,0,0,
"2016-12-01T18:35:00Z","2016-12-01T18:40:00Z",677.75,0.57,0,0,0,0,0,0,
"2016-12-01T18:40:00Z","2016-12-01T18:45:00Z",677.69,0.57,0,0,0,0,0,0,
"2016-12-01T18:45:00Z","2016-12-01T18:50:00Z",677.87,0.57,0,0,0,0,0,0,
"2016-12-01T18:50:00Z","2016-12-01T18:55:00Z",677.72,0.57,0,0,0,0,0,0,
"2016-12-01T18:55:00Z","2016-12-01T19:00:00Z",677.73,0.57,0,0,0,0,0,0,
"2016-12-01T19:00:00Z","2016-12-01T19:05:00Z",677.78,0.57,0,0,0,0,0,0,
"2016-12-01T19:05:00Z","2016-12-01T19:10:00Z",677.68,0.57,0,0,0,0,0,0,
"2016-12-01T19:10:00Z","2016-12-01T19:15:00Z",677.72,0.57,0,0,0,0,0,0,
"2016-12-01T19:15:00Z","2016-12-01T19:20:00Z",677.69,0.57,0,0,0,0,0,0,
"2016-12-01T19:20:00Z","2016-12-01T19:25:00Z",677.58,0.57,0,0,0,0,0,0,
"2016-12-01T19:25:00Z","2016-12-01T19:30:00Z",677.69,0.57,0,0,0,0,0,0,
"2016-12-01T19:30:00Z","2016-12-01T19:35:00Z",677.74,0.57,0,0,0,0,0,0,
"2016-12-01T19:35:00Z","2016-12-01T19:40:00Z",677.67,0.57,0,0,0,0,0,0,
"2016-12-01T19:40:00Z","2016-12-01T19:45:00Z",677.65,0.57,0,0,0,0,0,0,
"2016-12-01T19:45:00Z","2016-12-01T19:50:00Z",677.69,0.57,0,0,0,0,0,0,
"2016-12-01T19:50:00Z","2016-12-01T19:55:00Z",677.64,0.57,0,0,0,0,0,0,
"2016-12-01T19:55:00Z","2016-12-01T20:00:00Z",677.70,0.57,0,0,0,0,0,0,
"2016-12-01T20:00:00Z","2016-12-01T20:05:00Z",677.61,0.57,0,0,0,0,0,0,
"2016-12-01T20:05:00Z","2016-12-01T20:10:00Z",677.56,0.57,0,0,0,0,0,0,
"2016-12-01T20:10:00Z","2016-12-01T20:15:00Z",677.67,0.57,0,0,0,0,0,0,
"2016-12-01T20:15:00Z","2016-12-01T20:20:00Z",677.50,0.57,0,0,0,0,0,0,
"2016-12-01T20:20:00Z","2016-12-01T20:25:00Z",677.56,0.57,0,0,0,0,0,0,
"2016-12-01T20:25:00Z","2016-12-01T20:30:00Z",677.52,0.57,0,0,0,0,0,0,
"2016-12-01T20:30:00Z","2016-12-01T20:35:00Z",677.55,0.57,0,0,0,0,0,0,
"2016-12-01T20:35:00Z","2016-12-01T20:40:00Z",677.64,0.57,0,0,0,0,0,0,
"2016-12-01T20:40:00Z","2016-12-01T20:45:00Z",677.49,0.57,0,0,0,0,0,0,
"2016-12-01T20:45:00Z","2016-12-01T20:50:00Z",677.49,0.57,0,0,0,0,0,0,
"2016-12-01T20:50:00Z","2016-12-01T20:55:00Z",677.59,0.57,0,0,0,0,0,0,
"2016-12-01T20:55:00Z","2016-12-01T21:00:00Z",677.67,0.57,0,0,0,0,0,0,
"2016-12-01T21:00:00Z","2016-12-01T21:05:00Z",677.51,0.57,0,0,0,0,0,0,
"2016-12-01T21:05:00Z","2016-12-01T21:10:00Z",677.52,0.57,0,0,0,0,0,0,
"2016-12-01T21:10:00Z","2016-12-01T21:15:00Z",677.55,0.57,0,0,0,0,0,0,
"2016-12-01T21:15:00Z","2016-12-01T21:20:00Z",677.53,0.57,0,0,0,0,0,0,
"2016-12-01T21:20:00Z","2016-12-01T21:25:00Z",677.52,0.57,0,0,0,0,0,0,
"2016-12-01T21:25:00Z","2016-12-01T21:30:00Z",677.48,0.57,0,0,0,0,0,0,
"2016-12-01T21:30:00Z","2016-12-01T21:35:00Z",677.48,0.57,0,0,0,0,0,0,
"2016-12-01T21:35:00Z","2016-12-01T21:40:00Z",677.47,0.57,0,0,0,0,0,0,
"2016-12-01T21:40:00Z","2016-12-01T21:45:00Z",677.49,0.57,0,0,0,0,0,0,
"2016-12-01T21:45:00Z","2016-12-01T21:50:00Z",677.51,0.57,0,0,0,0,0,0,
"2016-12-01T21:50:00Z","2016-12-01T21:55:00Z",677.42,0.57,0,0,0,0,0,0,
"2016-12-01T21:55:00Z","2016-12-01T22:00:00Z",677.48,0.57,0,0,0,0,0,0,
"2016-12-01T22:00:00Z","2016-12-01T22:05:00Z",677.49,0.57,0,0,0,0,0,0,
"2016-12-01T22:05:00Z","2016-12-01T22:10:00Z",677.43,0.57,0,0,0,0,0,0,
"2016-12-01T22:10:00Z","2016-12-01T22:15:00Z",677.51,0.57,0,0,0,0,0,0,
"2016-12-01T22:15:00Z","2016-12-01T22:20:00Z",677.48,0.57,0,0,0,0,0,0,
"2016-12-01T22:20:00Z","2016-12-01T22:25:00Z",677.47,0.57,0,0,0,0,0,0,
"2016-12-01T22:25:00Z","2016-12-01T22:30:00Z",677.47,0.57,0,0,0,0,0,0,
"2016-12-01T22:30:00Z","2016-12-01T22:35:00Z",677.36,0.57,0,0,0,0,0,0,
"2016-12-01T22:35:00Z","2016-12-01T22:40:00Z",677.44,0.57,0,0,0,0,0,0,
"2016-12-01T22:40:00Z","2016-12-01T22:45:00Z",677.44,0.57,0,0,0,0,0,0,
"2016-12-01T22:45:00Z","2016-12-01T22:50:00Z",677.40,0.57,0,0,0,0,0,0,
"2016-12-01T22:50:00Z","2016-12-01T22:55:00Z",677.52,0.57,0,0,0,0,0,0,
"2016-12-01T22:55:00Z","2016-12-01T23:00:00Z",677.49,0.57,0,0,0,0,0,0,
"2016-12-01T23:00:00Z","2016-12-01T23:05:00Z",677.54,0.57,0,0,0,0,0,0,
"2016-12-01T23:05:00Z","2016-12-01T23:10:00Z",677.40,0.57,0,0,0,0,0,0,
"2016-12-01T23:10:00Z","2016-12-01T23:15:00Z",677.38,0.57,0,0,0,0,0,0,
"2016-12-01T23:15:00Z","2016-12-01T23:20:00Z",677.41,0.57,0,0,0,0,0,0,
"2016-12-01T23:20:00Z","2016-12-01T23:25:00Z",677.50,0.57,0,0,0,0,0,0,
"2016-12-01T23:25:00Z","2016-12-01T23:30:00Z",677.51,0.57,0,0,0,0,0,0,
"2016-12-01T23:30:00Z","2016-12-01T23:35:00Z",677.40,0.57,0,0,0,0,0,0,
"2016-12-01T23:35:00Z","2016-12-01T23:40:00Z",677.45,0.57,0,0,0,0,0,0,
"2016-12-01T23:40:00Z","2016-12-01T23:45:00Z",677.40,0.57,0,0,0,0,0,0,
"2016-12-01T23:45:00Z","2016-12-01T23:50:00Z",677.47,0.57,0,0,0,0,0,0,
"2016-12-01T23:50:00Z","2016-12-01T23:55:00Z",677.41,0.57,0,0,0,0,0,0,
"2016-12-01T23:55:00Z","2016-12-02T00:00:00Z",677.50,0.57,0,0,0,0,0,0,
"2016-12-02T00:00:00Z","2016-12-02T00:05:00Z",677.47,0.57,0,0,0,0,0,0,
"2016-12-02T00:05:00Z","2016-12-02T00:10:00Z",677.46,0.57,0,0,0,0,0,0,
"2016-12-02T00:10:00Z","2016-12-02T00:15:00Z",677.41,0.57,0,0,0,0,0,0,
"2016-12-02T00:15:00Z","2016-12-02T00:20:00Z",677.40,0.57,0,0,0,0,0,0,
"2016-12-02T00:20:00Z","2016-12-02T00:25:00Z",677.53,0.57,0,0,0,0,0,0,
"2016-12-02T00:25:00Z","2016-12-02T00:30:00Z",677.40,0.57,0,0,0,0,0,0,
"2016-12-02T00:30:00Z","2016-12-02T00:35:00Z",677.36,0.57,0,0,0,0,0,0,
"2016-12-02T00:35:00Z","2016-12-02T00:40:00Z",677.45,0.57,0,0,0,0,0,0,
"2016-12-02T00:40:00Z","2016-12-02T00:45:00Z",677.45,0.57,0,0,0,0,0,0,
"2016-12-02T00:45:00Z","2016-12-02T00:50:00Z",677.47,0.57,0,0,0,0,0,0,
"2016-12-02T00:50:00Z","2016-12-02T00:55:00Z",677.50,0.57,0,0,0,0,0,0,
"2016-12-02T00:55:00Z","2016-12-02T01:00:00Z",677.50,0.57,0,0,0,0,0,0,
"2016-12-02T01:00:00Z","2016-12-02T01:05:00Z",677.57,0.57,0,0,0,0,0,0,
"2016-12-02T01:05:00Z","2016-12-02T01:10:00Z",677.45,0.57,0,0,0,0,0,0,
"2016-12-02T01:10:00Z","2016-12-02T01:15:00Z",677.50,0.57,0,0,0,0,0,0,
"2016-12-02T01:15:00Z","2016-12-02T01:20:00Z",677.52,0.57,0,0,0,0,0,0,
"2016-12-02T01:20:00Z","2016-12-02T01:25:00Z",677.50,0.57,0,0,0,0,0,0,
"2016-12-02T01:25:00Z","2016-12-02T01:30:00Z",677.51,0.57,0,0,0,0,0,0,
"2016-12-02T01:30:00Z","2016-12-02T01:35:00Z",677.61,0.57,0,0,0,0,0,0,
"2016-12-02T01:35:00Z","2016-12-02T01:40:00Z",677.56,0.57,0,0,0,0,0,0,
"2016-12-02T01:40:00Z","2016-12-02T01:45:00Z",677.52,0.57,0,0,0,0,0,0,
"2016-12-02T01:45:00Z","2016-12-02T01:50:00Z",677.67,0.57,0,0,0,0,0,0,
"2016-12-02T01:50:00Z","2016-12-02T01:55:00Z",677.60,0.57,0,0,0,0,0,0,
"2016-12-02T01:55:00Z","2016-12-02T02:00:00Z",677.55,0.57,0,0,0,0,0,0,
"2016-12-02T02:00:00Z","2016-12-02T02:05:00Z",677.55,0.57,0,0,0,0,0,0,
"2016-12-02T02:05:00Z","2016-12-02T02:10:00Z",677.58,0.57,0,0,0,0,0,0,
"2016-12-02T02:10:00Z","2016-12-02T02:15:00Z",677.65,0.57,0,0,0,0,0,0,
"2016-12-02T02:15:00Z","2016-12-02T02:20:00Z",677.70,0.57,0,0,0,0,0,0,
"2016-12-02T02:20:00Z","2016-12-02T02:25:00Z",677.53,0.57,0,0,0,0,0,0,
"2016-12-02T02:25:00Z","2016-12-02T02:30:00Z",677.58,0.57,0,0,0,0,0,0,
"2016-12-02T02:30:00Z","2016-12-02T02:35:00Z",677.61,0.57,0,0,0,0,0,0,
"2016-12-02T02:35:00Z","2016-12-02T02:40:00Z",677.54,0.57,0,0,0,0,0,0,
"2016-12-02T02:40:00Z","2016-12-02T02:45:00Z",677.64,0.57,0,0,0,0,0,0,
"2016-12-02T02:45:00Z","2016-12-02T02:50:00Z",677.72,0.57,0,0,0,0,0,0,
"2016-12-02T02:50:00Z","2016-12-02T02:55:00Z",677.71,0.57,0,0,0,0,0,0,
"2016-12-02T02:55:00Z","2016-12-02T03:00:00Z",677.69,0.57,0,0,0,0,0,0,
"2016-12-02T03:00:00Z","2016-12-02T03:05:00Z",677.66,0.57,0,0,0,0,0,0,
"2016-12-02T03:05:00Z","2016-12-02T03:10:00Z",677.60,0.57,0,0,0,0,0,0,
"2016-12-02T03:10:00Z","2016-12-02T03:15:00Z",677.53,0.57,0,0,0,0,0,0,
"2016-12-02T03:15:00Z","2016-12-02T03:20:00Z",677.76,0.57,0,0,0,0,0,0,
"2016-12-02T03:20:00Z","2016-12-02T03:25:00Z",677.72,0.57,0,0,0,0,0,0,
"2016-12-02T03:25:00Z","2016-12-02T03:30:00Z",677.69,0.57,0,0,0,0,0,0,
"2016-12-02T03:30:00Z","2016-12-02T03:35:00Z",677.61,0.57,0,0,0,0,0,0,
"2016-12-02T03:35:00Z","2016-12-02T03:40:00Z",677.57,0.57,0,0,0,0,0,0,
"2016-12-02T03:40:00Z","2016-12-02T03:45:00Z",677.62,0.57,0,0,0,0,0,0,
"2016-12-02T03:45:00Z","2016-12-02T03:50:00Z",677.69,0.57,0,0,0,0,0,0,
"2016-12-02T03:50:00Z","2016-12-02T03:55:00Z",677.64,0.57,0,0,0,0,0,0,
"2016-12-02T03:55:00Z","2016-12-02T04:00:00Z",677.82,0.57,0,0,0,0,0,0,
"2016-12-02T04:00:00Z","2016-12-02T04:05:00Z",677.68,0.57,0,0,0,0,0,0,
"2016-12-02T04:05:00Z","2016-12-02T04:10:00Z",677.69,0.57,0,0,0,0,0,0,
"2016-12-02T04:10:00Z","2016-12-02T04:15:00Z",677.71,0.57,0,0,0,0,0,0,
"2016-12-02T04:15:00Z","2016-12-02T04:20:00Z",677.75,0.57,0,0,0,0,0,0,
"2016-12-02T04:20:00Z","2016-12-02T04:25:00Z",677.67,0.57,0,0,0,0,0,0,
"2016-12-02T04:25:00Z","2016-12-02T04:30:00Z",677.80,0.57,0,0,0,0,0,0,
"2016-12-02T04:30:00Z","2016-12-02T04:35:00Z",677.67,0.57,0,0,0,0,0,0,
"2016-12-02T04:35:00Z","2016-12-02T04:40:00Z",677.74,0.57,0,0,0,0,0,0,
"2016-12-02T04:40:00Z","2016-12-02T04:45:00Z",677.70,0.57,0,0,0,0,0,0,
"2016-12-02T04:45:00Z","2016-12-02T04:50:00Z",677.68,0.57,0,0,0,0,0,0,
"2016-12-02T04:50:00Z","2016-12-02T04:55:00Z",677.72,0.57,0,0,0,0,0,0,
"2016-12-02T04:55:00Z","2016-12-02T05:00:00Z",677.73,0.57,0,0,0,0,0,0,
"2016-12-02T05:00:00Z","2016-12-02T05:05:00Z",677.69,0.57,0,0,0,0,0,0,
"2016-12-02T05:05:00Z","2016-12-02T05:10:00Z",677.82,0.57,0,0,0,0,0,0,
"2016-12-02T05:10:00Z","2016-12-02T05:15:00Z",677.85,0.57,0,0,0,0,0,0,
"2016-12-02T05:15:00Z","2016-12-02T05:20:00Z",677.78,0.57,0,0,0,0,0,0,
"2016-12-02T05:20:00Z","2016-12-02T05:25:00Z",677.77,0.57,0,0,0,0,0,0,
"2016-12-02T05:25:00Z","2016-12-02T05:30:00Z",677.74,0.57,0,0,0,0,0,0,
"2016-12-02T05:30:00Z","2016-12-02T05:35:00Z",677.91,0.57,0,0,0,0,0,0,
"2016-12-02T05:35:00Z","2016-12-02T05:40:00Z",677.73,0.57,0,0,0,0,0,0,
"2016-12-02T05:40:00Z","2016-12-02T05:45:00Z",677.90,0.57,0,0,0,0,0,0,
"2016-12-02T05:45:00Z","2016-12-02T05:50:00Z",677.66,0.57,0,0,0,0,0,0,
"2016-12-02T05:50:00Z","2016-12-02T05:55:00Z",677.77,0.57,0,0,0,0,0,0,
"2016-12-02T05:55:00Z","2016-12-02T06:00:00Z",677.74,0.57,0,0,0,0,0,0,
"2016-12-02T06:00:00Z","2016-12-02T06:05:00Z",677.81,0.57,0,0,0,0,0,0,
"2016-12-02T06:05:00Z","2016-12-02T06:10:00Z",677.72,0.57,0,0,0,0,0,0,
"2016-12-02T06:10:00Z","2016-12-02T06:15:00Z",677.82,0.57,0,0,0,0,0,0,
"2016-12-02T06:15:00Z","2016-12-02T06:20:00Z",677.72,0.57,0,0,0,0,0,0,
"2016-12-02T06:20:00Z","2016-12-02T06:25:00Z",677.88,0.57,0,0,0,0,0,0,
"2016-12-02T06:25:00Z","2016-12-02T06:30:00Z",677.75,0.57,0,0,0,0,0,0,
"2016-12-02T06:30:00Z","2016-12-02T06:35:00Z",677.79,0.57,0,0,0,0,0,0,
"2016-12-02T06:35:00Z","2016-12-02T06:40:00Z",677.86,0.57,0,0,0,0,0,0,
"2016-12-02T06:40:00Z","2016-12-02T06:45:00Z",677.82,0.57,0,0,0,0,0,0,
"2016-12-02T06:45:00Z","2016-12-02T06:50:00Z",677.75,0.57,0,0,0,0,0,0,
"2016-12-02T06:50:00Z","2016-12-02T06:55:00Z",677.86,0.57,0,0,0,0,0,0,
"2016-12-02T06:55:00Z","2016-12-02T07:00:00Z",677.77,0.57,0,0,0,0,0,0,
"2016-12-02T07:00:00Z","2016-12-02T07:05:00Z",677.77,0.57,0,0,0,0,0,0,
"2016-12-02T07:05:00Z","2016-12-02T07:10:00Z",677.79,0.57,0,0,0,0,0,0,
"2016-12-02T07:10:00Z","2016-12-02T07:15:00Z",677.87,0.57,0,0,0,0,0,0,
"2016-12-02T07:15:00Z","2016-12-02T07:20:00Z",677.71,0.57,0,0,0,0,0,0,
"2016-12-02T07:20:00Z","2016-12-02T07:25:00Z",677.78,0.57,0,0,0,0,0,0,
"2016-12-02T07:25:00Z","2016-12-02T07:30:00Z",677.81,0.57,0,0,0,0,0,0,
"2016-12-02T07:30:00Z","2016-12-02T07:35:00Z",677.77,0.57,0,0,0,0,0,0,
"2016-12-02T07:35:00Z","2016-12-02T07:40:00Z",677.75,0.57,0,0,0,0,0,0,
"2016-12-02T07:40:00Z","2016-12-02T07:45:00Z",677.87,0.57,0,0,0,0,0,0,
"2016-12-02T07:45:00Z","2016-12-02T07:50:00Z",677.81,0.57,0,0,0,0,0,0,
"2016-12-02T07:50:00Z","2016-12-02T07:55:00Z",677.75,0.57,0,0,0,0,0,0,
"2016-12-02T07:55:00Z","2016-12-02T08:00:00Z",677.86,0.57,0,0,0,0,0,0,
"2016-12-02T08:00:00Z","2016-12-02T08:05:00Z",677.78,0.57,0,0,0,0,0,0,
"2016-12-02T08:05:00Z","2016-12-02T08:10:00Z",677.78,0.57,0,0,0,0,0,0,
"2016-12-02T08:10:00Z","2016-12-02T08:15:00Z",677.79,0.57,0,0,0,0,0,0,
"2016-12-02T08:15:00Z","2016-12-02T08:20:00Z",677.78,0.57,0,0,0,0,0,0,
"2016-12-02T08:20:00Z","2016-12-02T08:25:00Z",677.76,0.57,0,0,0,0,0,0,
"2016-12-02T08:25:00Z","2016-12-02T08:30:00Z",677.85,0.57,0,0,0,0,0,0,
"2016-12-02T08:30:00Z","2016-12-02T08:35:00Z",677.92,0.57,0,0,0,0,0,0,
"2016-12-02T08:35:00Z","2016-12-02T08:40:00Z",677.83,0.57,0,0,0,0,0,0,
"2016-12-02T08:40:00Z","2016-12-02T08:45:00Z",677.83,0.57,0,0,0,0,0,0,
"2016-12-02T08:45:00Z","2016-12-02T08:50:00Z",677.84,0.57,0,0,0,0,0,0,
"2016-12-02T08:50:00Z","2016-12-02T08:55:00Z",677.74,0.57,0,0,0,0,0,0,
"2016-12-02T08:55:00Z","2016-12-02T09:00:00Z",677.90,0.57,0,0,0,0,0,0,
"2016-12-02T09:00:00Z","2016-12-02T09:05:00Z",677.89,0.57,0,0,0,0,0,0,
"2016-12-02T09:05:00Z","2016-12-02T09:10:00Z",677.86,0.57,0,0,0,0,0,0,
"2016-12-02T09:10:00Z","2016-12-02T09:15:00Z",677.86,0.57,0,0,0,0,0,0,
"2016-12-02T09:15:00Z","2016-12-02T09:20:00Z",677.83,0.57,0,0,0,0,0,0,
"2016-12-02T09:20:00Z","2016-12-02T09:25:00Z",677.83,0.57,0,0,0,0,0,0,
"2016-12-02T09:25:00Z","2016-12-02T09:30:00Z",677.81,0.57,0,0,0,0,0,0,
"2016-12-02T09:30:00Z","2016-12-02T09:35:00Z",677.74,0.57,0,0,0,0,0,0,
"2016-12-02T09:35:00Z","2016-12-02T09:40:00Z",677.96,0.57,0,0,0,0,0,0,
"2016-12-02T09:40:00Z","2016-12-02T09:45:00Z",677.82,0.57,0,0,0,0,0,0,
"2016-12-02T09:45:00Z","2016-12-02T09:50:00Z",677.97,0.57,0,0,0,0,0,0,
"2016-12-02T09:50:00Z","2016-12-02T09:55:00Z",677.99,0.57,0,0,0,0,0,0,
"2016-12-02T09:55:00Z","2016-12-02T10:00:00Z",677.86,0.57,0,0,0,0,0,0,
"2016-12-02T10:00:00Z","2016-12-02T10:05:00Z",677.88,0.57,0,0,0,0,0,0,
"2016-12-02T10:05:00Z","2016-12-02T10:10:00Z",677.84,0.57,0,0,0,0,0,0,
"2016-12-02T10:10:00Z","2016-12-02T10:15:00Z",677.79,0.57,0,0,0,0,0,0,
"2016-12-02T10:15:00Z","2016-12-02T10:20:00Z",677.84,0.57,0,0,0,0,0,0,
"2016-12-02T10:20:00Z","2016-12-02T10:25:00Z",677.89,0.57,0,0,0,0,0,0,
"2016-12-02T10:25:00Z","2016-12-02T10:30:00Z",677.93,0.57,0,0,0,0,0,0,
"2016-12-02T10:30:00Z","2016-12-02T10:35:00Z",677.80,0.57,0,0,0,0,0,0,
"2016-12-02T10:35:00Z","2016-12-02T10:40:00Z",677.90,0.57,0,0,0,0,0,0,
"2016-12-02T10:40:00Z","2016-12-02T10:45:00Z",677.83,0.57,0,0,0,0,0,0,
"2016-12-02T10:45:00Z","2016-12-02T10:50:00Z",677.89,0.57,0,0,0,0,0,0,
"2016-12-02T10:50:00Z","2016-12-02T10:55:00Z",677.93,0.57,0,0,0,0,0,0,
"2016-12-02T10:55:00Z","2016-12-02T11:00:00Z",677.84,0.57,0,0,0,0,0,0,
"2016-12-02T11:00:00Z","2016-12-02T11:05:00Z",677.79,0.57,0,0,0,0,0,0,
"2016-12-02T11:05:00Z","2016-12-02T11:10:00Z",677.92,0.57,0,0,0,0,0,0,
"2016-12-02T11:10:00Z","2016-12-02T11:15:00Z",677.93,0.57,0,0,0,0,0,0,
"2016-12-02T11:15:00Z","2016-12-02T11:20:00Z",677.89,0.57,0,0,0,0,0,0,
"2016-12-02T11:20:00Z","2016-12-02T11:25:00Z",677.77,0.57,0,0,0,0,0,0,
"2016-12-02T11:25:00Z","2016-12-02T11:30:00Z",677.97,0.57,0,0,0,0,0,0,
"2016-12-02T11:30:00Z","2016-12-02T11:35:00Z",677.96,0.57,0,0,0,0,0,0,
"2016-12-02T11:35:00Z","2016-12-02T11:40:00Z",678.01,0.57,0,0,0,0,0,0,
"2016-12-02T11:40:00Z","2016-12-02T11:45:00Z",677.98,0.57,0,0,0,0,0,0,
"2016-12-02T11:45:00Z","2016-12-02T11:50:00Z",677.92,0.57,0,0,0,0,0,0,
"2016-12-02T11:50:00Z","2016-12-02T11:55:00Z",677.88,0.57,0,0,0,0,0,0,
"2016-12-02T11:55:00Z","2016-12-02T12:00:00Z",677.97,0.57,0,0,0,0,0,0,
"2016-12-02T12:00:00Z","2016-12-02T12:05:00Z",677.87,0.57,0,0,0,0,0,0,
"2016-12-02T12:05:00Z","2016-12-02T12:10:00Z",677.93,0.57,0,0,0,0,0,0,
"2016-12-02T12:10:00Z","2016-12-02T12:15:00Z",677.93,0.57,0,0,0,0,0,0,
"2016-12-02T12:15:00Z","2016-12-02T12:20:00Z",677.89,0.57,0,0,0,0,0,0,
"2016-12-02T12:20:00Z","2016-12-02T12:25:00Z",678.02,0.57,0,0,0,0,0,0,
"2016-12-02T12:25:00Z","2016-12-02T12:30:00Z",677.83,0.57,0,0,0,0,0,0,
"2016-12-02T12:30:00Z","2016-12-02T12:35:00Z",677.83,0.57,0,0,0,0,0,0,
"2016-12-02T12:35:00Z","2016-12-02T12:40:00Z",677.87,0.57,0,0,0,0,0,0,
"2016-12-02T12:40:00Z","2016-12-02T12:45:00Z",677.86,0.57,0,0,0,0,0,0,
"2016-12-02T12:45:00Z","2016-12-02T12:50:00Z",677.95,0.57,0,0,0,0,0,0,
"2016-12-02T12:50:00Z","2016-12-02T12:55:00Z",677.95,0.57,0,0,0,0,0,0,
"2016-12-02T12:55:00Z","2016-12-02T13:00:00Z",677.85,0.57,0,0,0,0,0,0,
"2016-12-02T13:00:00Z","2016-12-02T13:05:00Z",677.89,0.57,0,0,0,0,0,0,
"2016-12-02T13:05:00Z","2016-12-02T13:10:00Z",677.92,0.57,0,0,0,0,0,0,
"2016-12-02T13:10:00Z","2016-12-02T13:15:00Z",678.00,0.57,0,0,0,0,0,0,
"2016-12-02T13:15:00Z","2016-12-02T13:20:00Z",677.91,0.57,0,0,0,0,0,0,
"2016-12-02T13:20:00Z","2016-12-02T13:25:00Z",678.03,0.57,0,0,0,0,0,0,
"2016-12-02T13:25:00Z","2016-12-02T13:30:00Z",678.05,0.57,0,0,0,0,0,0,
"2016-12-02T13:30:00Z","2016-12-02T13:35:00Z",677.91,0.57,0,0,0,0,0,0,
"2016-12-02T13:35:00Z","2016-12-02T13:40:00Z",677.96,0.57,0,0,0,0,0,0,
"2016-12-02T13:40:00Z","2016-12-02T13:45:00Z",678.01,0.57,0,0,0,0,0,0,
"2016-12-02T13:45:00Z","2016-12-02T13:50:00Z",677.95,0.57,0,0,0,0,0,0,
"2016-12-02T13:50:00Z","2016-12-02T13:55:00Z",677.86,0.57,0,0,0,0,0,0,
"2016-12-02T13:55:00Z","2016-12-02T14:00:00Z",678.00,0.57,0,0,0,0,0,0,
"2016-12-02T14:00:00Z","2016-12-02T14:05:00Z",677.96,0.57,0,0,0,0,0,0,
"2016-12-02T14:05:00Z","2016-12-02T14:10:00Z",677.91,0.57,0,0,0,0,0,0,
"2016-12-02T14:10:00Z","2016-12-02T14:15:00Z",677.96,0.57,0,0,0,0,0,0,
"2016-12-02T14:15:00Z","2016-12-02T14:20:00Z",678.03,0.57,0,0,0,0,0,0,
"2016-12-02T14:20:00Z","2016-12-02T14:25:00Z",678.05,0.57,0,0,0,0,0,0,
"2016-12-02T14:25:00Z","2016-12-02T14:30:00Z",677.99,0.57,0,0,0,0,0,0,
"2016-12-02T14:30:00Z","2016-12-02T14:35:00Z",677.94,0.57,0,0,0,0,0,0,
"2016-12-02T14:35:00Z","2016-12-02T14:40:00Z",677.97,0.57,0,0,0,0,0,0,
"2016-12-02T14:40:00Z","2016-12-02T14:45:00Z",677.94,0.57,0,0,0,0,0,0,
"2016-12-02T14:45:00Z","2016-12-02T14:50:00Z",677.99,0.57,0,0,0,0,0,0,
"2016-12-02T14:50:00Z","2016-12-02T14:55:00Z",677.95,0.57,0,0,0,0,0,0,
"2016-12-02T14:55:00Z","2016-12-02T15:00:00Z",677.91,0.57,0,0,0,0,0,0,
"2016-12-02T15:00:00Z","2016-12-02T15:05:00Z",677.97,0.57,0,0,0,0,0,0,
"2016-12-02T15:05:00Z","2016-12-02T15:10:00Z",677.96,0.57,0,0,0,0,0,0,
"2016-12-02T15:10:00Z","2016-12-02T15:15:00Z",678.02,0.57,0,0,0,0,0,0,
"2016-12-02T15:15:00Z","2016-12-02T15:20:00Z",678.01,0.57,0,0,0,0,0,0,
"2016-12-02T15:20:00Z","2016-12-02T15:25:00Z",678.02,0.57,0,0,0,0,0,0,
"2016-12-02T15:25:00Z","2016-12-02T15:30:00Z",678.00,0.57,0,0,0,0,0,0,
"2016-12-02T15:30:00Z","2016-12-02T15:35:00Z",677.94,0.57,0,0,0,0,0,0,
"2016-12-02T15:35:00Z","2016-12-02T15:40:00Z",677.87,0.57,0,0,0,0,0,0,
"2016-12-02T15:40:00Z","2016-12-02T15:45:00Z",677.92,0.57,0,0,0,0,0,0,
"2016-12-02T15:45:00Z","2016-12-02T15:50:00Z",677.95,0.57,0,0,0,0,0,0,
"2016-12-02T15:50:00Z","2016-12-02T15:55:00Z",677.91,0.57,0,0,0,0,0,0,
"2016-12-02T15:55:00Z","2016-12-02T16:00:00Z",678.04,0.57,0,0,0,0,0,0,
"2016-12-02T16:00:00Z","2016-12-02T16:05:00Z",677.85,0.57,0,0,0,0,0,0,
"2016-12-02T16:05:00Z","2016-12-02T16:10:00Z",677.89,0.57,0,0,0,0,0,0,
"2016-12-02T16:10:00Z","2016-12-02T16:15:00Z",677.89,0.57,0,0,0,0,0,0,
"2016-12-02T16:15:00Z","2016-12-02T16:20:00Z",678.06,0.57,0,0,0,0,0,0,
"2016-12-02T16:20:00Z","2016-12-02T16:25:00Z",677.92,0.57,0,0,0,0,0,0,
"2016-12-02T16:25:00Z","2016-12-02T16:30:00Z",677.99,0.57,0,0,0,0,0,0,
"2016-12-02T16:30:00Z","2016-12-02T16:35:00Z",678.00,0.57,0,0,0,0,0,0,
"2016-12-02T16:35:00Z","2016-12-02T16:40:00Z",677.91,0.57,0,0,0,0,0,0,
"2016-12-02T16:40:00Z","2016-12-02T16:45:00Z",677.97,0.57,0,0,0,0,0,0,
"2016-12-02T16:45:00Z","2016-12-02T16:50:00Z",677.88,0.57,0,0,0,0,0,0,
"2016-12-02T16:50:00Z","2016-12-02T16:55:00Z",677.79,0.57,0,0,0,0,0,0,
"2016-12-02T16:55:00Z","2016-12-02T17:00:00Z",677.83,0.57,0,0,0,0,0,0,
"2016-12-02T17:00:00Z","2016-12-02T17:05:00Z",677.88,0.57,0,0,0,0,0,0,
"2016-12-02T17:05:00Z","2016-12-02T17:10:00Z",677.84,0.57,0,0,0,0,0,0,
"2016-12-02T17:10:00Z","2016-12-02T17:15:00Z",677.85,0.57,0,0,0,0,0,0,
"2016-12-02T17:15:00Z","2016-12-02T17:20:00Z",677.91,0.57,0,0,0,0,0,0,
"2016-12-02T17:20:00Z","2016-12-02T17:25:00Z",677.75,0.57,0,0,0,0,0,0,
"2016-12-02T17:25:00Z","2016-12-02T17:30:00Z",677.85,0.57,0,0,0,0,0,0,
"2016-12-02T17:30:00Z","2016-12-02T17:35:00Z",677.78,0.57,0,0,0,0,0,0,
"2016-12-02T17:35:00Z","2016-12-02T17:40:00Z",677.76,0.57,0,0,0,0,0,0,
"2016-12-02T17:40:00Z","2016-12-02T17:45:00Z",677.68,0.57,0,0,0,0,0,0,
"2016-12-02T17:45:00Z","2016-12-02T17:50:00Z",677.83,0.57,0,0,0,0,0,0,
"2016-12-02T17:50:00Z","2016-12-02T17:55:00Z",677.73,0.57,0,0,0,0,0,0,
"2016-12-02T17:55:00Z","2016-12-02T18:00:00Z",677.77,0.57,0,0,0,0,0,0,
"2016-12-02T18:00:00Z","2016-12-02T18:05:00Z",677.70,0.57,0,0,0,0,0,0,
"2016-12-02T18:05:00Z","2016-12-02T18:10:00Z",677.67,0.57,0,0,0,0,0,0,
"2016-12-02T18:10:00Z","2016-12-02T18:15:00Z",677.63,0.57,0,0,0,0,0,0,
"2016-12-02T18:15:00Z","2016-12-02T18:20:00Z",677.76,0.57,0,0,0,0,0,0,
"2016-12-02T18:20:00Z","2016-12-02T18:25:00Z",677.66,0.57,0,0,0,0,0,0,
"2016-12-02T18:25:00Z","2016-12-02T18:30:00Z",677.71,0.57,0,0,0,0,0,0,
"2016-12-02T18:30:00Z","2016-12-02T18:35:00Z",677.59,0.57,0,0,0,0,0,0,
"2016-12-02T18:35:00Z","2016-12-02T18:40:00Z",677.73,0.57,0,0,0,0,0,0,
"2016-12-02T18:40:00Z","2016-12-02T18:45:00Z",677.57,0.57,0,0,0,0,0,0,
"2016-12-02T18:45:00Z","2016-12-02T18:50:00Z",677.75,0.57,0,0,0,0,0,0,
"2016-12-02T18:50:00Z","2016-12-02T18:55:00Z",677.52,0.57,0,0,0,0,0,0,
"2016-12-02T18:55:00Z","2016-12-02T19:00:00Z",677.47,0.57,0,0,0,0,0,0,
"2016-12-02T19:00:00Z","2016-12-02T19:05:00Z",677.51,0.57,0,0,0,0,0,0,
"2016-12-02T19:05:00Z","2016-12-02T19:10:00Z",677.59,0.57,0,0,0,0,0,0,
"2016-12-02T19:10:00Z","2016-12-02T19:15:00Z",677.49,0.57,0,0,0,0,0,0,
"2016-12-02T19:15:00Z","2016-12-02T19:20:00Z",677.52,0.57,0,0,0,0,0,0,
"2016-12-02T19:20:00Z","2016-12-02T19:25:00Z",677.44,0.57,0,0,0,0,0,0,
"2016-12-02T19:25:00Z","2016-12-02T19:30:00Z",677.49,0.57,0,0,0,0,0,0,
"2016-12-02T19:30:00Z","2016-12-02T19:35:00Z",677.46,0.57,0,0,0,0,0,0,
"2016-12-02T19:35:00Z","2016-12-02T19:40:00Z",677.35,0.57,0,0,0,0,0,0,
"2016-12-02T19:40:00Z","2016-12-02T19:45:00Z",677.54,0.57,0,0,0,0,0,0,
"2016-12-02T19:45:00Z","2016-12-02T19:50:00Z",677.48,0.57,0,0,0,0,0,0,
"2016-12-02T19:50:00Z","2016-12-02T19:55:00Z",677.45,0.57,0,0,0,0,0,0,
"2016-12-02T19:55:00Z","2016-12-02T20:00:00Z",677.54,0.57,0,0,0,0,0,0,
"2016-12-02T20:00:00Z","2016-12-02T20:05:00Z",677.32,0.57,0,0,0,0,0,0,
"2016-12-02T20:05:00Z","2016-12-02T20:10:00Z",677.39,0.57,0,0,0,0,0,0,
"2016-12-02T20:10:00Z","2016-12-02T20:15:00Z",677.46,0.57,0,0,0,0,0,0,
"2016-12-02T20:15:00Z","2016-12-02T20:20:00Z",677.52,0.57,0,0,0,0,0,0,
"2016-12-02T20:20:00Z","2016-12-02T20:25:00Z",677.32,0.57,0,0,0,0,0,0,
"2016-12-02T20:25:00Z","2016-12-02T20:30:00Z",677.34,0.57,0,0,0,0,0,0,
"2016-12-02T20:30:00Z","2016-12-02T20:35:00Z",677.42,0.57,0,0,0,0,0,0,
"2016-12-02T20:35:00Z","2016-12-02T20:40:00Z",677.31,0.57,0,0,0,0,0,0,
"2016-12-02T20:40:00Z","2016-12-02T20:45:00Z",677.29,0.57,0,0,0,0,0,0,
"2016-12-02T20:45:00Z","2016-12-02T20:50:00Z",677.21,0.57,0,0,0,0,0,0,
"2016-12-02T20:50:00Z","2016-12-02T20:55:00Z",677.25,0.57,0,0,0,0,0,0,
"2016-12-02T20:55:00Z","2016-12-02T21:00:00Z",677.33,0.57,0,0,0,0,0,0,
"2016-12-02T21:00:00Z","2016-12-02T21:05:00Z",677.20,0.57,0,0,0,0,0,0,
"2016-12-02T21:05:00Z","2016-12-02T21:10:00Z",677.16,0.57,0,0,0,0,0,0,
"2016-12-02T21:10:00Z","2016-12-02T21:15:00Z",677.18,0.57,0,0,0,0,0,0,
"2016-12-02T21:15:00Z","2016-12-02T21:20:00Z",677.20,0.57,0,0,0,0,0,0,
"2016-12-02T21:20:00Z","2016-12-02T21:25:00Z",677.20,0.57,0,0,0,0,0,0,
"2016-12-02T21:25:00Z","2016-12-02T21:30:00Z",677.20,0.57,0,0,0,0,0,0,
"2016-12-02T21:30:00Z","2016-12-02T21:35:00Z",677.12,0.57,0,0,0,0,0,0,
"2016-12-02T21:35:00Z","2016-12-02T21:40:00Z",677.12,0.57,0,0,0,0,0,0,
"2016-12-02T21:40:00Z","2016-12-02T21:45:00Z",677.17,0.57,0,0,0,0,0,0,
"2016-12-02T21:45:00Z","2016-12-02T21:50:00Z",677.23,0.57,0,0,0,0,0,0,
"2016-12-02T21:50:00Z","2016-12-02T21:55:00Z",677.13,0.57,0,0,0,0,0,0,
"2016-12-02T21:55:00Z","2016-12-02T22:00:00Z",677.23,0.57,0,0,0,0,0,0,
"2016-12-02T22:00:00Z","2016-12-02T22:05:00Z",677.18,0.57,0,0,0,0,0,0,
"2016-12-02T22:05:00Z","2016-12-02T22:10:00Z",677.19,0.57,0,0,0,0,0,0,
"2016-12-02T22:10:00Z","2016-12-02T22:15:00Z",677.12,0.57,0,0,0,0,0,0,
"2016-12-02T22:15:00Z","2016-12-02T22:20:00Z",677.13,0.57,0,0,0,0,0,0,
"2016-12-02T22:20:00Z","2016-12-02T22:25:00Z",677.11,0.57,0,0,0,0,0,0,
"2016-12-02T22:25:00Z","2016-12-02T22:30:00Z",677.19,0.57,0,0,0,0,0,0,
"2016-12-02T22:30:00Z","2016-12-02T22:35:00Z",677.24,0.57,0,0,0,0,0,0,
"2016-12-02T22:35:00Z","2016-12-02T22:40:00Z",677.16,0.57,0,0,0,0,0,0,
"2016-12-02T22:40:00Z","2016-12-02T22:45:00Z",677.16,0.57,0,0,0,0,0,0,
"2016-12-02T22:45:00Z","2016-12-02T22:50:00Z",677.08,0.57,0,0,0,0,0,0,
"2016-12-02T22:50:00Z","2016-12-02T22:55:00Z",677.10,0.57,0,0,0,0,0,0,
"2016-12-02T22:55:00Z","2016-12-02T23:00:00Z",677.11,0.57,0,0,0,0,0,0,
"2016-12-02T23:00:00Z","2016-12-02T23:05:00Z",677.05,0.57,0,0,0,0,0,0,
"2016-12-02T23:05:00Z","2016-12-02T23:10:00Z",677.04,0.57,0,0,0,0,0,0,
"2016-12-02T23:10:00Z","2016-12-02T23:15:00Z",677.13,0.57,0,0,0,0,0,0,
"2016-12-02T23:15:00Z","2016-12-02T23:20:00Z",677.20,0.57,0,0,0,0,0,0,
"2016-12-02T23:20:00Z","2016-12-02T23:25:00Z",677.14,0.57,0,0,0,0,0,0,
"2016-12-02T23:25:00Z","2016-12-02T23:30:00Z",677.10,0.57,0,0,0,0,0,0,
"2016-12-02T23:30:00Z","2016-12-02T23:35:00Z",677.12,0.57,0,0,0,0,0,0,
"2016-12-02T23:35:00Z","2016-12-02T23:40:00Z",677.04,0.57,0,0,0,0,0,0,
"2016-12-02T23:40:00Z","2016-12-02T23:45:00Z",677.11,0.57,0,0,0,0,0,0,
"2016-12-02T23:45:00Z","2016-12-02T23:50:00Z",677.11,0.57,0,0,0,0,0,0,
"2016-12-02T23:50:00Z","2016-12-02T23:55:00Z",677.19,0.57,0,0,0,0,0,0,
"2016-12-02T23:55:00Z","2016-12-03T00:00:00Z",677.11,0.57,0,0,0,0,0,0,
"2016-12-03T00:00:00Z","2016-12-03T00:05:00Z",677.18,0.57,0,0,0,0,0,0,
"2016-12-03T00:05:00Z","2016-12-03T00:10:00Z",677.10,0.57,0,0,0,0,0,0,
"2016-12-03T00:10:00Z","2016-12-03T00:15:00Z",677.09,0.57,0,0,0,0,0,0,
"2016-12-03T00:15:00Z","2016-12-03T00:20:00Z",677.26,0.57,0,0,0,0,0,0,
"2016-12-03T00:20:00Z","2016-12-03T00:25:00Z",677.11,0.57,0,0,0,0,0,0,
"2016-12-03T00:25:00Z","2016-12-03T00:30:00Z",677.10,0.57,0,0,0,0,0,0,
"2016-12-03T00:30:00Z","2016-12-03T00:35:00Z",677.16,0.57,0,0,0,0,0,0,
"2016-12-03T00:35:00Z","2016-12-03T00:40:00Z",677.16,0.57,0,0,0,0,0,0,
"2016-12-03T00:40:00Z","2016-12-03T00:45:00Z",677.21,0.57,0,0,0,0,0,0,
"2016-12-03T00:45:00Z","2016-12-03T00:50:00Z",677.28,0.57,0,0,0,0,0,0,
"2016-12-03T00:50:00Z","2016-12-03T00:55:00Z",677.11,0.57,0,0,0,0,0,0,
"2016-12-03T00:55:00Z","2016-12-03T01:00:00Z",677.20,0.57,0,0,0,0,0,0,
"2016-12-03T01:00:00Z","2016-12-03T01:05:00Z",677.22,0.57,0,0,0,0,0,0,
"2016-12-03T01:05:00Z","2016-12-03T01:10:00Z",677.29,0.57,0,0,0,0,0,0,
"2016-12-03T01:10:00Z","2016-12-03T01:15:00Z",677.20,0.57,0,0,0,0,0,0,
"2016-12-03T01:15:00Z","2016-12-03T01:20:00Z",677.22,0.57,0,0,0,0,0,0,
"2016-12-03T01:20:00Z","2016-12-03T01:25:00Z",677.23,0.57,0,0,0,0,0,0,
"2016-12-03T01:25:00Z","2016-12-03T01:30:00Z",677.17,0.57,0,0,0,0,0,0,
"2016-12-03T01:30:00Z","2016-12-03T01:35:00Z",677.27,0.57,0,0,0,0,0,0,
"2016-12-03T01:35:00Z","2016-12-03T01:40:00Z",677.29,0.57,0,0,0,0,0,0,
"2016-12-03T01:40:00Z","2016-12-03T01:45:00Z",677.30,0.57,0,0,0,0,0,0,
"2016-12-03T01:45:00Z","2016-12-03T01:50:00Z",677.22,0.57,0,0,0,0,0,0,
"2016-12-03T01:50:00Z","2016-12-03T01:55:00Z",677.17,0.57,0,0,0,0,0,0,
"2016-12-03T01:55:00Z","2016-12-03T02:00:00Z",677.18,0.57,0,0,0,0,0,0,
"2016-12-03T02:00:00Z","2016-12-03T02:05:00Z",677.24,0.57,0,0,0,0,0,0,
"2016-12-03T02:05:00Z","2016-12-03T02:10:00Z",677.28,0.57,0,0,0,0,0,0,
"2016-12-03T02:10:00Z","2016-12-03T02:15:00Z",677.31,0.57,0,0,0,0,0,0,
"2016-12-03T02:15:00Z","2016-12-03T02:20:00Z",677.30,0.57,0,0,0,0,0,0,
"2016-12-03T02:20:00Z","2016-12-03T02:25:00Z",677.26,0.57,0,0,0,0,0,0,
"2016-12-03T02:25:00Z","2016-12-03T02:30:00Z",677.33,0.57,0,0,0,0,0,0,
"2016-12-03T02:30:00Z","2016-12-03T02:35:00Z",677.28,0.57,0,0,0,0,0,0,
"2016-12-03T02:35:00Z","2016-12-03T02:40:00Z",677.42,0.57,0,0,0,0,0,0,
"2016-12-03T02:40:00Z","2016-12-03T02:45:00Z",677.39,0.57,0,0,0,0,0,0,
"2016-12-03T02:45:00Z","2016-12-03T02:50:00Z",677.28,0.57,0,0,0,0,0,0,
"2016-12-03T02:50:00Z","2016-12-03T02:55:00Z",677.39,0.57,0,0,0,0,0,0,
"2016-12-03T02:55:00Z","2016-12-03T03:00:00Z",677.32,0.57,0,0,0,0,0,0,
"2016-12-03T03:00:00Z","2016-12-03T03:05:00Z",677.37,0.57,0,0,0,0,0,0,
"2016-12-03T03:05:00Z","2016-12-03T03:10:00Z",677.31,0.57,0,0,0,0,0,0,
"2016-12-03T03:10:00Z","2016-12-03T03:15:00Z",677.24,0.57,0,0,0,0,0,0,
"2016-12-03T03:15:00Z","2016-12-03T03:20:00Z",677.32,0.57,0,0,0,0,0,0,
"2016-12-03T03:20:00Z","2016-12-03T03:25:00Z",677.30,0.57,0,0,0,0,0,0,
"2016-12-03T03:25:00Z","2016-12-03T03:30:00Z",677.42,0.57,0,0,0,0,0,0,
"2016-12-03T03:30:00Z","2016-12-03T03:35:00Z",677.24,0.57,0,0,0,0,0,0,
"2016-12-03T03:35:00Z","2016-12-03T03:40:00Z",677.42,0.57,0,0,0,0,0,0,
"2016-12-03T03:40:00Z","2016-12-03T03:45:00Z",677.38,0.57,0,0,0,0,0,0,
"2016-12-03T03:45:00Z","2016-12-03T03:50:00Z",677.30,0.57,0,0,0,0,0,0,
"2016-12-03T03:50:00Z","2016-12-03T03:55:00Z",677.52,0.57,0,0,0,0,0,0,
"2016-12-03T03:55:00Z","2016-12-03T04:00:00Z",677.39,0.57,0,0,0,0,0,0,
"2016-12-03T04:00:00Z","2016-12-03T04:05:00Z",677.41,0.57,0,0,0,0,0,0,
"2016-12-03T04:05:00Z","2016-12-03T04:10:00Z",677.30,0.57,0,0,0,0,0,0,
"2016-12-03T04:10:00Z","2016-12-03T04:15:00Z",677.41,0.57,0,0,0,0,0,0,
"2016-12-03T04:15:00Z","2016-12-03T04:20:00Z",677.37,0.57,0,0,0,0,0,0,
"2016-12-03T04:20:00Z","2016-12-03T04:25:00Z",677.42,0.57,0,0,0,0,0,0,
"2016-12-03T04:25:00Z","2016-12-03T04:30:00Z",677.41,0.57,0,0,0,0,0,0,
"2016-12-03T04:30:00Z","2016-12-03T04:35:00Z",677.44,0.57,0,0,0,0,0,0,
"2016-12-03T04:35:00Z","2016-12-03T04:40:00Z",677.38,0.57,0,0,0,0,0,0,
"2016-12-03T04:40:00Z","2016-12-03T04:45:00Z",677.32,0.57,0,0,0,0,0,0,
"2016-12-03T04:45:00Z","2016-12-03T04:50:00Z",677.42,0.57,0,0,0,0,0,0,
"2016-12-03T04:50:00Z","2016-12-03T04:55:00Z",677.36,0.57,0,0,0,0,0,0,
"2016-12-03T04:55:00Z","2016-12-03T05:00:00Z",677.44,0.57,0,0,0,0,0,0,
"2016-12-03T05:00:00Z","2016-12-03T05:05:00Z",677.44,0.57,0,0,0,0,0,0,
"2016-12-03T05:05:00Z","2016-12-03T05:10:00Z",677.48,0.57,0,0,0,0,0,0,
"2016-12-03T05:10:00Z","2016-12-03T05:15:00Z",677.40,0.57,0,0,0,0,0,0,
"2016-12-03T05:15:00Z","2016-12-03T05:20:00Z",677.38,0.57,0,0,0,0,0,0,
"2016-12-03T05:20:00Z","2016-12-03T05:25:00Z",677.37,0.57,0,0,0,0,0,0,
"2016-12-03T05:25:00Z","2016-12-03T05:30:00Z",677.42,0.57,0,0,0,0,0,0,
"2016-12-03T05:30:00Z","2016-12-03T05:35:00Z",677.36,0.57,0,0,0,0,0,0,
"2016-12-03T05:35:00Z","2016-12-03T05:40:00Z",677.39,0.57,0,0,0,0,0,0,
"2016-12-03T05:40:00Z","2016-12-03T05:45:00Z",677.39,0.57,0,0,0,0,0,0,
"2016-12-03T05:45:00Z","2016-12-03T05:50:00Z",677.53,0.57,0,0,0,0,0,0,
"2016-12-03T05:50:00Z","2016-12-03T05:55:00Z",677.31,0.57,0,0,0,0,0,0,
"2016-12-03T05:55:00Z","2016-12-03T06:00:00Z",677.42,0.57,0,0,0,0,0,0,
"2016-12-03T06:00:00Z","2016-12-03T06:05:00Z",677.38,0.57,0,0,0,0,0,0,
"2016-12-03T06:05:00Z","2016-12-03T06:10:00Z",677.47,0.57,0,0,0,0,0,0,
"2016-12-03T06:10:00Z","2016-12-03T06:15:00Z",677.50,0.57,0,0,0,0,0,0,
"2016-12-03T06:15:00Z","2016-12-03T06:20:00Z",677.43,0.57,0,0,0,0,0,0,
"2016-12-03T06:20:00Z","2016-12-03T06:25:00Z",677.52,0.57,0,0,0,0,0,0,
"2016-12-03T06:25:00Z","2016-12-03T06:30:00Z",677.44,0.57,0,0,0,0,0,0,
"2016-12-03T06:30:00Z","2016-12-03T06:35:00Z",677.41,0.57,0,0,0,0,0,0,
"2016-12-03T06:35:00Z","2016-12-03T06:40:00Z",677.44,0.57,0,0,0,0,0,0,
"2016-12-03T06:40:00Z","2016-12-03T06:45:00Z",677.46,0.57,0,0,0,0,0,0,
"2016-12-03T06:45:00Z","2016-12-03T06:50:00Z",677.50,0.57,0,0,0,0,0,0,
"2016-12-03T06:50:00Z","2016-12-03T06:55:00Z",677.43,0.57,0,0,0,0,0,0,
"2016-12-03T06:55:00Z","2016-12-03T07:00:00Z",677.51,0.57,0,0,0,0,0,0,
"2016-12-03T07:00:00Z","2016-12-03T07:05:00Z",677.45,0.57,0,0,0,0,0,0,
"2016-12-03T07:05:00Z","2016-12-03T07:10:00Z",677.50,0.57,0,0,0,0,0,0,
"2016-12-03T07:10:00Z","2016-12-03T07:15:00Z",677.43,0.57,0,0,0,0,0,0,
"2016-12-03T07:15:00Z","2016-12-03T07:20:00Z",677.40,0.57,0,0,0,0,0,0,
"2016-12-03T07:20:00Z","2016-12-03T07:25:00Z",677.47,0.57,0,0,0,0,0,0,
"2016-12-03T07:25:00Z","2016-12-03T07:30:00Z",677.54,0.57,0,0,0,0,0,0,
"2016-12-03T07:30:00Z","2016-12-03T07:35:00Z",677.44,0.57,0,0,0,0,0,0,
"2016-12-03T07:35:00Z","2016-12-03T07:40:00Z",677.52,0.57,0,0,0,0,0,0,
"2016-12-03T07:40:00Z","2016-12-03T07:45:00Z",677.53,0.57,0,0,0,0,0,0,
"2016-12-03T07:45:00Z","2016-12-03T07:50:00Z",677.45,0.57,0,0,0,0,0,0,
"2016-12-03T07:50:00Z","2016-12-03T07:55:00Z",677.42,0.57,0,0,0,0,0,0,
"2016-12-03T07:55:00Z","2016-12-03T08:00:00Z",677.50,0.57,0,0,0,0,0,0,
"2016-12-03T08:00:00Z","2016-12-03T08:05:00Z",677.44,0.57,0,0,0,0,0,0,
"2016-12-03T08:05:00Z","2016-12-03T08:10:00Z",677.43,0.57,0,0,0,0,0,0,
"2016-12-03T08:10:00Z","2016-12-03T08:15:00Z",677.36,0.57,0,0,0,0,0,0,
"2016-12-03T08:15:00Z","2016-12-03T08:20:00Z",677.48,0.57,0,0,0,0,0,0,
"2016-12-03T08:20:00Z","2016-12-03T08:25:00Z",677.40,0.57,0,0,0,0,0,0,
"2016-12-03T08:25:00Z","2016-12-03T08:30:00Z",677.43,0.57,0,0,0,0,0,0,
"2016-12-03T08:30:00Z","2016-12-03T08:35:00Z",677.43,0.57,0,0,0,0,0,0,
"2016-12-03T08:35:00Z","2016-12-03T08:40:00Z",677.41,0.57,0,0,0,0,0,0,
"2016-12-03T08:40:00Z","2016-12-03T08:45:00Z",677.46,0.57,0,0,0,0,0,0,
"2016-12-03T08:45:00Z","2016-12-03T08:50:00Z",677.46,0.57,0,0,0,0,0,0,
"2016-12-03T08:50:00Z","2016-12-03T08:55:00Z",677.33,0.57,0,0,0,0,0,0,
"2016-12-03T08:55:00Z","2016-12-03T09:00:00Z",677.46,0.57,0,0,0,0,0,0,
"2016-12-03T09:00:00Z","2016-12-03T09:05:00Z",677.55,0.57,0,0,0,0,0,0,
"2016-12-03T09:05:00Z","2016-12-03T09:10:00Z",677.43,0.57,0,0,0,0,0,0,
"2016-12-03T09:10:00Z","2016-12-03T09:15:00Z",677.53,0.57,0,0,0,0,0,0,
"2016-12-03T09:15:00Z","2016-12-03T09:20:00Z",677.45,0.57,0,0,0,0,0,0,
"2016-12-03T09:20:00Z","2016-12-03T09:25:00Z",677.52,0.57,0,0,0,0,0,0,
"2016-12-03T09:25:00Z","2016-12-03T09:30:00Z",677.42,0.57,0,0,0,0,0,0,
"2016-12-03T09:30:00Z","2016-12-03T09:35:00Z",677.51,0.57,0,0,0,0,0,0,
"2016-12-03T09:35:00Z","2016-12-03T09:40:00Z",677.45,0.57,0,0,0,0,0,0,
"2016-12-03T09:40:00Z","2016-12-03T09:45:00Z",677.45,0.57,0,0,0,0,0,0,
"2016-12-03T09:45:00Z","2016-12-03T09:50:00Z",677.47,0.57,0,0,0,0,0,0,
"2016-12-03T09:50:00Z","2016-12-03T09:55:00Z",677.49,0.57,0,0,0,0,0,0,
"2016-12-03T09:55:00Z","2016-12-03T10:00:00Z",677.45,0.57,0,0,0,0,0,0,
"2016-12-03T10:00:00Z","2016-12-03T10:05:00Z",677.48,0.57,0,0,0,0,0,0,
"2016-12-03T10:05:00Z","2016-12-03T10:10:00Z",677.58,0.57,0,0,0,0,0,0,
"2016-12-03T10:10:00Z","2016-12-03T10:15:00Z",677.51,0.57,0,0,0,0,0,0,
"2016-12-03T10:15:00Z","2016-12-03T10:20:00Z",677.46,0.57,0,0,0,0,0,0,
"2016-12-03T10:20:00Z","2016-12-03T10:25:00Z",677.56,0.57,0,0,0,0,0,0,
"2016-12-03T10:25:00Z","2016-12-03T10:30:00Z",677.46,0.57,0,0,0,0,0,0,
"2016-12-03T10:30:00Z","2016-12-03T10:35:00Z",677.44,0.57,0,0,0,0,0,0,
"2016-12-03T10:35:00Z","2016-12-03T10:40:00Z",677.58,0.57,0,0,0,0,0,0,
"2016-12-03T10:40:00Z","2016-12-03T10:45:00Z",677.44,0.57,0,0,0,0,0,0,
"2016-12-03T10:45:00Z","2016-12-03T10:50:00Z",677.50,0.57,0,0,0,0,0,0,
"2016-12-03T10:50:00Z","2016-12-03T10:55:00Z",677.53,0.57,0,0,0,0,0,0,
"2016-12-03T10:55:00Z","2016-12-03T11:00:00Z",677.43,0.57,0,0,0,0,0,0,
"2016-12-03T11:00:00Z","2016-12-03T11:05:00Z",677.49,0.57,0,0,0,0,0,0,
"2016-12-03T11:05:00Z","2016-12-03T11:10:00Z",677.36,0.57,0,0,0,0,0,0,
"2016-12-03T11:10:00Z","2016-12-03T11:15:00Z",677.37,0.57,0,0,0,0,0,0,
"2016-12-03T11:15:00Z","2016-12-03T11:20:00Z",677.50,0.57,0,0,0,0,0,0,
"2016-12-03T11:20:00Z","2016-12-03T11:25:00Z",677.43,0.57,0,0,0,0,0,0,
"2016-12-03T11:25:00Z","2016-12-03T11:30:00Z",677.49,0.57,0,0,0,0,0,0,
"2016-12-03T11:30:00Z","2016-12-03T11:35:00Z",677.58,0.57,0,0,0,0,0,0,
"2016-12-03T11:35:00Z","2016-12-03T11:40:00Z",677.43,0.57,0,0,0,0,0,0,
"2016-12-03T11:40:00Z","2016-12-03T11:45:00Z",677.37,0.57,0,0,0,0,0,0,
"2016-12-03T11:45:00Z","2016-12-03T11:50:00Z",677.50,0.57,0,0,0,0,0,0,
"2016-12-03T11:50:00Z","2016-12-03T11:55:00Z",677.52,0.57,0,0,0,0,0,0,
"2016-12-03T11:55:00Z","2016-12-03T12:00:00Z",677.46,0.57,0,0,0,0,0,0,
"2016-12-03T12:00:00Z","2016-12-03T12:05:00Z",677.45,0.57,0,0,0,0,0,0,
"2016-12-03T12:05:00Z","2016-12-03T12:10:00Z",677.55,0.57,0,0,0,0,0,0,
"2016-12-03T12:10:00Z","2016-12-03T12:15:00Z",677.50,0.57,0,0,0,0,0,0,
"2016-12-03T12:15:00Z","2016-12-03T12:20:00Z",677.52,0.57,0,0,0,0,0,0,
"2016-12-03T12:20:00Z","2016-12-03T12:25:00Z",677.49,0.57,0,0,0,0,0,0,
"2016-12-03T12:25:00Z","2016-12-03T12:30:00Z",677.46,0.57,0,0,0,0,0,0,
"2016-12-03T12:30:00Z","2016-12-03T12:35:00Z",677.43,0.57,0,0,0,0,0,0,
"2016-12-03T12:35:00Z","2016-12-03T12:40:00Z",677.55,0.57,0,0,0,0,0,0,
"2016-12-03T12:40:00Z","2016-12-03T12:45:00Z",677.52,0.57,0,0,0,0,0,0,
"2016-12-03T12:45:00Z","2016-12-03T12:50:00Z",677.46,0.57,0,0,0,0,0,0,
"2016-12-03T12:50:00Z","2016-12-03T12:55:00Z",677.44,0.57,0,0,0,0,0,0,
"2016-12-03T12:55:00Z","2016-12-03T13:00:00Z",677.54,0.57,0,0,0,0,0,0,
"2016-12-03T13:00:00Z","2016-12-03T13:05:00Z",677.36,0.57,0,0,0,0,0,0,
"2016-12-03T13:05:00Z","2016-12-03T13:10:00Z",677.45,0.57,0,0,0,0,0,0,
"2016-12-03T13:10:00Z","2016-12-03T13:15:00Z",677.46,0.57,0,0,0,0,0,0,
"2016-12-03T13:15:00Z","2016-12-03T13:20:00Z",677.43,0.57,0,0,0,0,0,0,
"2016-12-03T13:20:00Z","2016-12-03T13:25:00Z",677.52,0.57,0,0,0,0,0,0,
"2016-12-03T13:25:00Z","2016-12-03T13:30:00Z",677.46,0.57,0,0,0,0,0,0,
"2016-12-03T13:30:00Z","2016-12-03T13:35:00Z",677.45,0.57,0,0,0,0,0,0,
"2016-12-03T13:35:00Z","2016-12-03T13:40:00Z",677.29,0.57,0,0,0,0,0,0,
"2016-12-03T13:40:00Z","2016-12-03T13:45:00Z",677.36,0.57,0,0,0,0,0,0,
"2016-12-03T13:45:00Z","2016-12-03T13:50:00Z",677.29,0.57,0,0,0,0,0,0,
"2016-12-03T13:50:00Z","2016-12-03T13:55:00Z",677.41,0.57,0,0,0,0,0,0,
"2016-12-03T13:55:00Z","2016-12-03T14:00:00Z",677.45,0.57,0,0,0,0,0,0,
"2016-12-03T14:00:00Z","2016-12-03T14:05:00Z",677.36,0.57,0,0,0,0,0,0,
"2016-12-03T14:05:00Z","2016-12-03T14:10:00Z",677.49,0.57,0,0,0,0,0,0,
"2016-12-03T14:10:00Z","2016-12-03T14:15:00Z",677.46,0.57,0,0,0,0,0,0,
"2016-12-03T14:15:00Z","2016-12-03T14:20:00Z",677.34,0.57,0,0,0,0,0,0,
"2016-12-03T14:20:00Z","2016-12-03T14:25:00Z",677.42,0.57,0,0,0,0,0,0,
"2016-12-03T14:25:00Z","2016-12-03T14:30:00Z",677.46,0.57,0,0,0,0,0,0,
"2016-12-03T14:30:00Z","2016-12-03T14:35:00Z",677.54,0.57,0,0,0,0,0,0,
"2016-12-03T14:35:00Z","2016-12-03T14:40:00Z",677.46,0.57,0,0,0,0,0,0,
"2016-12-03T14:40:00Z","2016-12-03T14:45:00Z",677.47,0.57,0,0,0,0,0,0,
"2016-12-03T14:45:00Z","2016-12-03T14:50:00Z",677.44,0.57,0,0,0,0,0,0,
"2016-12-03T14:50:00Z","2016-12-03T14:55:00Z",677.35,0.57,0,0,0,0,0,0,
"2016-12-03T14:55:00Z","2016-12-03T15:00:00Z",677.37,0.57,0,0,0,0,0,0,
"2016-12-03T15:00:00Z","2016-12-03T15:05:00Z",677.35,0.57,0,0,0,0,0,0,
"2016-12-03T15:05:00Z","2016-12-03T15:10:00Z",677.33,0.57,0,0,0,0,0,0,
"2016-12-03T15:10:00Z","2016-12-03T15:15:00Z",677.28,0.57,0,0,0,0,0,0,
"2016-12-03T15:15:00Z","2016-12-03T15:20:00Z",677.44,0.57,0,0,0,0,0,0,
"2016-12-03T15:20:00Z","2016-12-03T15:25:00Z",677.40,0.57,0,0,0,0,0,0,
"2016-12-03T15:25:00Z","2016-12-03T15:30:00Z",677.36,0.57,0,0,0,0,0,0,
"2016-12-03T15:30:00Z","2016-12-03T15:35:00Z",677.25,0.57,0,0,0,0,0,0,
"2016-12-03T15:35:00Z","2016-12-03T15:40:00Z",677.31,0.57,0,0,0,0,0,0,
"2016-12-03T15:40:00Z","2016-12-03T15:45:00Z",677.49,0.57,0,0,0,0,0,0,
"2016-12-03T15:45:00Z","2016-12-03T15:50:00Z",677.44,0.57,0,0,0,0,0,0,
"2016-12-03T15:50:00Z","2016-12-03T15:55:00Z",677.42,0.57,0,0,0,0,0,0,
"2016-12-03T15:55:00Z","2016-12-03T16:00:00Z",677.42,0.57,0,0,0,0,0,0,
"2016-12-03T16:00:00Z","2016-12-03T16:05:00Z",677.38,0.57,0,0,0,0,0,0,
"2016-12-03T16:05:00Z","2016-12-03T16:10:00Z",677.38,0.57,0,0,0,0,0,0,
"2016-12-03T16:10:00Z","2016-12-03T16:15:00Z",677.42,0.57,0,0,0,0,0,0,
"2016-12-03T16:15:00Z","2016-12-03T16:20:00Z",677.31,0.57,0,0,0,0,0,0,
"2016-12-03T16:20:00Z","2016-12-03T16:25:00Z",677.35,0.57,0,0,0,0,0,0,
"2016-12-03T16:25:00Z","2016-12-03T16:30:00Z",677.36,0.57,0,0,0,0,0,0,
"2016-12-03T16:30:00Z","2016-12-03T16:35:00Z",677.31,0.57,0,0,0,0,0,0,
"2016-12-03T16:35:00Z","2016-12-03T16:40:00Z",677.30,0.57,0,0,0,0,0,0,
"2016-12-03T16:40:00Z","2016-12-03T16:45:00Z",677.33,0.57,0,0,0,0,0,0,
"2016-12-03T16:45:00Z","2016-12-03T16:50:00Z",677.30,0.57,0,0,0,0,0,0,
"2016-12-03T16:50:00Z","2016-12-03T16:55:00Z",677.34,0.57,0,0,0,0,0,0,
"2016-12-03T16:55:00Z","2016-12-03T17:00:00Z",677.31,0.57,0,0,0,0,0,0,
"2016-12-03T17:00:00Z","2016-12-03T17:05:00Z",677.27,0.57,0,0,0,0,0,0,
"2016-12-03T17:05:00Z","2016-12-03T17:10:00Z",677.41,0.57,0,0,0,0,0,0,
"2016-12-03T17:10:00Z","2016-12-03T17:15:00Z",677.29,0.57,0,0,0,0,0,0,
"2016-12-03T17:15:00Z","2016-12-03T17:20:00Z",677.34,0.57,0,0,0,0,0,0,
"2016-12-03T17:20:00Z","2016-12-03T17:25:00Z",677.29,0.57,0,0,0,0,0,0,
"2016-12-03T17:25:00Z","2016-12-03T17:30:00Z",677.30,0.57,0,0,0,0,0,0,
"2016-12-03T17:30:00Z","2016-12-03T17:35:00Z",677.26,0.57,0,0,0,0,0,0,
"2016-12-03T17:35:00Z","2016-12-03T17:40:00Z",677.22,0.57,0,0,0,0,0,0,
"2016-12-03T17:40:00Z","2016-12-03T17:45:00Z",677.30,0.57,0,0,0,0,0,0,
"2016-12-03T17:45:00Z","2016-12-03T17:50:00Z",677.20,0.57,0,0,0,0,0,0,
"2016-12-03T17:50:00Z","2016-12-03T17:55:00Z",677.31,0.57,0,0,0,0,0,0,
"2016-12-03T17:55:00Z","2016-12-03T18:00:00Z",677.25,0.57,0,0,0,0,0,0,
"2016-12-03T18:00:00Z","2016-12-03T18:05:00Z",677.26,0.57,0,0,0,0,0,0,
"2016-12-03T18:05:00Z","2016-12-03T18:10:00Z",677.38,0.57,0,0,0,0,0,0,
"2016-12-03T18:10:00Z","2016-12-03T18:15:00Z",677.18,0.57,0,0,0,0,0,0,
"2016-12-03T18:15:00Z","2016-12-03T18:20:00Z",677.17,0.57,0,0,0,0,0,0,
"2016-12-03T18:20:00Z","2016-12-03T18:25:00Z",677.30,0.57,0,0,0,0,0,0,
"2016-12-03T18:25:00Z","2016-12-03T18:30:00Z",677.23,0.57,0,0,0,0,0,0,
"2016-12-03T18:30:00Z","2016-12-03T18:35:00Z",677.19,0.57,0,0,0,0,0,0,
"2016-12-03T18:35:00Z","2016-12-03T18:40:00Z",677.16,0.57,0,0,0,0,0,0,
"2016-12-03T18:40:00Z","2016-12-03T18:45:00Z",677.15,0.57,0,0,0,0,0,0,
"2016-12-03T18:45:00Z","2016-12-03T18:50:00Z",677.20,0.57,0,0,0,0,0,0,
"2016-12-03T18:50:00Z","2016-12-03T18:55:00Z",677.24,0.57,0,0,0,0,0,0,
"2016-12-03T18:55:00Z","2016-12-03T19:00:00Z",677.23,0.57,0,0,0,0,0,0,
"2016-12-03T19:00:00Z","2016-12-03T19:05:00Z",677.21,0.57,0,0,0,0,0,0,
"2016-12-03T19:05:00Z","2016-12-03T19:10:00Z",677.11,0.57,0,0,0,0,0,0,
"2016-12-03T19:10:00Z","2016-12-03T19:15:00Z",677.22,0.57,0,0,0,0,0,0,
"2016-12-03T19:15:00Z","2016-12-03T19:20:00Z",677.24,0.57,0,0,0,0,0,0,
"2016-12-03T19:20:00Z","2016-12-03T19:25:00Z",677.22,0.57,0,0,0,0,0,0,
"2016-12-03T19:25:00Z","2016-12-03T19:30:00Z",677.10,0.57,0,0,0,0,0,0,
"2016-12-03T19:30:00Z","2016-12-03T19:35:00Z",677.08,0.57,0,0,0,0,0,0,
"2016-12-03T19:35:00Z","2016-12-03T19:40:00Z",677.15,0.57,0,0,0,0,0,0,
"2016-12-03T19:40:00Z","2016-12-03T19:45:00Z",677.13,0.57,0,0,0,0,0,0,
"2016-12-03T19:45:00Z","2016-12-03T19:50:00Z",677.19,0.57,0,0,0,0,0,0,
"2016-12-03T19:50:00Z","2016-12-03T19:55:00Z",677.21,0.57,0,0,0,0,0,0,
"2016-12-03T19:55:00Z","2016-12-03T20:00:00Z",677.19,0.57,0,0,0,0,0,0,
"2016-12-03T20:00:00Z","2016-12-03T20:05:00Z",677.18,0.57,0,0,0,0,0,0,
"2016-12-03T20:05:00Z","2016-12-03T20:10:00Z",677.07,0.57,0,0,0,0,0,0,
"2016-12-03T20:10:00Z","2016-12-03T20:15:00Z",677.10,0.57,0,0,0,0,0,0,
"2016-12-03T20:15:00Z","2016-12-03T20:20:00Z",677.09,0.57,0,0,0,0,0,0,
"2016-12-03T20:20:00Z","2016-12-03T20:25:00Z",677.23,0.57,0,0,0,0,0,0,
"2016-12-03T20:25:00Z","2016-12-03T20:30:00Z",677.25,0.57,0,0,0,0,0,0,
"2016-12-03T20:30:00Z","2016-12-03T20:35:00Z",677.06,0.57,0,0,0,0,0,0,
"2016-12-03T20:35:00Z","2016-12-03T20:40:00Z",677.13,0.57,0,0,0,0,0,0,
"2016-12-03T20:40:00Z","2016-12-03T20:45:00Z",677.01,0.57,0,0,0,0,0,0,
"2016-12-03T20:45:00Z","2016-12-03T20:50:00Z",677.13,0.57,0,0,0,0,0,0,
"2016-12-03T20:50:00Z","2016-12-03T20:55:00Z",677.04,0.57,0,0,0,0,0,0,
"2016-12-03T20:55:00Z","2016-12-03T21:00:00Z",677.11,0.57,0,0,0,0,0,0,
"2016-12-03T21:00:00Z","2016-12-03T21:05:00Z",677.06,0.57,0,0,0,0,0,0,
"2016-12-03T21:05:00Z","2016-12-03T21:10:00Z",677.15,0.57,0,0,0,0,0,0,
"2016-12-03T21:10:00Z","2016-12-03T21:15:00Z",677.06,0.57,0,0,0,0,0,0,
"2016-12-03T21:15:00Z","2016-12-03T21:20:00Z",677.06,0.57,0,0,0,0,0,0,
"2016-12-03T21:20:00Z","2016-12-03T21:25:00Z",677.13,0.57,0,0,0,0,0,0,
"2016-12-03T21:25:00Z","2016-12-03T21:30:00Z",676.93,0.57,0,0,0,0,0,0,
"2016-12-03T21:30:00Z","2016-12-03T21:35:00Z",677.03,0.57,0,0,0,0,0,0,
"2016-12-03T21:35:00Z","2016-12-03T21:40:00Z",677.00,0.57,0,0,0,0,0,0,
"2016-12-03T21:40:00Z","2016-12-03T21:45:00Z",677.07,0.57,0,0,0,0,0,0,
"2016-12-03T21:45:00Z","2016-12-03T21:50:00Z",677.02,0.57,0,0,0,0,0,0,
"2016-12-03T21:50:00Z","2016-12-03T21:55:00Z",676.97,0.57,0,0,0,0,0,0,
"2016-12-03T21:55:00Z","2016-12-03T22:00:00Z",677.01,0.57,0,0,0,0,0,0,
"2016-12-03T22:00:00Z","2016-12-03T22:05:00Z",676.92,0.57,0,0,0,0,0,0,
"2016-12-03T22:05:00Z","2016-12-03T22:10:00Z",677.05,0.57,0,0,0,0,0,0,
"2016-12-03T22:10:00Z","2016-12-03T22:15:00Z",677.01,0.57,0,0,0,0,0,0,
"2016-12-03T22:15:00Z","2016-12-03T22:20:00Z",676.94,0.57,0,0,0,0,0,0,
"2016-12-03T22:20:00Z","2016-12-03T22:25:00Z",676.93,0.57,0,0,0,0,0,0,
"2016-12-03T22:25:00Z","2016-12-03T22:30:00Z",677.11,0.57,0,0,0,0,0,0,
"2016-12-03T22:30:00Z","2016-12-03T22:35:00Z",676.93,0.57,0,0,0,0,0,0,
"2016-12-03T22:35:00Z","2016-12-03T22:40:00Z",677.00,0.57,0,0,0,0,0,0,
"2016-12-03T22:40:00Z","2016-12-03T22:45:00Z",677.10,0.57,0,0,0,0,0,0,
"2016-12-03T22:45:00Z","2016-12-03T22:50:00Z",676.88,0.57,0,0,0,0,0,0,
"2016-12-03T22:50:00Z","2016-12-03T22:55:00Z",677.07,0.57,0,0,0,0,0,0,
"2016-12-03T22:55:00Z","2016-12-03T23:00:00Z",677.10,0.57,0,0,0,0,0,0,
"2016-12-03T23:00:00Z","2016-12-03T23:05:00Z",676.90,0.57,0,0,0,0,0,0,
"2016-12-03T23:05:00Z","2016-12-03T23:10:00Z",677.03,0.57,0,0,0,0,0,0,
"2016-12-03T23:10:00Z","2016-12-03T23:15:00Z",676.96,0.57,0,0,0,0,0,0,
"2016-12-03T23:15:00Z","2016-12-03T23:20:00Z",676.92,0.57,0,0,0,0,0,0,
"2016-12-03T23:20:00Z","2016-12-03T23:25:00Z",676.92,0.57,0,0,0,0,0,0,
"2016-12-03T23:25:00Z","2016-12-03T23:30:00Z",677.08,0.57,0,0,0,0,0,0,
"2016-12-03T23:30:00Z","2016-12-03T23:35:00Z",676.91,0.57,0,0,0,0,0,0,
"2016-12-03T23:35:00Z","2016-12-03T23:40:00Z",676.95,0.57,0,0,0,0,0,0,
"2016-12-03T23:40:00Z","2016-12-03T23:45:00Z",676.96,0.57,0,0,0,0,0,0,
"2016-12-03T23:45:00Z","2016-12-03T23:50:00Z",677.02,0.57,0,0,0,0,0,0,
"2016-12-03T23:50:00Z","2016-12-03T23:55:00Z",676.97,0.57,0,0,0,0,0,0,
"2016-12-03T23:55:00Z","2016-12-04T00:00:00Z",677.05,0.57,0,0,0,0,0,0,
"2016-12-04T00:00:00Z","2016-12-04T00:05:00Z",676.89,0.57,0,0,0,0,0,0,
"2016-12-04T00:05:00Z","2016-12-04T00:10:00Z",676.89,0.57,0,0,0,0,0,0,
"2016-12-04T00:10:00Z","2016-12-04T00:15:00Z",676.94,0.57,0,0,0,0,0,0,
"2016-12-04T00:15:00Z","2016-12-04T00:20:00Z",676.87,0.57,0,0,0,0,0,0,
"2016-12-04T00:20:00Z","2016-12-04T00:25:00Z",676.96,0.57,0,0,0,0,0,0,
"2016-12-04T00:25:00Z","2016-12-04T00:30:00Z",676.94,0.57,0,0,0,0,0,0,
"2016-12-04T00:30:00Z","2016-12-04T00:35:00Z",676.98,0.57,0,0,0,0,0,0,
"2016-12-04T00:35:00Z","2016-12-04T00:40:00Z",676.92,0.57,0,0,0,0,0,0,
"2016-12-04T00:40:00Z","2016-12-04T00:45:00Z",677.04,0.57,0,0,0,0,0,0,
"2016-12-04T00:45:00Z","2016-12-04T00:50:00Z",676.93,0.57,0,0,0,0,0,0,
"2016-12-04T00:50:00Z","2016-12-04T00:55:00Z",676.99,0.57,0,0,0,0,0,0,
"2016-12-04T00:55:00Z","2016-12-04T01:00:00Z",677.00,0.57,0,0,0,0,0,0,
"2016-12-04T01:00:00Z","2016-12-04T01:05:00Z",677.11,0.57,0,0,0,0,0,0,
"2016-12-04T01:05:00Z","2016-12-04T01:10:00Z",677.03,0.57,0,0,0,0,0,0,
"2016-12-04T01:10:00Z","2016-12-04T01:15:00Z",676.94,0.57,0,0,0,0,0,0,
"2016-12-04T01:15:00Z","2016-12-04T01:20:00Z",676.95,0.57,0,0,0,0,0,0,
"2016-12-04T01:20:00Z","2016-12-04T01:25:00Z",677.05,0.57,0,0,0,0,0,0,
"2016-12-04T01:25:00Z","2016-12-04T01:30:00Z",676.92,0.57,0,0,0,0,0,0,
"2016-12-04T01:30:00Z","2016-12-04T01:35:00Z",676.88,0.57,0,0,0,0,0,0,
"2016-12-04T01:35:00Z","2016-12-04T01:40:00Z",676.92,0.57,0,0,0,0,0,0,
"2016-12-04T01:40:00Z","2016-12-04T01:45:00Z",676.87,0.57,0,0,0,0,0,0,
"2016-12-04T01:45:00Z","2016-12-04T01:50:00Z",676.98,0.57,0,0,0,0,0,0,
"2016-12-04T01:50:00Z","2016-12-04T01:55:00Z",677.05,0.57,0,0,0,0,0,0,
"2016-12-04T01:55:00Z","2016-12-04T02:00:00Z",676.93,0.57,0,0,0,0,0,0,
"2016-12-04T02:00:00Z","2016-12-04T02:05:00Z",676.97,0.57,0,0,0,0,0,0,
"2016-12-04T02:05:00Z","2016-12-04T02:10:00Z",677.00,0.57,0,0,0,0,0,0,
"2016-12-04T02:10:00Z","2016-12-04T02:15:00Z",676.88,0.57,0,0,0,0,0,0,
"2016-12-04T02:15:00Z","2016-12-04T02:20:00Z",676.97,0.57,0,0,0,0,0,0,
"2016-12-04T02:20:00Z","2016-12-04T02:25:00Z",677.02,0.57,0,0,0,0,0,0,
"2016-12-04T02:25:00Z","2016-12-04T02:30:00Z",676.96,0.57,0,0,0,0,0,0,
"2016-12-04T02:30:00Z","2016-12-04T02:35:00Z",676.98,0.57,0,0,0,0,0,0,
"2016-12-04T02:35:00Z","2016-12-04T02:40:00Z",676.87,0.57,0,0,0,0,0,0,
"2016-12-04T02:40:00Z","2016-12-04T02:45:00Z",676.94,0.57,0,0,0,0,0,0,
"2016-12-04T02:45:00Z","2016-12-04T02:50:00Z",676.88,0.57,0,0,0,0,0,0,
"2016-12-04T02:50:00Z","2016-12-04T02:55:00Z",677.05,0.57,0,0,0,0,0,0,
"2016-12-04T02:55:00Z","2016-12-04T03:00:00Z",676.94,0.57,0,0,0,0,0,0,
"2016-12-04T03:00:00Z","2016-12-04T03:05:00Z",676.92,0.57,0,0,0,0,0,0,
"2016-12-04T03:05:00Z","2016-12-04T03:10:00Z",676.98,0.57,0,0,0,0,0,0,
"2016-12-04T03:10:00Z","2016-12-04T03:15:00Z",677.02,0.57,0,0,0,0,0,0,
"2016-12-04T03:15:00Z","2016-12-04T03:20:00Z",676.93,0.57,0,0,0,0,0,0,
"2016-12-04T03:20:00Z","2016-12-04T03:25:00Z",676.86,0.57,0,0,0,0,0,0,
"2016-12-04T03:25:00Z","2016-12-04T03:30:00Z",677.09,0.57,0,0,0,0,0,0,
"2016-12-04T03:30:00Z","2016-12-04T03:35:00Z",677.02,0.57,0,0,0,0,0,0,
"2016-12-04T03:35:00Z","2016-12-04T03:40:00Z",677.03,0.57,0,0,0,0,0,0,
"2016-12-04T03:40:00Z","2016-12-04T03:45:00Z",676.87,0.57,0,0,0,0,0,0,
"2016-12-04T03:45:00Z","2016-12-04T03:50:00Z",676.95,0.57,0,0,0,0,0,0,
"2016-12-04T03:50:00Z","2016-12-04T03:55:00Z",676.88,0.57,0,0,0,0,0,0,
"2016-12-04T03:55:00Z","2016-12-04T04:00:00Z",676.97,0.57,0,0,0,0,0,0,
"2016-12-04T04:00:00Z","2016-12-04T04:05:00Z",676.94,0.57,0,0,0,0,0,0,
"2016-12-04T04:05:00Z","2016-12-04T04:10:00Z",676.96,0.57,0,0,0,0,0,0,
"2016-12-04T04:10:00Z","2016-12-04T04:15:00Z",676.92,0.57,0,0,0,0,0,0,
"2016-12-04T04:15:00Z","2016-12-04T04:20:00Z",676.94,0.57,0,0,0,0,0,0,
"2016-12-04T04:20:00Z","2016-12-04T04:25:00Z",676.94,0.57,0,0,0,0,0,0,
"2016-12-04T04:25:00Z","2016-12-04T04:30:00Z",677.02,0.57,0,0,0,0,0,0,
"2016-12-04T04:30:00Z","2016-12-04T04:35:00Z",676.89,0.57,0,0,0,0,0,0,
"2016-12-04T04:35:00Z","2016-12-04T04:40:00Z",676.91,0.57,0,0,0,0,0,0,
"2016-12-04T04:40:00Z","2016-12-04T04:45:00Z",677.01,0.57,0,0,0,0,0,0,
"2016-12-04T04:45:00Z","2016-12-04T04:50:00Z",676.92,0.57,0,0,0,0,0,0,
"2016-12-04T04:50:00Z","2016-12-04T04:55:00Z",676.92,0.57,0,0,0,0,0,0,
"2016-12-04T04:55:00Z","2016-12-04T05:00:00Z",676.97,0.57,0,0,0,0,0,0,
"2016-12-04T05:00:00Z","2016-12-04T05:05:00Z",677.00,0.57,0,0,0,0,0,0,
"2016-12-04T05:05:00Z","2016-12-04T05:10:00Z",676.97,0.57,0,0,0,0,0,0,
"2016-12-04T05:10:00Z","2016-12-04T05:15:00Z",676.88,0.57,0,0,0,0,0,0,
"2016-12-04T05:15:00Z","2016-12-04T05:20:00Z",676.93,0.57,0,0,0,0,0,0,
"2016-12-04T05:20:00Z","2016-12-04T05:25:00Z",676.92,0.57,0,0,0,0,0,0,
"2016-12-04T05:25:00Z","2016-12-04T05:30:00Z",676.88,0.57,0,0,0,0,0,0,
"2016-12-04T05:30:00Z","2016-12-04T05:35:00Z",676.87,0.57,0,0,0,0,0,0,
"2016-12-04T05:35:00Z","2016-12-04T05:40:00Z",676.96,0.57,0,0,0,0,0,0,
"2016-12-04T05:40:00Z","2016-12-04T05:45:00Z",676.89,0.57,0,0,0,0,0,0,
"2016-12-04T05:45:00Z","2016-12-04T05:50:00Z",676.91,0.57,0,0,0,0,0,0,
"2016-12-04T05:50:00Z","2016-12-04T05:55:00Z",676.90,0.57,0,0,0,0,0,0,
"2016-12-04T05:55:00Z","2016-12-04T06:00:00Z",676.82,0.57,0,0,0,0,0,0,
"2016-12-04T06:00:00Z","2016-12-04T06:05:00Z",676.88,0.57,0,0,0,0,0,0,
"2016-12-04T06:05:00Z","2016-12-04T06:10:00Z",676.83,0.57,0,0,0,0,0,0,
"2016-12-04T06:10:00Z","2016-12-04T06:15:00Z",676.96,0.57,0,0,0,0,0,0,
"2016-12-04T06:15:00Z","2016-12-04T06:20:00Z",676.92,0.57,0,0,0,0,0,0,
"2016-12-04T06:20:00Z","2016-12-04T06:25:00Z",676.88,0.57,0,0,0,0,0,0,
"2016-12-04T06:25:00Z","2016-12-04T06:30:00Z",676.81,0.57,0,0,0,0,0,0,
"2016-12-04T06:30:00Z","2016-12-04T06:35:00Z",676.90,0.57,0,0,0,0,0,0,
"2016-12-04T06:35:00Z","2016-12-04T06:40:00Z",676.93,0.57,0,0,0,0,0,0,
"2016-12-04T06:40:00Z","2016-12-04T06:45:00Z",676.83,0.57,0,0,0,0,0,0,
"2016-12-04T06:45:00Z","2016-12-04T06:50:00Z",676.89,0.57,0,0,0,0,0,0,
"2016-12-04T06:50:00Z","2016-12-04T06:55:00Z",676.78,0.57,0,0,0,0,0,0,
"2016-12-04T06:55:00Z","2016-12-04T07:00:00Z",676.85,0.57,0,0,0,0,0,0,
"2016-12-04T07:00:00Z","2016-12-04T07:05:00Z",676.83,0.57,0,0,0,0,0,0,
"2016-12-04T07:05:00Z","2016-12-04T07:10:00Z",676.80,0.57,0,0,0,0,0,0,
"2016-12-04T07:10:00Z","2016-12-04T07:15:00Z",676.85,0.57,0,0,0,0,0,0,
"2016-12-04T07:15:00Z","2016-12-04T07:20:00Z",676.92,0.57,0,0,0,0,0,0,
"2016-12-04T07:20:00Z","2016-12-04T07:25:00Z",676.87,0.57,0,0,0,0,0,0,
"2016-12-04T07:25:00Z","2016-12-04T07:30:00Z",676.89,0.57,0,0,0,0,0,0,
"2016-12-04T07:30:00Z","2016-12-04T07:35:00Z",676.90,0.57,0,0,0,0,0,0,
"2016-12-04T07:35:00Z","2016-12-04T07:40:00Z",676.86,0.57,0,0,0,0,0,0,
"2016-12-04T07:40:00Z","2016-12-04T07:45:00Z",676.82,0.57,0,0,0,0,0,0,
"2016-12-04T07:45:00Z","2016-12-04T07:50:00Z",676.79,0.57,0,0,0,0,0,0,
"2016-12-04T07:50:00Z","2016-12-04T07:55:00Z",676.91,0.57,0,0,0,0,0,0,
"2016-12-04T07:55:00Z","2016-12-04T08:00:00Z",676.90,0.57,0,0,0,0,0,0,
"2016-12-04T08:00:00Z","2016-12-04T08:05:00Z",676.88,0.57,0,0,0,0,0,0,
"2016-12-04T08:05:00Z","2016-12-04T08:10:00Z",676.95,0.57,0,0,0,0,0,0,
"2016-12-04T08:10:00Z","2016-12-04T08:15:00Z",676.79,0.57,0,0,0,0,0,0,
"2016-12-04T08:15:00Z","2016-12-04T08:20:00Z",676.88,0.57,0,0,0,0,0,0,
"2016-12-04T08:20:00Z","2016-12-04T08:25:00Z",676.86,0.57,0,0,0,0,0,0,
"2016-12-04T08:25:00Z","2016-12-04T08:30:00Z",676.87,0.57,0,0,0,0,0,0,
"2016-12-04T08:30:00Z","2016-12-04T08:35:00Z",676.87,0.57,0,0,0,0,0,0,
"2016-12-04T08:35:00Z","2016-12-04T08:40:00Z",676.84,0.57,0,0,0,0,0,0,
"2016-12-04T08:40:00Z","2016-12-04T08:45:00Z",676.82,0.57,0,0,0,0,0,0,
"2016-12-04T08:45:00Z","2016-12-04T08:50:00Z",676.76,0.57,0,0,0,0,0,0,
"2016-12-04T08:50:00Z","2016-12-04T08:55:00Z",676.96,0.57,0,0,0,0,0,0,
"2016-12-04T08:55:00Z","2016-12-04T09:00:00Z",676.79,0.57,0,0,0,0,0,0,
"2016-12-04T09:00:00Z","2016-12-04T09:05:00Z",676.81,0.57,0,0,0,0,0,0,
"2016-12-04T09:05:00Z","2016-12-04T09:10:00Z",676.82,0.57,0,0,0,0,0,0,
"2016-12-04T09:10:00Z","2016-12-04T09:15:00Z",676.88,0.57,0,0,0,0,0,0,
"2016-12-04T09:15:00Z","2016-12-04T09:20:00Z",676.74,0.57,0,0,0,0,0,0,
"2016-12-04T09:20:00Z","2016-12-04T09:25:00Z",676.84,0.57,0,0,0,0,0,0,
"2016-12-04T09:25:00Z","2016-12-04T09:30:00Z",676.78,0.57,0,0,0,0,0,0,
"2016-12-04T09:30:00Z","2016-12-04T09:35:00Z",676.73,0.57,0,0,0,0,0,0,
"2016-12-04T09:35:00Z","2016-12-04T09:40:00Z",676.84,0.57,0,0,0,0,0,0,
"2016-12-04T09:40:00Z","2016-12-04T09:45:00Z",676.86,0.57,0,0,0,0,0,0,
"2016-12-04T09:45:00Z","2016-12-04T09:50:00Z",676.84,0.57,0,0,0,0,0,0,
"2016-12-04T09:50:00Z","2016-12-04T09:55:00Z",676.81,0.57,0,0,0,0,0,0,
"2016-12-04T09:55:00Z","2016-12-04T10:00:00Z",676.82,0.57,0,0,0,0,0,0,
"2016-12-04T10:00:00Z","2016-12-04T10:05:00Z",676.69,0.57,0,0,0,0,0,0,
"2016-12-04T10:05:00Z","2016-12-04T10:10:00Z",676.85,0.57,0,0,0,0,0,0,
"2016-12-04T10:10:00Z","2016-12-04T10:15:00Z",676.95,0.57,0,0,0,0,0,0,
"2016-12-04T10:15:00Z","2016-12-04T10:20:00Z",676.87,0.57,0,0,0,0,0,0,
"2016-12-04T10:20:00Z","2016-12-04T10:25:00Z",676.73,0.57,0,0,0,0,0,0,
"2016-12-04T10:25:00Z","2016-12-04T10:30:00Z",676.85,0.57,0,0,0,0,0,0,
"2016-12-04T10:30:00Z","2016-12-04T10:35:00Z",676.84,0.57,0,0,0,0,0,0,
"2016-12-04T10:35:00Z","2016-12-04T10:40:00Z",676.85,0.57,0,0,0,0,0,0,
"2016-12-04T10:40:00Z","2016-12-04T10:45:00Z",676.81,0.57,0,0,0,0,0,0,
"2016-12-04T10:45:00Z","2016-12-04T10:50:00Z",676.70,0.57,0,0,0,0,0,0,
"2016-12-04T10:50:00Z","2016-12-04T10:55:00Z",676.79,0.57,0,0,0,0,0,0,
"2016-12-04T10:55:00Z","2016-12-04T11:00:00Z",676.84,0.57,0,0,0,0,0,0,
"2016-12-04T11:00:00Z","2016-12-04T11:05:00Z",676.83,0.57,0,0,0,0,0,0,
"2016-12-04T11:05:00Z","2016-12-04T11:10:00Z",676.88,0.57,0,0,0,0,0,0,
"2016-12-04T11:10:00Z","2016-12-04T11:15:00Z",676.80,0.57,0,0,0,0,0,0,
"2016-12-04T11:15:00Z","2016-12-04T11:20:00Z",676.80,0.57,0,0,0,0,0,0,
"2016-12-04T11:20:00Z","2016-12-04T11:25:00Z",676.85,0.57,0,0,0,0,0,0,
"2016-12-04T11:25:00Z","2016-12-04T11:30:00Z",676.87,0.57,0,0,0,0,0,0,
"2016-12-04T11:30:00Z","2016-12-04T11:35:00Z",676.83,0.57,0,0,0,0,0,0,
"2016-12-04T11:35:00Z","2016-12-04T11:40:00Z",676.76,0.57,0,0,0,0,0,0,
"2016-12-04T11:40:00Z","2016-12-04T11:45:00Z",676.72,0.57,0,0,0,0,0,0,
"2016-12-04T11:45:00Z","2016-12-04T11:50:00Z",676.81,0.57,0,0,0,0,0,0,
"2016-12-04T11:50:00Z","2016-12-04T11:55:00Z",676.72,0.57,0,0,0,0,0,0,
"2016-12-04T11:55:00Z","2016-12-04T12:00:00Z",676.76,0.57,0,0,0,0,0,0,
"2016-12-04T12:00:00Z","2016-12-04T12:05:00Z",676.79,0.57,0,0,0,0,0,0,
"2016-12-04T12:05:00Z","2016-12-04T12:10:00Z",676.79,0.57,0,0,0,0,0,0,
"2016-12-04T12:10:00Z","2016-12-04T12:15:00Z",676.87,0.57,0,0,0,0,0,0,
"2016-12-04T12:15:00Z","2016-12-04T12:20:00Z",676.85,0.57,0,0,0,0,0,0,
"2016-12-04T12:20:00Z","2016-12-04T12:25:00Z",676.76,0.57,0,0,0,0,0,0,
"2016-12-04T12:25:00Z","2016-12-04T12:30:00Z",676.79,0.57,0,0,0,0,0,0,
"2016-12-04T12:30:00Z","2016-12-04T12:35:00Z",676.94,0.57,0,0,0,0,0,0,
"2016-12-04T12:35:00Z","2016-12-04T12:40:00Z",676.81,0.57,0,0,0,0,0,0,
"2016-12-04T12:40:00Z","2016-12-04T12:45:00Z",676.82,0.57,0,0,0,0,0,0,
"2016-12-04T12:45:00Z","2016-12-04T12:50:00Z",676.86,0.57,0,0,0,0,0,0,
"2016-12-04T12:50:00Z","2016-12-04T12:55:00Z",676.81,0.57,0,0,0,0,0,0,
"2016-12-04T12:55:00Z","2016-12-04T13:00:00Z",676.83,0.57,0,0,0,0,0,0,
"2016-12-04T13:00:00Z","2016-12-04T13:05:00Z",676.85,0.57,0,0,0,0,0,0,
"2016-12-04T13:05:00Z","2016-12-04T13:10:00Z",676.86,0.57,0,0,0,0,0,0,
"2016-12-04T13:10:00Z","2016-12-04T13:15:00Z",676.82,0.57,0,0,0,0,0,0,
"2016-12-04T13:15:00Z","2016-12-04T13:20:00Z",676.76,0.57,0,0,0,0,0,0,
"2016-12-04T13:20:00Z","2016-12-04T13:25:00Z",676.85,0.57,0,0,0,0,0,0,
"2016-12-04T13:25:00Z","2016-12-04T13:30:00Z",676.86,0.57,0,0,0,0,0,0,
"2016-12-04T13:30:00Z","2016-12-04T13:35:00Z",676.86,0.57,0,0,0,0,0,0,
"2016-12-04T13:35:00Z","2016-12-04T13:40:00Z",676.80,0.57,0,0,0,0,0,0,
"2016-12-04T13:40:00Z","2016-12-04T13:45:00Z",676.76,0.57,0,0,0,0,0,0,
"2016-12-04T13:45:00Z","2016-12-04T13:50:00Z",676.85,0.57,0,0,0,0,0,0,
"2016-12-04T13:50:00Z","2016-12-04T13:55:00Z",676.84,0.57,0,0,0,0,0,0,
"2016-12-04T13:55:00Z","2016-12-04T14:00:00Z",676.85,0.57,0,0,0,0,0,0,
"2016-12-04T14:00:00Z","2016-12-04T14:05:00Z",676.73,0.57,0,0,0,0,0,0,
"2016-12-04T14:05:00Z","2016-12-04T14:10:00Z",676.82,0.57,0,0,0,0,0,0,
"2016-12-04T14:10:00Z","2016-12-04T14:15:00Z",676.82,0.57,0,0,0,0,0,0,
"2016-12-04T14:15:00Z","2016-12-04T14:20:00Z",676.88,0.57,0,0,0,0,0,0,
"2016-12-04T14:20:00Z","2016-12-04T14:25:00Z",676.88,0.57,0,0,0,0,0,0,
"2016-12-04T14:25:00Z","2016-12-04T14:30:00Z",676.86,0.57,0,0,0,0,0,0,
"2016-12-04T14:30:00Z","2016-12-04T14:35:00Z",676.74,0.57,0,0,0,0,0,0,
"2016-12-04T14:35:00Z","2016-12-04T14:40:00Z",676.75,0.57,0,0,0,0,0,0,
"2016-12-04T14:40:00Z","2016-12-04T14:45:00Z",676.71,0.57,0,0,0,0,0,0,
"2016-12-04T14:45:00Z","2016-12-04T14:50:00Z",676.71,0.57,0,0,0,0,0,0,
"2016-12-04T14:50:00Z","2016-12-04T14:55:00Z",676.83,0.57,0,0,0,0,0,0,
"2016-12-04T14:55:00Z","2016-12-04T15:00:00Z",676.83,0.57,0,0,0,0,0,0,
"2016-12-04T15:00:00Z","2016-12-04T15:05:00Z",676.86,0.57,0,0,0,0,0,0,
"2016-12-04T15:05:00Z","2016-12-04T15:10:00Z",676.83,0.57,0,0,0,0,0,0,
"2016-12-04T15:10:00Z","2016-12-04T15:15:00Z",676.70,0.57,0,0,0,0,0,0,
"2016-12-04T15:15:00Z","2016-12-04T15:20:00Z",676.78,0.57,0,0,0,0,0,0,
"2016-12-04T15:20:00Z","2016-12-04T15:25:00Z",676.72,0.57,0,0,0,0,0,0,
"2016-12-04T15:25:00Z","2016-12-04T15:30:00Z",676.85,0.57,0,0,0,0,0,0,
"2016-12-04T15:30:00Z","2016-12-04T15:35:00Z",676.79,0.57,0,0,0,0,0,0,
"2016-12-04T15:35:00Z","2016-12-04T15:40:00Z",676.91,0.57,0,0,0,0,0,0,
"2016-12-04T15:40:00Z","2016-12-04T15:45:00Z",676.88,0.57,0,0,0,0,0,0,
"2016-12-04T15:45:00Z","2016-12-04T15:50:00Z",676.80,0.57,0,0,0,0,0,0,
"2016-12-04T15:50:00Z","2016-12-04T15:55:00Z",676.72,0.57,0,0,0,0,0,0,
"2016-12-04T15:55:00Z","2016-12-04T16:00:00Z",676.79,0.57,0,0,0,0,0,0,
"2016-12-04T16:00:00Z","2016-12-04T16:05:00Z",676.83,0.57,0,0,0,0,0,0,
"2016-12-04T16:05:00Z","2016-12-04T16:10:00Z",676.85,0.57,0,0,0,0,0,0,
"2016-12-04T16:10:00Z","2016-12-04T16:15:00Z",676.88,0.57,0,0,0,0,0,0,
"2016-12-04T16:15:00Z","2016-12-04T16:20:00Z",676.79,0.57,0,0,0,0,0,0,
"2016-12-04T16:20:00Z","2016-12-04T16:25:00Z",676.77,0.57,0,0,0,0,0,0,
"2016-12-04T16:25:00Z","2016-12-04T16:30:00Z",676.79,0.57,0,0,0,0,0,0,
"2016-12-04T16:30:00Z","2016-12-04T16:35:00Z",676.83,0.57,0,0,0,0,0,0,
"2016-12-04T16:35:00Z","2016-12-04T16:40:00Z",676.84,0.57,0,0,0,0,0,0,
"2016-12-04T16:40:00Z","2016-12-04T16:45:00Z",676.78,0.57,0,0,0,0,0,0,
"2016-12-04T16:45:00Z","2016-12-04T16:50:00Z",676.71,0.57,0,0,0,0,0,0,
"2016-12-04T16:50:00Z","2016-12-04T16:55:00Z",676.79,0.57,0,0,0,0,0,0,
"2016-12-04T16:55:00Z","2016-12-04T17:00:00Z",676.86,0.57,0,0,0,0,0,0,
"2016-12-04T17:00:00Z","2016-12-04T17:05:00Z",676.81,0.57,0,0,0,0,0,0,
"2016-12-04T17:05:00Z","2016-12-04T17:10:00Z",676.85,0.57,0,0,0,0,0,0,
"2016-12-04T17:10:00Z","2016-12-04T17:15:00Z",676.83,0.57,0,0,0,0,0,0,
"2016-12-04T17:15:00Z","2016-12-04T17:20:00Z",676.86,0.57,0,0,0,0,0,0,
"2016-12-04T17:20:00Z","2016-12-04T17:25:00Z",676.84,0.57,0,0,0,0,0,0,
"2016-12-04T17:25:00Z","2016-12-04T17:30:00Z",676.82,0.57,0,0,0,0,0,0,
"2016-12-04T17:30:00Z","2016-12-04T17:35:00Z",676.89,0.57,0,0,0,0,0,0,
"2016-12-04T17:35:00Z","2016-12-04T17:40:00Z",676.79,0.57,0,0,0,0,0,0,
"2016-12-04T17:40:00Z","2016-12-04T17:45:00Z",676.80,0.57,0,0,0,0,0,0,
"2016-12-04T17:45:00Z","2016-12-04T17:50:00Z",676.84,0.57,0,0,0,0,0,0,
"2016-12-04T17:50:00Z","2016-12-04T17:55:00Z",676.71,0.57,0,0,0,0,0,0,
"2016-12-04T17:55:00Z","2016-12-04T18:00:00Z",676.74,0.57,0,0,0,0,0,0,
"2016-12-04T18:00:00Z","2016-12-04T18:05:00Z",676.79,0.57,0,0,0,0,0,0,
"2016-12-04T18:05:00Z","2016-12-04T18:10:00Z",676.84,0.57,0,0,0,0,0,0,
"2016-12-04T18:10:00Z","2016-12-04T18:15:00Z",676.73,0.57,0,0,0,0,0,0,
"2016-12-04T18:15:00Z","2016-12-04T18:20:00Z",676.92,0.57,0,0,0,0,0,0,
"2016-12-04T18:20:00Z","2016-12-04T18:25:00Z",676.79,0.57,0,0,0,0,0,0,
"2016-12-04T18:25:00Z","2016-12-04T18:30:00Z",676.80,0.57,0,0,0,0,0,0,
"2016-12-04T18:30:00Z","2016-12-04T18:35:00Z",676.78,0.57,0,0,0,0,0,0,
"2016-12-04T18:35:00Z","2016-12-04T18:40:00Z",676.73,0.57,0,0,0,0,0,0,
"2016-12-04T18:40:00Z","2016-12-04T18:45:00Z",676.76,0.57,0,0,0,0,0,0,
"2016-12-04T18:45:00Z","2016-12-04T18:50:00Z",676.87,0.57,0,0,0,0,0,0,
"2016-12-04T18:50:00Z","2016-12-04T18:55:00Z",676.77,0.57,0,0,0,0,0,0,
"2016-12-04T18:55:00Z","2016-12-04T19:00:00Z",676.80,0.57,0,0,0,0,0,0,
"2016-12-04T19:00:00Z","2016-12-04T19:05:00Z",676.84,0.57,0,0,0,0,0,0,
"2016-12-04T19:05:00Z","2016-12-04T19:10:00Z",676.82,0.57,0,0,0,0,0,0,
"2016-12-04T19:10:00Z","2016-12-04T19:15:00Z",676.71,0.57,0,0,0,0,0,0,
"2016-12-04T19:15:00Z","2016-12-04T19:20:00Z",676.81,0.57,0,0,0,0,0,0,
"2016-12-04T19:20:00Z","2016-12-04T19:25:00Z",676.75,0.57,0,0,0,0,0,0,
"2016-12-04T19:25:00Z","2016-12-04T19:30:00Z",676.80,0.57,0,0,0,0,0,0,
"2016-12-04T19:30:00Z","2016-12-04T19:35:00Z",676.84,0.57,0,0,0,0,0,0,
"2016-12-04T19:35:00Z","2016-12-04T19:40:00Z",676.86,0.57,0,0,0,0,0,0,
"2016-12-04T19:40:00Z","2016-12-04T19:45:00Z",676.93,0.57,0,0,0,0,0,0,
"2016-12-04T19:45:00Z","2016-12-04T19:50:00Z",676.78,0.57,0,0,0,0,0,0,
"2016-12-04T19:50:00Z","2016-12-04T19:55:00Z",676.81,0.57,0,0,0,0,0,0,
"2016-12-04T19:55:00Z","2016-12-04T20:00:00Z",676.68,0.57,0,0,0,0,0,0,
"2016-12-04T20:00:00Z","2016-12-04T20:05:00Z",676.85,0.57,0,0,0,0,0,0,
"2016-12-04T20:05:00Z","2016-12-04T20:10:00Z",676.83,0.57,0,0,0,0,0,0,
"2016-12-04T20:10:00Z","2016-12-04T20:15:00Z",676.93,0.57,0,0,0,0,0,0,
"2016-12-04T20:15:00Z","2016-12-04T20:20:00Z",676.85,0.57,0,0,0,0,0,0,
"2016-12-04T20:20:00Z","2016-12-04T20:25:00Z",676.78,0.57,0,0,0,0,0,0,
"2016-12-04T20:25:00Z","2016-12-04T20:30:00Z",676.76,0.57,0,0,0,0,0,0,
"2016-12-04T20:30:00Z","2016-12-04T20:35:00Z",676.70,0.57,0,0,0,0,0,0,
"2016-12-04T20:35:00Z","2016-12-04T20:40:00Z",676.63,0.57,0,0,0,0,0,0,
"2016-12-04T20:40:00Z","2016-12-04T20:45:00Z",676.70,0.57,0,0,0,0,0,0,
"2016-12-04T20:45:00Z","2016-12-04T20:50:00Z",676.77,0.57,0,0,0,0,0,0,
"2016-12-04T20:50:00Z","2016-12-04T20:55:00Z",676.71,0.57,0,0,0,0,0,0,
"2016-12-04T20:55:00Z","2016-12-04T21:00:00Z",676.70,0.57,0,0,0,0,0,0,
"2016-12-04T21:00:00Z","2016-12-04T21:05:00Z",676.73,0.57,0,0,0,0,0,0,
"2016-12-04T21:05:00Z","2016-12-04T21:10:00Z",676.70,0.57,0,0,0,0,0,0,
"2016-12-04T21:10:00Z","2016-12-04T21:15:00Z",676.69,0.57,0,0,0,0,0,0,
"2016-12-04T21:15:00Z","2016-12-04T21:20:00Z",676.63,0.57,0,0,0,0,0,0,
"2016-12-04T21:20:00Z","2016-12-04T21:25:00Z",676.60,0.57,0,0,0,0,0,0,
"2016-12-04T21:25:00Z","2016-12-04T21:30:00Z",676.58,0.57,0,0,0,0,0,0,
"2016-12-04T21:30:00Z","2016-12-04T21:35:00Z",676.62,0.57,0,0,0,0,0,0,
"2016-12-04T21:35:00Z","2016-12-04T21:40:00Z",676.66,0.57,0,0,0,0,0,0,
"2016-12-04T21:40:00Z","2016-12-04T21:45:00Z",676.65,0.57,0,0,0,0,0,0,
"2016-12-04T21:45:00Z","2016-12-04T21:50:00Z",676.69,0.57,0,0,0,0,0,0,
"2016-12-04T21:50:00Z","2016-12-04T21:55:00Z",676.66,0.57,0,0,0,0,0,0,
"2016-12-04T21:55:00Z","2016-12-04T22:00:00Z",676.51,0.57,0,0,0,0,0,0,
"2016-12-04T22:00:00Z","2016-12-04T22:05:00Z",676.62,0.57,0,0,0,0,0,0,
"2016-12-04T22:05:00Z","2016-12-04T22:10:00Z",676.62,0.57,0,0,0,0,0,0,
"2016-12-04T22:10:00Z","2016-12-04T22:15:00Z",676.76,0.57,0,0,0,0,0,0,
"2016-12-04T22:15:00Z","2016-12-04T22:20:00Z",676.59,0.57,0,0,0,0,0,0,
"2016-12-04T22:20:00Z","2016-12-04T22:25:00Z",676.66,0.57,0,0,0,0,0,0,
"2016-12-04T22:25:00Z","2016-12-04T22:30:00Z",676.62,0.57,0,0,0,0,0,0,
"2016-12-04T22:30:00Z","2016-12-04T22:35:00Z",676.64,0.57,0,0,0,0,0,0,
"2016-12-04T22:35:00Z","2016-12-04T22:40:00Z",676.62,0.57,0,0,0,0,0,0,
"2016-12-04T22:40:00Z","2016-12-04T22:45:00Z",676.63,0.57,0,0,0,0,0,0,
"2016-12-04T22:45:00Z","2016-12-04T22:50:00Z",676.52,0.57,0,0,0,0,0,0,
"2016-12-04T22:50:00Z","2016-12-04T22:55:00Z",676.63,0.57,0,0,0,0,0,0,
"2016-12-04T22:55:00Z","2016-12-04T23:00:00Z",676.61,0.57,0,0,0,0,0,0,
"2016-12-04T23:00:00Z","2016-12-04T23:05:00Z",676.60,0.57,0,0,0,0,0,0,
"2016-12-04T23:05:00Z","2016-12-04T23:10:00Z",676.49,0.57,0,0,0,0,0,0,
"2016-12-04T23:10:00Z","2016-12-04T23:15:00Z",676.58,0.57,0,0,0,0,0,0,
"2016-12-04T23:15:00Z","2016-12-04T23:20:00Z",676.61,0.57,0,0,0,0,0,0,
"2016-12-04T23:20:00Z","2016-12-04T23:25:00Z",676.58,0.57,0,0,0,0,0,0,
"2016-12-04T23:25:00Z","2016-12-04T23:30:00Z",676.49,0.57,0,0,0,0,0,0,
"2016-12-04T23:30:00Z","2016-12-04T23:35:00Z",676.68,0.57,0,0,0,0,0,0,
"2016-12-04T23:35:00Z","2016-12-04T23:40:00Z",676.51,0.57,0,0,0,0,0,0,
"2016-12-04T23:40:00Z","2016-12-04T23:45:00Z",676.59,0.57,0,0,0,0,0,0,
"2016-12-04T23:45:00Z","2016-12-04T23:50:00Z",676.54,0.57,0,0,0,0,0,0,
"2016-12-04T23:50:00Z","2016-12-04T23:55:00Z",676.52,0.57,0,0,0,0,0,0,
"2016-12-04T23:55:00Z","2016-12-05T00:00:00Z",676.48,0.57,0,0,0,0,0,0,
"2016-12-05T00:00:00Z","2016-12-05T00:05:00Z",676.58,0.57,0,0,0,0,0,0,
"2016-12-05T00:05:00Z","2016-12-05T00:10:00Z",676.60,0.57,0,0,0,0,0,0,
"2016-12-05T00:10:00Z","2016-12-05T00:15:00Z",676.52,0.57,0,0,0,0,0,0,
"2016-12-05T00:15:00Z","2016-12-05T00:20:00Z",676.49,0.57,0,0,0,0,0,0,
"2016-12-05T00:20:00Z","2016-12-05T00:25:00Z",676.51,0.57,0,0,0,0,0,0,
"2016-12-05T00:25:00Z","2016-12-05T00:30:00Z",676.51,0.57,0,0,0,0,0,0,
"2016-12-05T00:30:00Z","2016-12-05T00:35:00Z",676.64,0.57,0,0,0,0,0,0,
"2016-12-05T00:35:00Z","2016-12-05T00:40:00Z",676.68,0.57,0,0,0,0,0,0,
"2016-12-05T00:40:00Z","2016-12-05T00:45:00Z",676.61,0.57,0,0,0,0,0,0,
"2016-12-05T00:45:00Z","2016-12-05T00:50:00Z",676.61,0.57,0,0,0,0,0,0,
"2016-12-05T00:50:00Z","2016-12-05T00:55:00Z",676.64,0.57,0,0,0,0,0,0,
"2016-12-05T00:55:00Z","2016-12-05T01:00:00Z",676.59,0.57,0,0,0,0,0,0,
"2016-12-05T01:00:00Z","2016-12-05T01:05:00Z",676.67,0.57,0,0,0,0,0,0,
"2016-12-05T01:05:00Z","2016-12-05T01:10:00Z",676.64,0.57,0,0,0,0,0,0,
"2016-12-05T01:10:00Z","2016-12-05T01:15:00Z",676.64,0.57,0,0,0,0,0,0,
"2016-12-05T01:15:00Z","2016-12-05T01:20:00Z",676.64,0.57,0,0,0,0,0,0,
"2016-12-05T01:20:00Z","2016-12-05T01:25:00Z",676.52,0.57,0,0,0,0,0,0,
"2016-12-05T01:25:00Z","2016-12-05T01:30:00Z",676.52,0.57,0,0,0,0,0,0,
"2016-12-05T01:30:00Z","2016-12-05T01:35:00Z",676.65,0.57,0,0,0,0,0,0,
"2016-12-05T01:35:00Z","2016-12-05T01:40:00Z",676.65,0.57,0,0,0,0,0,0,
"2016-12-05T01:40:00Z","2016-12-05T01:45:00Z",676.65,0.57,0,0,0,0,0,0,
"2016-12-05T01:45:00Z","2016-12-05T01:50:00Z",676.57,0.57,0,0,0,0,0,0,
"2016-12-05T01:50:00Z","2016-12-05T01:55:00Z",676.66,0.57,0,0,0,0,0,0,
"2016-12-05T01:55:00Z","2016-12-05T02:00:00Z",676.75,0.57,0,0,0,0,0,0,
"2016-12-05T02:00:00Z","2016-12-05T02:05:00Z",676.69,0.57,0,0,0,0,0,0,
"2016-12-05T02:05:00Z","2016-12-05T02:10:00Z",676.64,0.57,0,0,0,0,0,0,
"2016-12-05T02:10:00Z","2016-12-05T02:15:00Z",676.71,0.57,0,0,0,0,0,0,
"2016-12-05T02:15:00Z","2016-12-05T02:20:00Z",676.71,0.57,0,0,0,0,0,0,
"2016-12-05T02:20:00Z","2016-12-05T02:25:00Z",676.58,0.57,0,0,0,0,0,0,
"2016-12-05T02:25:00Z","2016-12-05T02:30:00Z",676.74,0.57,0,0,0,0,0,0,
"2016-12-05T02:30:00Z","2016-12-05T02:35:00Z",676.71,0.57,0,0,0,0,0,0,
"2016-12-05T02:35:00Z","2016-12-05T02:40:00Z",676.62,0.57,0,0,0,0,0,0,
"2016-12-05T02:40:00Z","2016-12-05T02:45:00Z",676.65,0.57,0,0,0,0,0,0,
"2016-12-05T02:45:00Z","2016-12-05T02:50:00Z",676.56,0.57,0,0,0,0,0,0,
"2016-12-05T02:50:00Z","2016-12-05T02:55:00Z",676.67,0.57,0,0,0,0,0,0,
"2016-12-05T02:55:00Z","2016-12-05T03:00:00Z",676.63,0.57,0,0,0,0,0,0,
"2016-12-05T03:00:00Z","2016-12-05T03:05:00Z",676.58,0.57,0,0,0,0,0,0,
"2016-12-05T03:05:00Z","2016-12-05T03:10:00Z",676.67,0.57,0,0,0,0,0,0,
"2016-12-05T03:10:00Z","2016-12-05T03:15:00Z",676.69,0.57,0,0,0,0,0,0,
"2016-12-05T03:15:00Z","2016-12-05T03:20:00Z",676.59,0.57,0,0,0,0,0,0,
"2016-12-05T03:20:00Z","2016-12-05T03:25:00Z",676.71,0.57,0,0,0,0,0,0,
"2016-12-05T03:25:00Z","2016-12-05T03:30:00Z",676.72,0.57,0,0,0,0,0,0,
"2016-12-05T03:30:00Z","2016-12-05T03:35:00Z",676.77,0.57,0,0,0,0,0,0,
"2016-12-05T03:35:00Z","2016-12-05T03:40:00Z",676.70,0.57,0,0,0,0,0,0,
"2016-12-05T03:40:00Z","2016-12-05T03:45:00Z",676.75,0.57,0,0,0,0,0,0,
"2016-12-05T03:45:00Z","2016-12-05T03:50:00Z",676.73,0.57,0,0,0,0,0,0,
"2016-12-05T03:50:00Z","2016-12-05T03:55:00Z",676.71,0.57,0,0,0,0,0,0,
"2016-12-05T03:55:00Z","2016-12-05T04:00:00Z",676.69,0.57,0,0,0,0,0,0,
"2016-12-05T04:00:00Z","2016-12-05T04:05:00Z",676.79,0.57,0,0,0,0,0,0,
"2016-12-05T04:05:00Z","2016-12-05T04:10:00Z",676.71,0.57,0,0,0,0,0,0,
"2016-12-05T04:10:00Z","2016-12-05T04:15:00Z",676.76,0.57,0,0,0,0,0,0,
"2016-12-05T04:15:00Z","2016-12-05T04:20:00Z",676.72,0.57,0,0,0,0,0,0,
"2016-12-05T04:20:00Z","2016-12-05T04:25:00Z",676.82,0.57,0,0,0,0,0,0,
"2016-12-05T04:25:00Z","2016-12-05T04:30:00Z",676.67,0.57,0,0,0,0,0,0,
"2016-12-05T04:30:00Z","2016-12-05T04:35:00Z",676.72,0.57,0,0,0,0,0,0,
"2016-12-05T04:35:00Z","2016-12-05T04:40:00Z",676.76,0.57,0,0,0,0,0,0,
"2016-12-05T04:40:00Z","2016-12-05T04:45:00Z",676.64,0.57,0,0,0,0,0,0,
"2016-12-05T04:45:00Z","2016-12-05T04:50:00Z",676.66,0.57,0,0,0,0,0,0,
"2016-12-05T04:50:00Z","2016-12-05T04:55:00Z",676.72,0.57,0,0,0,0,0,0,
"2016-12-05T04:55:00Z","2016-12-05T05:00:00Z",676.69,0.57,0,0,0,0,0,0,
"2016-12-05T05:00:00Z","2016-12-05T05:05:00Z",676.75,0.57,0,0,0,0,0,0,
"2016-12-05T05:05:00Z","2016-12-05T05:10:00Z",676.66,0.57,0,0,0,0,0,0,
"2016-12-05T05:10:00Z","2016-12-05T05:15:00Z",676.73,0.57,0,0,0,0,0,0,
"2016-12-05T05:15:00Z","2016-12-05T05:20:00Z",676.66,0.57,0,0,0,0,0,0,
"2016-12-05T05:20:00Z","2016-12-05T05:25:00Z",676.76,0.57,0,0,0,0,0,0,
"2016-12-05T05:25:00Z","2016-12-05T05:30:00Z",676.74,0.57,0,0,0,0,0,0,
"2016-12-05T05:30:00Z","2016-12-05T05:35:00Z",676.67,0.57,0,0,0,0,0,0,
"2016-12-05T05:35:00Z","2016-12-05T05:40:00Z",676.79,0.57,0,0,0,0,0,0,
"2016-12-05T05:40:00Z","2016-12-05T05:45:00Z",676.75,0.57,0,0,0,0,0,0,
"2016-12-05T05:45:00Z","2016-12-05T05:50:00Z",676.73,0.57,0,0,0,0,0,0,
"2016-12-05T05:50:00Z","2016-12-05T05:55:00Z",676.58,0.57,0,0,0,0,0,0,
"2016-12-05T05:55:00Z","2016-12-05T06:00:00Z",676.79,0.57,0,0,0,0,0,0,
"2016-12-05T06:00:00Z","2016-12-05T06:05:00Z",676.67,0.57,0,0,0,0,0,0,
"2016-12-05T06:05:00Z","2016-12-05T06:10:00Z",676.74,0.57,0,0,0,0,0,0,
"2016-12-05T06:10:00Z","2016-12-05T06:15:00Z",676.60,0.57,0,0,0,0,0,0,
"2016-12-05T06:15:00Z","2016-12-05T06:20:00Z",676.56,0.57,0,0,0,0,0,0,
"2016-12-05T06:20:00Z","2016-12-05T06:25:00Z",676.67,0.57,0,0,0,0,0,0,
"2016-12-05T06:25:00Z","2016-12-05T06:30:00Z",676.68,0.57,0,0,0,0,0,0,
"2016-12-05T06:30:00Z","2016-12-05T06:35:00Z",676.75,0.57,0,0,0,0,0,0,
"2016-12-05T06:35:00Z","2016-12-05T06:40:00Z",676.61,0.57,0,0,0,0,0,0,
"2016-12-05T06:40:00Z","2016-12-05T06:45:00Z",676.70,0.57,0,0,0,0,0,0,
"2016-12-05T06:45:00Z","2016-12-05T06:50:00Z",676.70,0.57,0,0,0,0,0,0,
"2016-12-05T06:50:00Z","2016-12-05T06:55:00Z",676.72,0.57,0,0,0,0,0,0,
"2016-12-05T06:55:00Z","2016-12-05T07:00:00Z",676.65,0.57,0,0,0,0,0,0,
"2016-12-05T07:00:00Z","2016-12-05T07:05:00Z",676.71,0.57,0,0,0,0,0,0,
"2016-12-05T07:05:00Z","2016-12-05T07:10:00Z",676.75,0.57,0,0,0,0,0,0,
"2016-12-05T07:10:00Z","2016-12-05T07:15:00Z",676.66,0.57,0,0,0,0,0,0,
"2016-12-05T07:15:00Z","2016-12-05T07:20:00Z",676.73,0.57,0,0,0,0,0,0,
"2016-12-05T07:20:00Z","2016-12-05T07:25:00Z",676.53,0.57,0,0,0,0,0,0,
"2016-12-05T07:25:00Z","2016-12-05T07:30:00Z",676.69,0.57,0,0,0,0,0,0,
"2016-12-05T07:30:00Z","2016-12-05T07:35:00Z",676.63,0.57,0,0,0,0,0,0,
"2016-12-05T07:35:00Z","2016-12-05T07:40:00Z",676.62,0.57,0,0,0,0,0,0,
"2016-12-05T07:40:00Z","2016-12-05T07:45:00Z",676.59,0.57,0,0,0,0,0,0,
"2016-12-05T07:45:00Z","2016-12-05T07:50:00Z",676.60,0.57,0,0,0,0,0,0,
"2016-12-05T07:50:00Z","2016-12-05T07:55:00Z",676.59,0.57,0,0,0,0,0,0,
"2016-12-05T07:55:00Z","2016-12-05T08:00:00Z",676.65,0.57,0,0,0,0,0,0,
"2016-12-05T08:00:00Z","2016-12-05T08:05:00Z",676.67,0.57,0,0,0,0,0,0,
"2016-12-05T08:05:00Z","2016-12-05T08:10:00Z",676.69,0.57,0,0,0,0,0,0,
"2016-12-05T08:10:00Z","2016-12-05T08:15:00Z",676.74,0.57,0,0,0,0,0,0,
"2016-12-05T08:15:00Z","2016-12-05T08:20:00Z",676.72,0.57,0,0,0,0,0,0,
"2016-12-05T08:20:00Z","2016-12-05T08:25:00Z",676.60,0.57,0,0,0,0,0,0,
"2016-12-05T08:25:00Z","2016-12-05T08:30:00Z",676.66,0.57,0,0,0,0,0,0,
"2016-12-05T08:30:00Z","2016-12-05T08:35:00Z",676.61,0.57,0,0,0,0,0,0,
"2016-12-05T08:35:00Z","2016-12-05T08:40:00Z",676.70,0.57,0,0,0,0,0,0,
"2016-12-05T08:40:00Z","2016-12-05T08:45:00Z",676.76,0.57,0,0,0,0,0,0,
"2016-12-05T08:45:00Z","2016-12-05T08:50:00Z",676.62,0.57,0,0,0,0,0,0,
"2016-12-05T08:50:00Z","2016-12-05T08:55:00Z",676.68,0.57,0,0,0,0,0,0,
"2016-12-05T08:55:00Z","2016-12-05T09:00:00Z",676.67,0.57,0,0,0,0,0,0,
"2016-12-05T09:00:00Z","2016-12-05T09:05:00Z",676.62,0.57,0,0,0,0,0,0,
"2016-12-05T09:05:00Z","2016-12-05T09:10:00Z",676.65,0.57,0,0,0,0,0,0,
"2016-12-05T09:10:00Z","2016-12-05T09:15:00Z",676.68,0.57,0,0,0,0,0,0,
"2016-12-05T09:15:00Z","2016-12-05T09:20:00Z",676.67,0.57,0,0,0,0,0,0,
"2016-12-05T09:20:00Z","2016-12-05T09:25:00Z",676.65,0.57,0,0,0,0,0,0,
"2016-12-05T09:25:00Z","2016-12-05T09:30:00Z",676.70,0.57,0,0,0,0,0,0,
"2016-12-05T09:30:00Z","2016-12-05T09:35:00Z",676.65,0.57,0,0,0,0,0,0,
"2016-12-05T09:35:00Z","2016-12-05T09:40:00Z",676.77,0.57,0,0,0,0,0,0,
"2016-12-05T09:40:00Z","2016-12-05T09:45:00Z",676.71,0.57,0,0,0,0,0,0,
"2016-12-05T09:45:00Z","2016-12-05T09:50:00Z",676.66,0.57,0,0,0,0,0,0,
"2016-12-05T09:50:00Z","2016-12-05T09:55:00Z",676.74,0.57,0,0,0,0,0,0,
"2016-12-05T09:55:00Z","2016-12-05T10:00:00Z",676.65,0.57,0,0,0,0,0,0,
"2016-12-05T10:00:00Z","2016-12-05T10:05:00Z",676.69,0.57,0,0,0,0,0,0,
"2016-12-05T10:05:00Z","2016-12-05T10:10:00Z",676.78,0.57,0,0,0,0,0,0,
"2016-12-05T10:10:00Z","2016-12-05T10:15:00Z",676.66,0.57,0,0,0,0,0,0,
"2016-12-05T10:15:00Z","2016-12-05T10:20:00Z",676.68,0.57,0,0,0,0,0,0,
"2016-12-05T10:20:00Z","2016-12-05T10:25:00Z",676.72,0.57,0,0,0,0,0,0,
"2016-12-05T10:25:00Z","2016-12-05T10:30:00Z",676.68,0.57,0,0,0,0,0,0,
"2016-12-05T10:30:00Z","2016-12-05T10:35:00Z",676.77,0.57,0,0,0,0,0,0,
"2016-12-05T10:35:00Z","2016-12-05T10:40:00Z",676.68,0.57,0,0,0,0,0,0,
"2016-12-05T10:40:00Z","2016-12-05T10:45:00Z",676.63,0.57,0,0,0,0,0,0,
"2016-12-05T10:45:00Z","2016-12-05T10:50:00Z",676.76,0.57,0,0,0,0,0,0,
"2016-12-05T10:50:00Z","2016-12-05T10:55:00Z",676.77,0.57,0,0,0,0,0,0,
"2016-12-05T10:55:00Z","2016-12-05T11:00:00Z",676.75,0.57,0,0,0,0,0,0,
"2016-12-05T11:00:00Z","2016-12-05T11:05:00Z",676.74,0.57,0,0,0,0,0,0,
"2016-12-05T11:05:00Z","2016-12-05T11:10:00Z",676.63,0.57,0,0,0,0,0,0,
"2016-12-05T11:10:00Z","2016-12-05T11:15:00Z",676.63,0.57,0,0,0,0,0,0,
"2016-12-05T11:15:00Z","2016-12-05T11:20:00Z",676.70,0.57,0,0,0,0,0,0,
"2016-12-05T11:20:00Z","2016-12-05T11:25:00Z",676.75,0.57,0,0,0,0,0,0,
"2016-12-05T11:25:00Z","2016-12-05T11:30:00Z",676.74,0.57,0,0,0,0,0,0,
"2016-12-05T11:30:00Z","2016-12-05T11:35:00Z",676.65,0.57,0,0,0,0,0,0,
"2016-12-05T11:35:00Z","2016-12-05T11:40:00Z",676.63,0.57,0,0,0,0,0,0,
"2016-12-05T11:40:00Z","2016-12-05T11:45:00Z",676.69,0.57,0,0,0,0,0,0,
"2016-12-05T11:45:00Z","2016-12-05T11:50:00Z",676.61,0.57,0,0,0,0,0,0,
"2016-12-05T11:50:00Z","2016-12-05T11:55:00Z",676.72,0.57,0,0,0,0,0,0,
"2016-12-05T11:55:00Z","2016-12-05T12:00:00Z",676.69,0.57,0,0,0,0,0,0,
"2016-12-05T12:00:00Z","2016-12-05T12:05:00Z",676.66,0.57,0,0,0,0,0,0,
"2016-12-05T12:05:00Z","2016-12-05T12:10:00Z",676.76,0.57,0,0,0,0,0,0,
"2016-12-05T12:10:00Z","2016-12-05T12:15:00Z",676.78,0.57,0,0,0,0,0,0,
"2016-12-05T12:15:00Z","2016-12-05T12:20:00Z",676.69,0.57,0,0,0,0,0,0,
"2016-12-05T12:20:00Z","2016-12-05T12:25:00Z",676.76,0.57,0,0,0,0,0,0,
"2016-12-05T12:25:00Z","2016-12-05T12:30:00Z",676.77,0.57,0,0,0,0,0,0,
"2016-12-05T12:30:00Z","2016-12-05T12:35:00Z",676.73,0.57,0,0,0,0,0,0,
"2016-12-05T12:35:00Z","2016-12-05T12:40:00Z",676.64,0.57,0,0,0,0,0,0,
"2016-12-05T12:40:00Z","2016-12-05T12:45:00Z",676.66,0.57,0,0,0,0,0,0,
"2016-12-05T12:45:00Z","2016-12-05T12:50:00Z",676.78,0.57,0,0,0,0,0,0,
"2016-12-05T12:50:00Z","2016-12-05T12:55:00Z",676.71,0.57,0,0,0,0,0,0,
"2016-12-05T12:55:00Z","2016-12-05T13:00:00Z",676.73,0.57,0,0,0,0,0,0,
"2016-12-05T13:00:00Z","2016-12-05T13:05:00Z",676.71,0.57,0,0,0,0,0,0,
"2016-12-05T13:05:00Z","2016-12-05T13:10:00Z",676.76,0.57,0,0,0,0,0,0,
"2016-12-05T13:10:00Z","2016-12-05T13:15:00Z",676.76,0.57,0,0,0,0,0,0,
"2016-12-05T13:15:00Z","2016-12-05T13:20:00Z",676.72,0.57,0,0,0,0,0,0,
"2016-12-05T13:20:00Z","2016-12-05T13:25:00Z",676.68,0.57,0,0,0,0,0,0,
"2016-12-05T13:25:00Z","2016-12-05T13:30:00Z",676.76,0.57,0,0,0,0,0,0,
"2016-12-05T13:30:00Z","2016-12-05T13:35:00Z",676.77,0.57,0,0,0,0,0,0,
"2016-12-05T13:35:00Z","2016-12-05T13:40:00Z",676.79,0.57,0,0,0,0,0,0,
"2016-12-05T13:40:00Z","2016-12-05T13:45:00Z",676.71,0.57,0,0,0,0,0,0,
"2016-12-05T13:45:00Z","2016-12-05T13:50:00Z",676.70,0.57,0,0,0,0,0,0,
"2016-12-05T13:50:00Z","2016-12-05T13:55:00Z",676.86,0.57,0,0,0,0,0,0,
"2016-12-05T13:55:00Z","2016-12-05T14:00:00Z",676.70,0.57,0,0,0,0,0,0,
"2016-12-05T14:00:00Z","2016-12-05T14:05:00Z",676.66,0.57,0,0,0,0,0,0,
"2016-12-05T14:05:00Z","2016-12-05T14:10:00Z",676.66,0.57,0,0,0,0,0,0,
"2016-12-05T14:10:00Z","2016-12-05T14:15:00Z",676.74,0.57,0,0,0,0,0,0,
"2016-12-05T14:15:00Z","2016-12-05T14:20:00Z",676.69,0.57,0,0,0,0,0,0,
"2016-12-05T14:20:00Z","2016-12-05T14:25:00Z",676.61,0.57,0,0,0,0,0,0,
"2016-12-05T14:25:00Z","2016-12-05T14:30:00Z",676.65,0.57,0,0,0,0,0,0,
"2016-12-05T14:30:00Z","2016-12-05T14:35:00Z",676.63,0.57,0,0,0,0,0,0,
"2016-12-05T14:35:00Z","2016-12-05T14:40:00Z",676.75,0.57,0,0,0,0,0,0,
"2016-12-05T14:40:00Z","2016-12-05T14:45:00Z",676.67,0.57,0,0,0,0,0,0,
"2016-12-05T14:45:00Z","2016-12-05T14:50:00Z",676.64,0.57,0,0,0,0,0,0,
"2016-12-05T14:50:00Z","2016-12-05T14:55:00Z",676.77,0.57,0,0,0,0,0,0,
"2016-12-05T14:55:00Z","2016-12-05T15:00:00Z",676.67,0.57,0,0,0,0,0,0,
"2016-12-05T15:00:00Z","2016-12-05T15:05:00Z",676.77,0.57,0,0,0,0,0,0,
"2016-12-05T15:05:00Z","2016-12-05T15:10:00Z",676.74,0.57,0,0,0,0,0,0,
"2016-12-05T15:10:00Z","2016-12-05T15:15:00Z",676.67,0.57,0,0,0,0,0,0,
"2016-12-05T15:15:00Z","2016-12-05T15:20:00Z",676.81,0.57,0,0,0,0,0,0,
"2016-12-05T15:20:00Z","2016-12-05T15:25:00Z",676.67,0.57,0,0,0,0,0,0,
"2016-12-05T15:25:00Z","2016-12-05T15:30:00Z",676.62,0.57,0,0,0,0,0,0,
"2016-12-05T15:30:00Z","2016-12-05T15:35:00Z",676.77,0.57,0,0,0,0,0,0,
"2016-12-05T15:35:00Z","2016-12-05T15:40:00Z",676.70,0.57,0,0,0,0,0,0,
"2016-12-05T15:40:00Z","2016-12-05T15:45:00Z",676.64,0.57,0,0,0,0,0,0,
"2016-12-05T15:45:00Z","2016-12-05T15:50:00Z",676.74,0.57,0,0,0,0,0,0,
"2016-12-05T15:50:00Z","2016-12-05T15:55:00Z",676.70,0.57,0,0,0,0,0,0,
"2016-12-05T15:55:00Z","2016-12-05T16:00:00Z",676.66,0.57,0,0,0,0,0,0,
"2016-12-05T16:00:00Z","2016-12-05T16:05:00Z",676.61,0.57,0,0,0,0,0,0,
"2016-12-05T16:05:00Z","2016-12-05T16:10:00Z",676.71,0.57,0,0,0,0,0,0,
"2016-12-05T16:10:00Z","2016-12-05T16:15:00Z",676.55,0.57,0,0,0,0,0,0,
"2016-12-05T16:15:00Z","2016-12-05T16:20:00Z",676.66,0.57,0,0,0,0,0,0,
"2016-12-05T16:20:00Z","2016-12-05T16:25:00Z",676.66,0.57,0,0,0,0,0,0,
"2016-12-05T16:25:00Z","2016-12-05T16:30:00Z",676.66,0.57,0,0,0,0,0,0,
"2016-12-05T16:30:00Z","2016-12-05T16:35:00Z",676.64,0.57,0,0,0,0,0,0,
"2016-12-05T16:35:00Z","2016-12-05T16:40:00Z",676.62,0.57,0,0,0,0,0,0,
"2016-12-05T16:40:00Z","2016-12-05T16:45:00Z",676.52,0.57,0,0,0,0,0,0,
"2016-12-05T16:45:00Z","2016-12-05T16:50:00Z",676.62,0.57,0,0,0,0,0,0,
"2016-12-05T16:50:00Z","2016-12-05T16:55:00Z",676.51,0.57,0,0,0,0,0,0,
"2016-12-05T16:55:00Z","2016-12-05T17:00:00Z",676.62,0.57,0,0,0,0,0,0,
"2016-12-05T17:00:00Z","2016-12-05T17:05:00Z",676.61,0.57,0,0,0,0,0,0,
"2016-12-05T17:05:00Z","2016-12-05T17:10:00Z",676.53,0.57,0,0,0,0,0,0,
"2016-12-05T17:10:00Z","2016-12-05T17:15:00Z",676.60,0.57,0,0,0,0,0,0,
"2016-12-05T17:15:00Z","2016-12-05T17:20:00Z",676.65,0.57,0,0,0,0,0,0,
"2016-12-05T17:20:00Z","2016-12-05T17:25:00Z",676.66,0.57,0,0,0,0,0,0,
"2016-12-05T17:25:00Z","2016-12-05T17:30:00Z",676.51,0.57,0,0,0,0,0,0,
"2016-12-05T17:30:00Z","2016-12-05T17:35:00Z",676.56,0.57,0,0,0,0,0,0,
"2016-12-05T17:35:00Z","2016-12-05T17:40:00Z",676.60,0.57,0,0,0,0,0,0,
"2016-12-05T17:40:00Z","2016-12-05T17:45:00Z",676.57,0.57,0,0,0,0,0,0,
"2016-12-05T17:45:00Z","2016-12-05T17:50:00Z",676.48,0.57,0,0,0,0,0,0,
"2016-12-05T17:50:00Z","2016-12-05T17:55:00Z",676.49,0.57,0,0,0,0,0,0,
"2016-12-05T17:55:00Z","2016-12-05T18:00:00Z",676.42,0.57,0,0,0,0,0,0,
"2016-12-05T18:00:00Z","2016-12-05T18:05:00Z",676.49,0.57,0,0,0,0,0,0,
"2016-12-05T18:05:00Z","2016-12-05T18:10:00Z",676.45,0.57,0,0,0,0,0,0,
"2016-12-05T18:10:00Z","2016-12-05T18:15:00Z",676.47,0.57,0,0,0,0,0,0,
"2016-12-05T18:15:00Z","2016-12-05T18:20:00Z",676.37,,0,1,0,0,0,0,
"2016-12-05T18:20:00Z","2016-12-05T18:25:00Z",676.28,,0,0,0,0,0,0,
"2016-12-05T18:25:00Z","2016-12-05T18:30:00Z",676.38,,0,0,0,0,0,0,
"2016-12-05T18:30:00Z","2016-12-05T18:35:00Z",676.36,,0,0,0,0,0,0,
"2016-12-05T18:35:00Z","2016-12-05T18:40:00Z",676.27,,0,0,0,0,0,0,
"2016-12-05T18:40:00Z","2016-12-05T18:45:00Z",676.30,,0,0,0,0,0,0,
"2016-12-05T18:45:00Z","2016-12-05T18:50:00Z",676.38,,0,0,0,0,0,0,
"2016-12-05T18:50:00Z","2016-12-05T18:55:00Z",676.33,,0,0,0,0,0,0,
"2016-12-05T18:55:00Z","2016-12-05T19:00:00Z",676.32,,0,0,0,0,0,0,
"2016-12-05T19:00:00Z","2016-12-05T19:05:00Z",676.26,0.57,0,0,0,0,0,0,
"2016-12-05T19:05:00Z","2016-12-05T19:10:00Z",676.23,0.57,0,0,0,0,0,0,
"2016-12-05T19:10:00Z","2016-12-05T19:15:00Z",676.31,0.57,0,0,0,0,0,0,
"2016-12-05T19:15:00Z","2016-12-05T19:20:00Z",676.31,0.57,0,0,0,0,0,0,
"2016-12-05T19:20:00Z","2016-12-05T19:25:00Z",676.30,0.57,0,0,0,0,0,0,
"2016-12-05T19:25:00Z","2016-12-05T19:30:00Z",676.24,0.57,0,0,0,0,0,0,
"2016-12-05T19:30:00Z","2016-12-05T19:35:00Z",676.16,0.57,0,0,0,0,0,0,
"2016-12-05T19:35:00Z","2016-12-05T19:40:00Z",676.21,0.57,0,0,0,0,0,0,
"2016-12-05T19:40:00Z","2016-12-05T19:45:00Z",676.20,0.57,0,0,0,0,0,0,
"2016-12-05T19:45:00Z","2016-12-05T19:50:00Z",676.26,0.57,0,0,0,0,0,0,
"2016-12-05T19:50:00Z","2016-12-05T19:55:00Z",676.18,0.57,0,0,0,0,0,0,
"2016-12-05T19:55:00Z","2016-12-05T20:00:00Z",676.30,0.57,0,0,0,0,0,0,
"2016-12-05T20:00:00Z","2016-12-05T20:05:00Z",676.28,0.57,0,0,0,0,0,0,
"2016-12-05T20:05:00Z","2016-12-05T20:10:00Z",676.19,0.57,0,0,0,0,0,0,
"2016-12-05T20:10:00Z","2016-12-05T20:15:00Z",676.31,0.57,0,0,0,0,0,0,
"2016-12-05T20:15:00Z","2016-12-05T20:20:00Z",676.21,0.57,0,0,0,0,0,0,
"2016-12-05T20:20:00Z","2016-12-05T20:25:00Z",676.24,0.57,0,0,0,0,0,0,
"2016-12-05T20:25:00Z","2016-12-05T20:30:00Z",676.24,0.57,0,0,0,0,0,0,
"2016-12-05T20:30:00Z","2016-12-05T20:35:00Z",676.30,0.57,0,0,0,0,0,0,
"2016-12-05T20:35:00Z","2016-12-05T20:40:00Z",676.24,0.57,0,0,0,0,0,0,
"2016-12-05T20:40:00Z","2016-12-05T20:45:00Z",676.19,0.57,0,0,0,0,0,0,
"2016-12-05T20:45:00Z","2016-12-05T20:50:00Z",676.28,0.57,0,0,0,0,0,0,
"2016-12-05T20:50:00Z","2016-12-05T20:55:00Z",676.25,0.57,0,0,0,0,0,0,
"2016-12-05T20:55:00Z","2016-12-05T21:00:00Z",676.13,0.57,0,0,0,0,0,0,
"2016-12-05T21:00:00Z","2016-12-05T21:05:00Z",676.24,0.57,0,0,0,0,0,0,
"2016-12-05T21:05:00Z","2016-12-05T21:10:00Z",676.20,0.57,0,0,0,0,0,0,
"2016-12-05T21:10:00Z","2016-12-05T21:15:00Z",676.18,0.57,0,0,0,0,0,0,
"2016-12-05T21:15:00Z","2016-12-05T21:20:00Z",676.22,0.57,0,0,0,0,0,0,
"2016-12-05T21:20:00Z","2016-12-05T21:25:00Z",676.06,0.57,0,0,0,0,0,0,
"2016-12-05T21:25:00Z","2016-12-05T21:30:00Z",676.16,0.57,0,0,0,0,0,0,
"2016-12-05T21:30:00Z","2016-12-05T21:35:00Z",676.19,0.57,0,0,0,0,0,0,
"2016-12-05T21:35:00Z","2016-12-05T21:40:00Z",676.20,0.57,0,0,0,0,0,0,
"2016-12-05T21:40:00Z","2016-12-05T21:45:00Z",676.09,0.57,0,0,0,0,0,0,
"2016-12-05T21:45:00Z","2016-12-05T21:50:00Z",676.12,0.57,0,0,0,0,0,0,
"2016-12-05T21:50:00Z","2016-12-05T21:55:00Z",676.17,0.57,0,0,0,0,0,0,
"2016-12-05T21:55:00Z","2016-12-05T22:00:00Z",676.25,0.57,0,0,0,0,0,0,
"2016-12-05T22:00:00Z","2016-12-05T22:05:00Z",676.05,0.57,0,0,0,0,0,0,
"2016-12-05T22:05:00Z","2016-12-05T22:10:00Z",676.15,0.57,0,0,0,0,0,0,
"2016-12-05T22:10:00Z","2016-12-05T22:15:00Z",676.02,0.57,0,0,0,0,0,0,
"2016-12-05T22:15:00Z","2016-12-05T22:20:00Z",676.17,0.57,0,0,0,0,0,0,
"2016-12-05T22:20:00Z","2016-12-05T22:25:00Z",676.17,0.57,0,0,0,0,0,0,
"2016-12-05T22:25:00Z","2016-12-05T22:30:00Z",676.14,0.57,0,0,0,0,0,0,
"2016-12-05T22:30:00Z","2016-12-05T22:35:00Z",676.25,0.57,0,0,0,0,0,0,
"2016-12-05T22:35:00Z","2016-12-05T22:40:00Z",676.21,0.57,0,0,0,0,0,0,
"2016-12-05T22:40:00Z","2016-12-05T22:45:00Z",676.28,0.57,0,0,0,0,0,0,
"2016-12-05T22:45:00Z","2016-12-05T22:50:00Z",676.08,0.57,0,0,0,0,0,0,
"2016-12-05T22:50:00Z","2016-12-05T22:55:00Z",676.17,0.57,0,0,0,0,0,0,
"2016-12-05T22:55:00Z","2016-12-05T23:00:00Z",676.06,0.57,0,0,0,0,0,0,
"2016-12-05T23:00:00Z","2016-12-05T23:05:00Z",676.04,0.57,0,0,0,0,0,0,
"2016-12-05T23:05:00Z","2016-12-05T23:10:00Z",676.17,0.57,0,0,0,0,0,0,
"2016-12-05T23:10:00Z","2016-12-05T23:15:00Z",676.15,0.57,0,0,0,0,0,0,
"2016-12-05T23:15:00Z","2016-12-05T23:20:00Z",676.22,0.57,0,0,0,0,0,0,
"2016-12-05T23:20:00Z","2016-12-05T23:25:00Z",676.23,0.57,0,0,0,0,0,0,
"2016-12-05T23:25:00Z","2016-12-05T23:30:00Z",676.19,0.57,0,0,0,0,0,0,
"2016-12-05T23:30:00Z","2016-12-05T23:35:00Z",676.20,0.57,0,0,0,0,0,0,
"2016-12-05T23:35:00Z","2016-12-05T23:40:00Z",676.11,0.57,0,0,0,0,0,0,
"2016-12-05T23:40:00Z","2016-12-05T23:45:00Z",676.11,0.57,0,0,0,0,0,0,
"2016-12-05T23:45:00Z","2016-12-05T23:50:00Z",676.12,0.57,0,0,0,0,0,0,
"2016-12-05T23:50:00Z","2016-12-05T23:55:00Z",676.26,0.57,0,0,0,0,0,0,
"2016-12-05T23:55:00Z","2016-12-06T00:00:00Z",676.23,0.57,0,0,0,0,0,0,
"2016-12-06T00:00:00Z","2016-12-06T00:05:00Z",676.23,0.57,0,0,0,0,0,0,
"2016-12-06T00:05:00Z","2016-12-06T00:10:00Z",676.16,0.57,0,0,0,0,0,0,
"2016-12-06T00:10:00Z","2016-12-06T00:15:00Z",676.16,0.57,0,0,0,0,0,0,
"2016-12-06T00:15:00Z","2016-12-06T00:20:00Z",676.25,0.57,0,0,0,0,0,0,
"2016-12-06T00:20:00Z","2016-12-06T00:25:00Z",676.14,0.57,0,0,0,0,0,0,
"2016-12-06T00:25:00Z","2016-12-06T00:30:00Z",676.13,0.57,0,0,0,0,0,0,
"2016-12-06T00:30:00Z","2016-12-06T00:35:00Z",676.04,0.57,0,0,0,0,0,0,
"2016-12-06T00:35:00Z","2016-12-06T00:40:00Z",676.20,0.57,0,0,0,0,0,0,
"2016-12-06T00:40:00Z","2016-12-06T00:45:00Z",676.22,0.57,0,0,0,0,0,0,
"2016-12-06T00:45:00Z","2016-12-06T00:50:00Z",676.21,0.57,0,0,0,0,0,0,
"2016-12-06T00:50:00Z","2016-12-06T00:55:00Z",676.12,0.57,0,0,0,0,0,0,
"2016-12-06T00:55:00Z","2016-12-06T01:00:00Z",676.13,0.57,0,0,0,0,0,0,
"2016-12-06T01:00:00Z","2016-12-06T01:05:00Z",676.12,0.57,0,0,0,0,0,0,
"2016-12-06T01:05:00Z","2016-12-06T01:10:00Z",676.17,0.57,0,0,0,0,0,0,
"2016-12-06T01:10:00Z","2016-12-06T01:15:00Z",676.22,0.57,0,0,0,0,0,0,
"2016-12-06T01:15:00Z","2016-12-06T01:20:00Z",676.20,0.57,0,0,0,0,0,0,
"2016-12-06T01:20:00Z","2016-12-06T01:25:00Z",676.25,0.57,0,0,0,0,0,0,
"2016-12-06T01:25:00Z","2016-12-06T01:30:00Z",676.11,0.57,0,0,0,0,0,0,
"2016-12-06T01:30:00Z","2016-12-06T01:35:00Z",676.16,0.57,0,0,0,0,0,0,
"2016-12-06T01:35:00Z","2016-12-06T01:40:00Z",676.09,0.57,0,0,0,0,0,0,
"2016-12-06T01:40:00Z","2016-12-06T01:45:00Z",676.15,0.57,0,0,0,0,0,0,
"2016-12-06T01:45:00Z","2016-12-06T01:50:00Z",676.28,0.57,0,0,0,0,0,0,
"2016-12-06T01:50:00Z","2016-12-06T01:55:00Z",676.16,0.57,0,0,0,0,0,0,
"2016-12-06T01:55:00Z","2016-12-06T02:00:00Z",676.22,0.57,0,0,0,0,0,0,
"2016-12-06T02:00:00Z","2016-12-06T02:05:00Z",676.12,0.57,0,0,0,0,0,0,
"2016-12-06T02:05:00Z","2016-12-06T02:10:00Z",676.22,0.57,0,0,0,0,0,0,
"2016-12-06T02:10:00Z","2016-12-06T02:15:00Z",676.12,0.57,0,0,0,0,0,0,
"2016-12-06T02:15:00Z","2016-12-06T02:20:00Z",676.26,0.57,0,0,0,0,0,0,
"2016-12-06T02:20:00Z","2016-12-06T02:25:00Z",676.14,0.57,0,0,0,0,0,0,
"2016-12-06T02:25:00Z","2016-12-06T02:30:00Z",676.30,0.57,0,0,0,0,0,0,
"2016-12-06T02:30:00Z","2016-12-06T02:35:00Z",676.17,0.57,0,0,0,0,0,0,
"2016-12-06T02:35:00Z","2016-12-06T02:40:00Z",676.24,0.57,0,0,0,0,0,0,
"2016-12-06T02:40:00Z","2016-12-06T02:45:00Z",676.17,0.57,0,0,0,0,0,0,
"2016-12-06T02:45:00Z","2016-12-06T02:50:00Z",676.28,0.57,0,0,0,0,0,0,
"2016-12-06T02:50:00Z","2016-12-06T02:55:00Z",676.08,0.57,0,0,0,0,0,0,
"2016-12-06T02:55:00Z","2016-12-06T03:00:00Z",676.20,0.57,0,0,0,0,0,0,
"2016-12-06T03:00:00Z","2016-12-06T03:05:00Z",676.26,0.57,0,0,0,0,0,0,
"2016-12-06T03:05:00Z","2016-12-06T03:10:00Z",676.15,0.57,0,0,0,0,0,0,
"2016-12-06T03:10:00Z","2016-12-06T03:15:00Z",676.23,0.57,0,0,0,0,0,0,
"2016-12-06T03:15:00Z","2016-12-06T03:20:00Z",676.14,0.57,0,0,0,0,0,0,
"2016-12-06T03:20:00Z","2016-12-06T03:25:00Z",676.22,0.57,0,0,0,0,0,0,
"2016-12-06T03:25:00Z","2016-12-06T03:30:00Z",676.28,0.57,0,0,0,0,0,0,
"2016-12-06T03:30:00Z","2016-12-06T03:35:00Z",676.21,0.57,0,0,0,0,0,0,
"2016-12-06T03:35:00Z","2016-12-06T03:40:00Z",676.11,0.57,0,0,0,0,0,0,
"2016-12-06T03:40:00Z","2016-12-06T03:45:00Z",676.17,0.57,0,0,0,0,0,0,
"2016-12-06T03:45:00Z","2016-12-06T03:50:00Z",676.12,0.57,0,0,0,0,0,0,
"2016-12-06T03:50:00Z","2016-12-06T03:55:00Z",676.27,0.57,0,0,0,0,0,0,
"2016-12-06T03:55:00Z","2016-12-06T04:00:00Z",676.28,0.57,0,0,0,0,0,0,
"2016-12-06T04:00:00Z","2016-12-06T04:05:00Z",676.19,0.57,0,0,0,0,0,0,
"2016-12-06T04:05:00Z","2016-12-06T04:10:00Z",676.30,0.57,0,0,0,0,0,0,
"2016-12-06T04:10:00Z","2016-12-06T04:15:00Z",676.27,0.57,0,0,0,0,0,0,
"2016-12-06T04:15:00Z","2016-12-06T04:20:00Z",676.32,0.57,0,0,0,0,0,0,
"2016-12-06T04:20:00Z","2016-12-06T04:25:00Z",676.10,0.57,0,0,0,0,0,0,
"2016-12-06T04:25:00Z","2016-12-06T04:30:00Z",676.22,0.57,0,0,0,0,0,0,
"2016-12-06T04:30:00Z","2016-12-06T04:35:00Z",676.17,0.57,0,0,0,0,0,0,
"2016-12-06T04:35:00Z","2016-12-06T04:40:00Z",676.13,0.57,0,0,0,0,0,0,
"2016-12-06T04:40:00Z","2016-12-06T04:45:00Z",676.34,0.57,0,0,0,0,0,0,
"2016-12-06T04:45:00Z","2016-12-06T04:50:00Z",676.20,0.57,0,0,0,0,0,0,
"2016-12-06T04:50:00Z","2016-12-06T04:55:00Z",676.25,0.57,0,0,0,0,0,0,
"2016-12-06T04:55:00Z","2016-12-06T05:00:00Z",676.18,0.57,0,0,0,0,0,0,
"2016-12-06T05:00:00Z","2016-12-06T05:05:00Z",676.18,0.57,0,0,0,0,0,0,
"2016-12-06T05:05:00Z","2016-12-06T05:10:00Z",676.24,0.57,0,0,0,0,0,0,
"2016-12-06T05:10:00Z","2016-12-06T05:15:00Z",676.25,0.57,0,0,0,0,0,0,
"2016-12-06T05:15:00Z","2016-12-06T05:20:00Z",676.20,0.57,0,0,0,0,0,0,
"2016-12-06T05:20:00Z","2016-12-06T05:25:00Z",676.27,0.57,0,0,0,0,0,0,
"2016-12-06T05:25:00Z","2016-12-06T05:30:00Z",676.24,0.57,0,0,0,0,0,0,
"2016-12-06T05:30:00Z","2016-12-06T05:35:00Z",676.22,0.57,0,0,0,0,0,0,
"2016-12-06T05:35:00Z","2016-12-06T05:40:00Z",676.26,0.57,0,0,0,0,0,0,
"2016-12-06T05:40:00Z","2016-12-06T05:45:00Z",676.24,0.57,0,0,0,0,0,0,
"2016-12-06T05:45:00Z","2016-12-06T05:50:00Z",676.22,0.57,0,0,0,0,0,0,
"2016-12-06T05:50:00Z","2016-12-06T05:55:00Z",676.25,0.57,0,0,0,0,0,0,
"2016-12-06T05:55:00Z","2016-12-06T06:00:00Z",676.24,0.57,0,0,0,0,0,0,
"2016-12-06T06:00:00Z","2016-12-06T06:05:00Z",676.16,0.57,0,0,0,0,0,0,
"2016-12-06T06:05:00Z","2016-12-06T06:10:00Z",676.17,0.57,0,0,0,0,0,0,
"2016-12-06T06:10:00Z","2016-12-06T06:15:00Z",676.18,0.57,0,0,0,0,0,0,
"2016-12-06T06:15:00Z","2016-12-06T06:20:00Z",676.18,0.57,0,0,0,0,0,0,
"2016-12-06T06:20:00Z","2016-12-06T06:25:00Z",676.20,0.57,0,0,0,0,0,0,
"2016-12-06T06:25:00Z","2016-12-06T06:30:00Z",676.15,0.57,0,0,0,0,0,0,
"2016-12-06T06:30:00Z","2016-12-06T06:35:00Z",676.12,0.57,0,0,0,0,0,0,
"2016-12-06T06:35:00Z","2016-12-06T06:40:00Z",676.18,0.57,0,0,0,0,0,0,
"2016-12-06T06:40:00Z","2016-12-06T06:45:00Z",676.22,0.57,0,0,0,0,0,0,
"2016-12-06T06:45:00Z","2016-12-06T06:50:00Z",676.07,0.57,0,0,0,0,0,0,
"2016-12-06T06:50:00Z","2016-12-06T06:55:00Z",676.22,0.57,0,0,0,0,0,0,
"2016-12-06T06:55:00Z","2016-12-06T07:00:00Z",676.32,0.57,0,0,0,0,0,0,
"2016-12-06T07:00:00Z","2016-12-06T07:05:00Z",676.28,0.57,0,0,0,0,0,0,
"2016-12-06T07:05:00Z","2016-12-06T07:10:00Z",676.22,0.57,0,0,0,0,0,0,
"2016-12-06T07:10:00Z","2016-12-06T07:15:00Z",676.16,0.57,0,0,0,0,0,0,
"2016-12-06T07:15:00Z","2016-12-06T07:20:00Z",676.20,0.57,0,0,0,0,0,0,
"2016-12-06T07:20:00Z","2016-12-06T07:25:00Z",676.27,0.57,0,0,0,0,0,0,
"2016-12-06T07:25:00Z","2016-12-06T07:30:00Z",676.26,0.57,0,0,0,0,0,0,
"2016-12-06T07:30:00Z","2016-12-06T07:35:00Z",676.22,0.57,0,0,0,0,0,0,
"2016-12-06T07:35:00Z","2016-12-06T07:40:00Z",676.28,0.57,0,0,0,0,0,0,
"2016-12-06T07:40:00Z","2016-12-06T07:45:00Z",676.14,0.57,0,0,0,0,0,0,
"2016-12-06T07:45:00Z","2016-12-06T07:50:00Z",676.24,0.57,0,0,0,0,0,0,
"2016-12-06T07:50:00Z","2016-12-06T07:55:00Z",676.25,0.57,0,0,0,0,0,0,
"2016-12-06T07:55:00Z","2016-12-06T08:00:00Z",676.18,0.57,0,0,0,0,0,0,
"2016-12-06T08:00:00Z","2016-12-06T08:05:00Z",676.23,0.57,0,0,0,0,0,0,
"2016-12-06T08:05:00Z","2016-12-06T08:10:00Z",676.23,0.57,0,0,0,0,0,0,
"2016-12-06T08:10:00Z","2016-12-06T08:15:00Z",676.16,0.57,0,0,0,0,0,0,
"2016-12-06T08:15:00Z","2016-12-06T08:20:00Z",676.27,0.57,0,0,0,0,0,0,
"2016-12-06T08:20:00Z","2016-12-06T08:25:00Z",676.28,0.57,0,0,0,0,0,0,
"2016-12-06T08:25:00Z","2016-12-06T08:30:00Z",676.15,0.57,0,0,0,0,0,0,
"2016-12-06T08:30:00Z","2016-12-06T08:35:00Z",676.22,0.57,0,0,0,0,0,0,
"2016-12-06T08:35:00Z","2016-12-06T08:40:00Z",676.30,0.57,0,0,0,0,0,0,
"2016-12-06T08:40:00Z","2016-12-06T08:45:00Z",676.28,0.57,0,0,0,0,0,0,
"2016-12-06T08:45:00Z","2016-12-06T08:50:00Z",676.36,0.57,0,0,0,0,0,0,
"2016-12-06T08:50:00Z","2016-12-06T08:55:00Z",676.28,0.57,0,0,0,0,0,0,
"2016-12-06T08:55:00Z","2016-12-06T09:00:00Z",676.34,0.57,0,0,0,0,0,0,
"2016-12-06T09:00:00Z","2016-12-06T09:05:00Z",676.20,0.57,0,0,0,0,0,0,
"2016-12-06T09:05:00Z","2016-12-06T09:10:00Z",676.32,0.57,0,0,0,0,0,0,
"2016-12-06T09:10:00Z","2016-12-06T09:15:00Z",676.22,0.57,0,0,0,0,0,0,
"2016-12-06T09:15:00Z","2016-12-06T09:20:00Z",676.26,0.57,0,0,0,0,0,0,
"2016-12-06T09:20:00Z","2016-12-06T09:25:00Z",676.22,0.57,0,0,0,0,0,0,
"2016-12-06T09:25:00Z","2016-12-06T09:30:00Z",676.24,0.57,0,0,0,0,0,0,
"2016-12-06T09:30:00Z","2016-12-06T09:35:00Z",676.28,0.57,0,0,0,0,0,0,
"2016-12-06T09:35:00Z","2016-12-06T09:40:00Z",676.19,0.57,0,0,0,0,0,0,
"2016-12-06T09:40:00Z","2016-12-06T09:45:00Z",676.28,0.57,0,0,0,0,0,0,
"2016-12-06T09:45:00Z","2016-12-06T09:50:00Z",676.33,0.57,0,0,0,0,0,0,
"2016-12-06T09:50:00Z","2016-12-06T09:55:00Z",676.24,0.57,0,0,0,0,0,0,
"2016-12-06T09:55:00Z","2016-12-06T10:00:00Z",676.37,0.57,0,0,0,0,0,0,
"2016-12-06T10:00:00Z","2016-12-06T10:05:00Z",676.30,0.57,0,0,0,0,0,0,
"2016-12-06T10:05:00Z","2016-12-06T10:10:00Z",676.31,0.57,0,0,0,0,0,0,
"2016-12-06T10:10:00Z","2016-12-06T10:15:00Z",676.36,0.57,0,0,0,0,0,0,
"2016-12-06T10:15:00Z","2016-12-06T10:20:00Z",676.33,0.57,0,0,0,0,0,0,
"2016-12-06T10:20:00Z","2016-12-06T10:25:00Z",676.37,0.57,0,0,0,0,0,0,
"2016-12-06T10:25:00Z","2016-12-06T10:30:00Z",676.29,0.57,0,0,0,0,0,0,
"2016-12-06T10:30:00Z","2016-12-06T10:35:00Z",676.36,0.57,0,0,0,0,0,0,
"2016-12-06T10:35:00Z","2016-12-06T10:40:00Z",676.29,0.57,0,0,0,0,0,0,
"2016-12-06T10:40:00Z","2016-12-06T10:45:00Z",676.41,0.57,0,0,0,0,0,0,
"2016-12-06T10:45:00Z","2016-12-06T10:50:00Z",676.30,0.57,0,0,0,0,0,0,
"2016-12-06T10:50:00Z","2016-12-06T10:55:00Z",676.32,0.57,0,0,0,0,0,0,
"2016-12-06T10:55:00Z","2016-12-06T11:00:00Z",676.29,0.57,0,0,0,0,0,0,
"2016-12-06T11:00:00Z","2016-12-06T11:05:00Z",676.27,0.57,0,0,0,0,0,0,
"2016-12-06T11:05:00Z","2016-12-06T11:10:00Z",676.41,0.57,0,0,0,0,0,0,
"2016-12-06T11:10:00Z","2016-12-06T11:15:00Z",676.22,0.57,0,0,0,0,0,0,
"2016-12-06T11:15:00Z","2016-12-06T11:20:00Z",676.38,0.57,0,0,0,0,0,0,
"2016-12-06T11:20:00Z","2016-12-06T11:25:00Z",676.35,0.57,0,0,0,0,0,0,
"2016-12-06T11:25:00Z","2016-12-06T11:30:00Z",,0.57,,,,,,,
"2016-12-06T11:30:00Z","2016-12-06T11:35:00Z",,0.57,,,,,,,
"2016-12-06T11:35:00Z","2016-12-06T11:40:00Z",,0.57,,,,,,,
"2016-12-06T11:40:00Z","2016-12-06T11:45:00Z",,0.57,,,,,,,
"2016-12-06T11:45:00Z","2016-12-06T11:50:00Z",,0.57,,,,,,,
"2016-12-06T11:50:00Z","2016-12-06T11:55:00Z",,0.57,,,,,,,
"2016-12-06T11:55:00Z","2016-12-06T12:00:00Z",,0.57,,,,,,,
"2016-12-06T12:00:00Z","2016-12-06T12:05:00Z",676.35,0.57,0,0,0,0,0,0,
"2016-12-06T12:05:00Z","2016-12-06T12:10:00Z",676.36,0.57,0,0,0,0,0,0,
"2016-12-06T12:10:00Z","2016-12-06T12:15:00Z",676.36,0.57,0,0,0,0,0,0,
"2016-12-06T12:15:00Z","2016-12-06T12:20:00Z",676.35,0.57,0,0,0,0,0,0,
"2016-12-06T12:20:00Z","2016-12-06T12:25:00Z",676.38,0.57,0,0,0,0,0,0,
"2016-12-06T12:25:00Z","2016-12-06T12:30:00Z",676.34,0.57,0,0,0,0,0,0,
"2016-12-06T12:30:00Z","2016-12-06T12:35:00Z",676.19,0.57,0,0,0,0,0,0,
"2016-12-06T12:35:00Z","2016-12-06T12:40:00Z",676.27,0.57,0,0,0,0,0,0,
"2016-12-06T12:40:00Z","2016-12-06T12:45:00Z",676.35,0.57,0,0,0,0,0,0,
"2016-12-06T12:45:00Z","2016-12-06T12:50:00Z",676.49,0.57,0,0,0,0,0,0,
"2016-12-06T12:50:00Z","2016-12-06T12:55:00Z",676.29,0.57,0,0,0,0,0,0,
"2016-12-06T12:55:00Z","2016-12-06T13:00:00Z",676.31,0.57,0,0,0,0,0,0,
"2016-12-06T13:00:00Z","2016-12-06T13:05:00Z",676.39,0.57,0,0,0,0,0,0,
"2016-12-06T13:05:00Z","2016-12-06T13:10:00Z",676.44,0.57,0,0,0,0,0,0,
"2016-12-06T13:10:00Z","2016-12-06T13:15:00Z",676.40,0.57,0,0,0,0,0,0,
"2016-12-06T13:15:00Z","2016-12-06T13:20:00Z",676.37,0.57,0,0,0,0,0,0,
"2016-12-06T13:20:00Z","2016-12-06T13:25:00Z",676.41,0.57,0,0,0,0,0,0,
"2016-12-06T13:25:00Z","2016-12-06T13:30:00Z",676.47,0.57,0,0,0,0,0,0,
"2016-12-06T13:30:00Z","2016-12-06T13:35:00Z",676.37,0.57,0,0,0,0,0,0,
"2016-12-06T13:35:00Z","2016-12-06T13:40:00Z",676.48,0.57,0,0,0,0,0,0,
"2016-12-06T13:40:00Z","2016-12-06T13:45:00Z",676.41,0.57,0,0,0,0,0,0,
"2016-12-06T13:45:00Z","2016-12-06T13:50:00Z",676.46,0.57,0,0,0,0,0,0,
"2016-12-06T13:50:00Z","2016-12-06T13:55:00Z",676.54,0.57,0,0,0,0,0,0,
"2016-12-06T13:55:00Z","2016-12-06T14:00:00Z",676.50,0.57,0,0,0,0,0,0,
"2016-12-06T14:00:00Z","2016-12-06T14:05:00Z",676.39,0.57,0,0,0,0,0,0,
"2016-12-06T14:05:00Z","2016-12-06T14:10:00Z",676.38,0.57,0,0,0,0,0,0,
"2016-12-06T14:10:00Z","2016-12-06T14:15:00Z",676.42,0.57,0,0,0,0,0,0,
"2016-12-06T14:15:00Z","2016-12-06T14:20:00Z",676.48,0.57,0,0,0,0,0,0,
"2016-12-06T14:20:00Z","2016-12-06T14:25:00Z",676.37,0.57,0,0,0,0,0,0,
"2016-12-06T14:25:00Z","2016-12-06T14:30:00Z",676.39,0.57,0,0,0,0,0,0,
"2016-12-06T14:30:00Z","2016-12-06T14:35:00Z",676.47,0.57,0,0,0,0,0,0,
"2016-12-06T14:35:00Z","2016-12-06T14:40:00Z",676.35,0.57,0,0,0,0,0,0,
"2016-12-06T14:40:00Z","2016-12-06T14:45:00Z",676.42,0.57,0,0,0,0,0,0,
"2016-12-06T14:45:00Z","2016-12-06T14:50:00Z",676.44,0.57,0,0,0,0,0,0,
"2016-12-06T14:50:00Z","2016-12-06T14:55:00Z",676.47,0.57,0,0,0,0,0,0,
"2016-12-06T14:55:00Z","2016-12-06T15:00:00Z",676.48,0.57,0,0,0,0,0,0,
"2016-12-06T15:00:00Z","2016-12-06T15:05:00Z",676.38,0.57,0,0,0,0,0,0,
"2016-12-06T15:05:00Z","2016-12-06T15:10:00Z",676.49,0.57,0,0,0,0,0,0,
"2016-12-06T15:10:00Z","2016-12-06T15:15:00Z",676.40,0.57,0,0,0,0,0,0,
"2016-12-06T15:15:00Z","2016-12-06T15:20:00Z",676.51,0.57,0,0,0,0,0,0,
"2016-12-06T15:20:00Z","2016-12-06T15:25:00Z",676.49,0.57,0,0,0,0,0,0,
"2016-12-06T15:25:00Z","2016-12-06T15:30:00Z",676.41,0.57,0,0,0,0,0,0,
"2016-12-06T15:30:00Z","2016-12-06T15:35:00Z",676.45,0.57,0,0,0,0,0,0,
"2016-12-06T15:35:00Z","2016-12-06T15:40:00Z",676.48,0.57,0,0,0,0,0,0,
"2016-12-06T15:40:00Z","2016-12-06T15:45:00Z",676.56,0.57,0,0,0,0,0,0,
"2016-12-06T15:45:00Z","2016-12-06T15:50:00Z",676.49,0.57,0,0,0,0,0,0,
"2016-12-06T15:50:00Z","2016-12-06T15:55:00Z",676.51,0.57,0,0,0,0,0,0,
"2016-12-06T15:55:00Z","2016-12-06T16:00:00Z",676.44,0.57,0,0,0,0,0,0,
"2016-12-06T16:00:00Z","2016-12-06T16:05:00Z",676.63,0.57,0,0,0,0,0,0,
"2016-12-06T16:05:00Z","2016-12-06T16:10:00Z",676.47,0.57,0,0,0,0,0,0,
"2016-12-06T16:10:00Z","2016-12-06T16:15:00Z",676.46,0.57,0,0,0,0,0,0,
"2016-12-06T16:15:00Z","2016-12-06T16:20:00Z",676.48,0.57,0,0,0,0,0,0,
"2016-12-06T16:20:00Z","2016-12-06T16:25:00Z",676.45,0.57,0,0,0,0,0,0,
"2016-12-06T16:25:00Z","2016-12-06T16:30:00Z",676.48,0.57,0,0,0,0,0,0,
"2016-12-06T16:30:00Z","2016-12-06T16:35:00Z",676.59,0.57,0,0,0,0,0,0,
"2016-12-06T16:35:00Z","2016-12-06T16:40:00Z",676.47,0.57,0,0,0,0,0,0,
"2016-12-06T16:40:00Z","2016-12-06T16:45:00Z",676.45,0.57,0,0,0,0,0,0,
"2016-12-06T16:45:00Z","2016-12-06T16:50:00Z",676.54,0.57,0,0,0,0,0,0,
"2016-12-06T16:50:00Z","2016-12-06T16:55:00Z",676.44,0.57,0,0,0,0,0,0,
"2016-12-06T16:55:00Z","2016-12-06T17:00:00Z",676.58,0.57,0,0,0,0,0,0,
"2016-12-06T17:00:00Z","2016-12-06T17:05:00Z",676.39,0.57,0,0,0,0,0,0,
"2016-12-06T17:05:00Z","2016-12-06T17:10:00Z",676.34,0.57,0,0,0,0,0,0,
"2016-12-06T17:10:00Z","2016-12-06T17:15:00Z",676.33,0.57,0,0,0,0,0,0,
"2016-12-06T17:15:00Z","2016-12-06T17:20:00Z",676.40,0.57,0,0,0,0,0,0,
"2016-12-06T17:20:00Z","2016-12-06T17:25:00Z",676.46,0.57,0,0,0,0,0,0,
"2016-12-06T17:25:00Z","2016-12-06T17:30:00Z",676.42,0.57,0,0,0,0,0,0,
"2016-12-06T17:30:00Z","2016-12-06T17:35:00Z",676.42,0.57,0,0,0,0,0,0,
"2016-12-06T17:35:00Z","2016-12-06T17:40:00Z",676.42,0.57,0,0,0,0,0,0,
"2016-12-06T17:40:00Z","2016-12-06T17:45:00Z",676.50,0.57,0,0,0,0,0,0,
"2016-12-06T17:45:00Z","2016-12-06T17:50:00Z",676.54,0.57,0,0,0,0,0,0,
"2016-12-06T17:50:00Z","2016-12-06T17:55:00Z",676.39,0.57,0,0,0,0,0,0,
"2016-12-06T17:55:00Z","2016-12-06T18:00:00Z",676.47,0.57,0,0,0,0,0,0,
"2016-12-06T18:00:00Z","2016-12-06T18:05:00Z",676.46,0.57,0,0,0,0,0,0,
"2016-12-06T18:05:00Z","2016-12-06T18:10:00Z",676.33,0.57,0,0,0,0,0,0,
"2016-12-06T18:10:00Z","2016-12-06T18:15:00Z",676.32,0.57,0,0,0,0,0,0,
"2016-12-06T18:15:00Z","2016-12-06T18:20:00Z",676.48,0.57,0,0,0,0,0,0,
"2016-12-06T18:20:00Z","2016-12-06T18:25:00Z",676.48,,0,0,0,0,0,0,
"2016-12-06T18:25:00Z","2016-12-06T18:30:00Z",676.35,,0,0,0,0,0,0,
"2016-12-06T18:30:00Z","2016-12-06T18:35:00Z",676.41,,0,0,0,0,0,0,
"2016-12-06T18:35:00Z","2016-12-06T18:40:00Z",676.35,0.57,0,0,0,0,0,0,
"2016-12-06T18:40:00Z","2016-12-06T18:45:00Z",676.37,0.57,0,0,0,0,0,0,
"2016-12-06T18:45:00Z","2016-12-06T18:50:00Z",676.36,0.57,0,0,0,0,0,0,
"2016-12-06T18:50:00Z","2016-12-06T18:55:00Z",676.38,0.57,0,0,0,0,0,0,
"2016-12-06T18:55:00Z","2016-12-06T19:00:00Z",676.42,0.57,0,0,0,0,0,0,
"2016-12-06T19:00:00Z","2016-12-06T19:05:00Z",676.41,0.57,0,0,0,0,0,0,
"2016-12-06T19:05:00Z","2016-12-06T19:10:00Z",676.37,0.57,0,0,0,0,0,0,
"2016-12-06T19:10:00Z","2016-12-06T19:15:00Z",676.45,0.57,0,0,0,0,0,0,
"2016-12-06T19:15:00Z","2016-12-06T19:20:00Z",676.36,0.57,0,0,0,0,0,0,
"2016-12-06T19:20:00Z","2016-12-06T19:25:00Z",676.31,0.57,0,0,0,0,0,0,
"2016-12-06T19:25:00Z","2016-12-06T19:30:00Z",676.31,0.57,0,0,0,0,0,0,
"2016-12-06T19:30:00Z","2016-12-06T19:35:00Z",676.45,0.57,0,0,0,0,0,0,
"2016-12-06T19:35:00Z","2016-12-06T19:40:00Z",676.26,0.57,0,0,0,0,0,0,
"2016-12-06T19:40:00Z","2016-12-06T19:45:00Z",676.43,0.57,0,0,0,0,0,0,
"2016-12-06T19:45:00Z","2016-12-06T19:50:00Z",676.33,0.57,0,0,0,0,0,0,
"2016-12-06T19:50:00Z","2016-12-06T19:55:00Z",676.42,0.57,0,0,0,0,0,0,
"2016-12-06T19:55:00Z","2016-12-06T20:00:00Z",676.32,0.57,0,0,0,0,0,0,
"2016-12-06T20:00:00Z","2016-12-06T20:05:00Z",676.39,0.57,0,0,0,0,0,0,
"2016-12-06T20:05:00Z","2016-12-06T20:10:00Z",676.34,0.57,0,0,0,0,0,0,
"2016-12-06T20:10:00Z","2016-12-06T20:15:00Z",676.39,0.57,0,0,0,0,0,0,
"2016-12-06T20:15:00Z","2016-12-06T20:20:00Z",676.35,0.57,0,0,0,0,0,0,
"2016-12-06T20:20:00Z","2016-12-06T20:25:00Z",676.27,0.57,0,0,0,0,0,0,
"2016-12-06T20:25:00Z","2016-12-06T20:30:00Z",676.32,0.57,0,0,0,0,0,0,
"2016-12-06T20:30:00Z","2016-12-06T20:35:00Z",676.30,0.57,0,0,0,0,0,0,
"2016-12-06T20:35:00Z","2016-12-06T20:40:00Z",676.31,0.57,0,0,0,0,0,0,
"2016-12-06T20:40:00Z","2016-12-06T20:45:00Z",676.26,0.57,0,0,0,0,0,0,
"2016-12-06T20:45:00Z","2016-12-06T20:50:00Z",676.29,0.57,0,0,0,0,0,0,
"2016-12-06T20:50:00Z","2016-12-06T20:55:00Z",676.25,0.57,0,0,0,0,0,0,
"2016-12-06T20:55:00Z","2016-12-06T21:00:00Z",676.23,0.57,0,0,0,0,0,0,
"2016-12-06T21:00:00Z","2016-12-06T21:05:00Z",676.34,0.57,0,0,0,0,0,0,
"2016-12-06T21:05:00Z","2016-12-06T21:10:00Z",676.25,0.57,0,0,0,0,0,0,
"2016-12-06T21:10:00Z","2016-12-06T21:15:00Z",676.21,0.57,0,0,0,0,0,0,
"2016-12-06T21:15:00Z","2016-12-06T21:20:00Z",676.22,0.57,0,0,0,0,0,0,
"2016-12-06T21:20:00Z","2016-12-06T21:25:00Z",676.29,0.57,0,0,0,0,0,0,
"2016-12-06T21:25:00Z","2016-12-06T21:30:00Z",676.23,0.57,0,0,0,0,0,0,
"2016-12-06T21:30:00Z","2016-12-06T21:35:00Z",676.29,0.57,0,0,0,0,0,0,
"2016-12-06T21:35:00Z","2016-12-06T21:40:00Z",676.27,0.57,0,0,0,0,0,0,
"2016-12-06T21:40:00Z","2016-12-06T21:45:00Z",676.27,0.57,0,0,0,0,0,0,
"2016-12-06T21:45:00Z","2016-12-06T21:50:00Z",676.25,0.57,0,0,0,0,0,0,
"2016-12-06T21:50:00Z","2016-12-06T21:55:00Z",676.15,0.57,0,0,0,0,0,0,
"2016-12-06T21:55:00Z","2016-12-06T22:00:00Z",676.26,0.57,0,0,0,0,0,0,
"2016-12-06T22:00:00Z","2016-12-06T22:05:00Z",676.25,0.57,0,0,0,0,0,0,
"2016-12-06T22:05:00Z","2016-12-06T22:10:00Z",676.18,0.57,0,0,0,0,0,0,
"2016-12-06T22:10:00Z","2016-12-06T22:15:00Z",676.28,0.57,0,0,0,0,0,0,
"2016-12-06T22:15:00Z","2016-12-06T22:20:00Z",676.26,0.57,0,0,0,0,0,0,
"2016-12-06T22:20:00Z","2016-12-06T22:25:00Z",676.18,0.57,0,0,0,0,0,0,
"2016-12-06T22:25:00Z","2016-12-06T22:30:00Z",676.28,0.57,0,0,0,0,0,0,
"2016-12-06T22:30:00Z","2016-12-06T22:35:00Z",676.15,0.57,0,0,0,0,0,0,
"2016-12-06T22:35:00Z","2016-12-06T22:40:00Z",676.22,0.57,0,0,0,0,0,0,
"2016-12-06T22:40:00Z","2016-12-06T22:45:00Z",676.21,0.57,0,0,0,0,0,0,
"2016-12-06T22:45:00Z","2016-12-06T22:50:00Z",676.13,0.57,0,0,0,0,0,0,
"2016-12-06T22:50:00Z","2016-12-06T22:55:00Z",676.21,0.57,0,0,0,0,0,0,
"2016-12-06T22:55:00Z","2016-12-06T23:00:00Z",676.18,0.57,0,0,0,0,0,0,
"2016-12-06T23:00:00Z","2016-12-06T23:05:00Z",676.17,0.57,0,0,0,0,0,0,
"2016-12-06T23:05:00Z","2016-12-06T23:10:00Z",676.26,0.57,0,0,0,0,0,0,
"2016-12-06T23:10:00Z","2016-12-06T23:15:00Z",676.27,0.57,0,0,0,0,0,0,
"2016-12-06T23:15:00Z","2016-12-06T23:20:00Z",676.18,0.57,0,0,0,0,0,0,
"2016-12-06T23:20:00Z","2016-12-06T23:25:00Z",676.21,0.57,0,0,0,0,0,0,
"2016-12-06T23:25:00Z","2016-12-06T23:30:00Z",676.31,0.57,0,0,0,0,0,0,
"2016-12-06T23:30:00Z","2016-12-06T23:35:00Z",676.21,0.57,0,0,0,0,0,0,
"2016-12-06T23:35:00Z","2016-12-06T23:40:00Z",676.19,0.57,0,0,0,0,0,0,
"2016-12-06T23:40:00Z","2016-12-06T23:45:00Z",676.30,0.57,0,0,0,0,0,0,
"2016-12-06T23:45:00Z","2016-12-06T23:50:00Z",676.26,0.57,0,0,0,0,0,0,
"2016-12-06T23:50:00Z","2016-12-06T23:55:00Z",676.19,0.57,0,0,0,0,0,0,
"2016-12-06T23:55:00Z","2016-12-07T00:00:00Z",676.33,0.57,0,0,0,0,0,0,
"2016-12-07T00:00:00Z","2016-12-07T00:05:00Z",676.17,0.57,0,0,0,0,0,0,
"2016-12-07T00:05:00Z","2016-12-07T00:10:00Z",676.27,0.57,0,0,0,0,0,0,
"2016-12-07T00:10:00Z","2016-12-07T00:15:00Z",676.21,0.57,0,0,0,0,0,0,
"2016-12-07T00:15:00Z","2016-12-07T00:20:00Z",676.17,0.57,0,0,0,0,0,0,
"2016-12-07T00:20:00Z","2016-12-07T00:25:00Z",676.29,0.57,0,0,0,0,0,0,
"2016-12-07T00:25:00Z","2016-12-07T00:30:00Z",676.35,0.57,0,0,0,0,0,0,
"2016-12-07T00:30:00Z","2016-12-07T00:35:00Z",676.17,0.57,0,0,0,0,0,0,
"2016-12-07T00:35:00Z","2016-12-07T00:40:00Z",676.24,0.57,0,0,0,0,0,0,
"2016-12-07T00:40:00Z","2016-12-07T00:45:00Z",676.22,0.57,0,0,0,0,0,0,
"2016-12-07T00:45:00Z","2016-12-07T00:50:00Z",676.38,0.57,0,0,0,0,0,0,
"2016-12-07T00:50:00Z","2016-12-07T00:55:00Z",676.25,0.57,0,0,0,0,0,0,
"2016-12-07T00:55:00Z","2016-12-07T01:00:00Z",676.41,0.57,0,0,0,0,0,0,
"2016-12-07T01:00:00Z","2016-12-07T01:05:00Z",676.30,0.57,0,0,0,0,0,0,
"2016-12-07T01:05:00Z","2016-12-07T01:10:00Z",676.40,0.57,0,0,0,0,0,0,
"2016-12-07T01:10:00Z","2016-12-07T01:15:00Z",676.34,0.57,0,0,0,0,0,0,
"2016-12-07T01:15:00Z","2016-12-07T01:20:00Z",676.34,0.57,0,0,0,0,0,0,
"2016-12-07T01:20:00Z","2016-12-07T01:25:00Z",676.28,0.57,0,0,0,0,0,0,
"2016-12-07T01:25:00Z","2016-12-07T01:30:00Z",676.34,0.57,0,0,0,0,0,0,
"2016-12-07T01:30:00Z","2016-12-07T01:35:00Z",676.30,0.57,0,0,0,0,0,0,
"2016-12-07T01:35:00Z","2016-12-07T01:40:00Z",676.41,0.57,0,0,0,0,0,0,
"2016-12-07T01:40:00Z","2016-12-07T01:45:00Z",676.33,0.57,0,0,0,0,0,0,
"2016-12-07T01:45:00Z","2016-12-07T01:50:00Z",676.33,0.57,0,0,0,0,0,0,
"2016-12-07T01:50:00Z","2016-12-07T01:55:00Z",676.26,0.57,0,0,0,0,0,0,
"2016-12-07T01:55:00Z","2016-12-07T02:00:00Z",676.33,0.57,0,0,0,0,0,0,
"2016-12-07T02:00:00Z","2016-12-07T02:05:00Z",676.50,0.57,0,0,0,0,0,0,
"2016-12-07T02:05:00Z","2016-12-07T02:10:00Z",676.35,0.57,0,0,0,0,0,0,
"2016-12-07T02:10:00Z","2016-12-07T02:15:00Z",676.35,0.57,0,0,0,0,0,0,
"2016-12-07T02:15:00Z","2016-12-07T02:20:00Z",676.42,0.57,0,0,0,0,0,0,
"2016-12-07T02:20:00Z","2016-12-07T02:25:00Z",676.43,0.57,0,0,0,0,0,0,
"2016-12-07T02:25:00Z","2016-12-07T02:30:00Z",676.43,0.57,0,0,0,0,0,0,
"2016-12-07T02:30:00Z","2016-12-07T02:35:00Z",676.35,0.57,0,0,0,0,0,0,
"2016-12-07T02:35:00Z","2016-12-07T02:40:00Z",676.43,0.57,0,0,0,0,0,0,
"2016-12-07T02:40:00Z","2016-12-07T02:45:00Z",676.38,0.57,0,0,0,0,0,0,
"2016-12-07T02:45:00Z","2016-12-07T02:50:00Z",676.33,0.57,0,0,0,0,0,0,
"2016-12-07T02:50:00Z","2016-12-07T02:55:00Z",676.45,0.57,0,0,0,0,0,0,
"2016-12-07T02:55:00Z","2016-12-07T03:00:00Z",676.44,0.57,0,0,0,0,0,0,
"2016-12-07T03:00:00Z","2016-12-07T03:05:00Z",676.38,0.57,0,0,0,0,0,0,
"2016-12-07T03:05:00Z","2016-12-07T03:10:00Z",676.51,0.57,0,0,0,0,0,0,
"2016-12-07T03:10:00Z","2016-12-07T03:15:00Z",676.42,0.57,0,0,0,0,0,0,
"2016-12-07T03:15:00Z","2016-12-07T03:20:00Z",676.43,0.57,0,0,0,0,0,0,
"2016-12-07T03:20:00Z","2016-12-07T03:25:00Z",676.41,0.57,0,0,0,0,0,0,
"2016-12-07T03:25:00Z","2016-12-07T03:30:00Z",676.51,0.57,0,0,0,0,0,0,
"2016-12-07T03:30:00Z","2016-12-07T03:35:00Z",676.35,0.57,0,0,0,0,0,0,
"2016-12-07T03:35:00Z","2016-12-07T03:40:00Z",676.55,0.57,0,0,0,0,0,0,
"2016-12-07T03:40:00Z","2016-12-07T03:45:00Z",676.57,0.57,0,0,0,0,0,0,
"2016-12-07T03:45:00Z","2016-12-07T03:50:00Z",676.53,0.57,0,0,0,0,0,0,
"2016-12-07T03:50:00Z","2016-12-07T03:55:00Z",676.54,0.57,0,0,0,0,0,0,
"2016-12-07T03:55:00Z","2016-12-07T04:00:00Z",676.50,0.57,0,0,0,0,0,0,
"2016-12-07T04:00:00Z","2016-12-07T04:05:00Z",676.55,0.57,0,0,0,0,0,0,
"2016-12-07T04:05:00Z","2016-12-07T04:10:00Z",676.48,0.57,0,0,0,0,0,0,
"2016-12-07T04:10:00Z","2016-12-07T04:15:00Z",676.56,0.57,0,0,0,0,0,0,
"2016-12-07T04:15:00Z","2016-12-07T04:20:00Z",676.49,0.57,0,0,0,0,0,0,
"2016-12-07T04:20:00Z","2016-12-07T04:25:00Z",676.54,0.57,0,0,0,0,0,0,
"2016-12-07T04:25:00Z","2016-12-07T04:30:00Z",676.48,0.57,0,0,0,0,0,0,
"2016-12-07T04:30:00Z","2016-12-07T04:35:00Z",676.57,0.57,0,0,0,0,0,0,
"2016-12-07T04:35:00Z","2016-12-07T04:40:00Z",676.55,0.57,0,0,0,0,0,0,
"2016-12-07T04:40:00Z","2016-12-07T04:45:00Z",676.60,0.57,0,0,0,0,0,0,
"2016-12-07T04:45:00Z","2016-12-07T04:50:00Z",676.50,0.57,0,0,0,0,0,0,
"2016-12-07T04:50:00Z","2016-12-07T04:55:00Z",676.52,0.57,0,0,0,0,0,0,
"2016-12-07T04:55:00Z","2016-12-07T05:00:00Z",676.55,0.57,0,0,0,0,0,0,
"2016-12-07T05:00:00Z","2016-12-07T05:05:00Z",676.46,0.57,0,0,0,0,0,0,
"2016-12-07T05:05:00Z","2016-12-07T05:10:00Z",676.50,0.57,0,0,0,0,0,0,
"2016-12-07T05:10:00Z","2016-12-07T05:15:00Z",676.55,0.57,0,0,0,0,0,0,
"2016-12-07T05:15:00Z","2016-12-07T05:20:00Z",676.48,0.57,0,0,0,0,0,0,
"2016-12-07T05:20:00Z","2016-12-07T05:25:00Z",676.62,0.57,0,0,0,0,0,0,
"2016-12-07T05:25:00Z","2016-12-07T05:30:00Z",676.46,0.57,0,0,0,0,0,0,
"2016-12-07T05:30:00Z","2016-12-07T05:35:00Z",676.64,0.57,0,0,0,0,0,0,
"2016-12-07T05:35:00Z","2016-12-07T05:40:00Z",676.54,0.58,0,0,0,0,0,0,
"2016-12-07T05:40:00Z","2016-12-07T05:45:00Z",676.60,0.57,0,0,0,0,0,0,
"2016-12-07T05:45:00Z","2016-12-07T05:50:00Z",676.61,0.58,0,0,0,0,0,0,
"2016-12-07T05:50:00Z","2016-12-07T05:55:00Z",676.57,0.57,0,0,0,0,0,0,
"2016-12-07T05:55:00Z","2016-12-07T06:00:00Z",676.52,0.58,0,0,0,0,0,0,
"2016-12-07T06:00:00Z","2016-12-07T06:05:00Z",676.65,0.58,0,0,0,0,0,0,
"2016-12-07T06:05:00Z","2016-12-07T06:10:00Z",676.61,0.58,0,0,0,0,0,0,
"2016-12-07T06:10:00Z","2016-12-07T06:15:00Z",676.62,0.57,0,0,0,0,0,0,
"2016-12-07T06:15:00Z","2016-12-07T06:20:00Z",676.66,0.58,0,0,0,0,0,0,
"2016-12-07T06:20:00Z","2016-12-07T06:25:00Z",676.67,0.58,0,0,0,0,0,0,
"2016-12-07T06:25:00Z","2016-12-07T06:30:00Z",676.60,0.58,0,0,0,0,0,0,
"2016-12-07T06:30:00Z","2016-12-07T06:35:00Z",676.58,0.58,0,0,0,0,0,0,
"2016-12-07T06:35:00Z","2016-12-07T06:40:00Z",676.52,0.58,0,0,0,0,0,0,
"2016-12-07T06:40:00Z","2016-12-07T06:45:00Z",676.62,0.58,0,0,0,0,0,0,
"2016-12-07T06:45:00Z","2016-12-07T06:50:00Z",676.62,0.58,0,0,0,0,0,0,
"2016-12-07T06:50:00Z","2016-12-07T06:55:00Z",676.52,0.58,0,0,0,0,0,0,
"2016-12-07T06:55:00Z","2016-12-07T07:00:00Z",676.71,0.58,0,0,0,0,0,0,
"2016-12-07T07:00:00Z","2016-12-07T07:05:00Z",676.58,0.58,0,0,0,0,0,0,
"2016-12-07T07:05:00Z","2016-12-07T07:10:00Z",676.72,0.58,0,0,0,0,0,0,
"2016-12-07T07:10:00Z","2016-12-07T07:15:00Z",676.53,0.58,0,0,0,0,0,0,
"2016-12-07T07:15:00Z","2016-12-07T07:20:00Z",676.64,0.58,0,0,0,0,0,0,
"2016-12-07T07:20:00Z","2016-12-07T07:25:00Z",676.63,0.58,0,0,0,0,0,0,
"2016-12-07T07:25:00Z","2016-12-07T07:30:00Z",676.66,0.58,0,0,0,0,0,0,
"2016-12-07T07:30:00Z","2016-12-07T07:35:00Z",676.59,0.58,0,0,0,0,0,0,
"2016-12-07T07:35:00Z","2016-12-07T07:40:00Z",676.58,0.58,0,0,0,0,0,0,
"2016-12-07T07:40:00Z","2016-12-07T07:45:00Z",676.64,0.58,0,0,0,0,0,0,
"2016-12-07T07:45:00Z","2016-12-07T07:50:00Z",676.69,0.58,0,0,0,0,0,0,
"2016-12-07T07:50:00Z","2016-12-07T07:55:00Z",676.56,0.58,0,0,0,0,0,0,
"2016-12-07T07:55:00Z","2016-12-07T08:00:00Z",676.57,0.58,0,0,0,0,0,0,
"2016-12-07T08:00:00Z","2016-12-07T08:05:00Z",676.67,0.58,0,0,0,0,0,0,
"2016-12-07T08:05:00Z","2016-12-07T08:10:00Z",676.60,0.58,0,0,0,0,0,0,
"2016-12-07T08:10:00Z","2016-12-07T08:15:00Z",676.67,0.58,0,0,0,0,0,0,
"2016-12-07T08:15:00Z","2016-12-07T08:20:00Z",676.61,0.58,0,0,0,0,0,0,
"2016-12-07T08:20:00Z","2016-12-07T08:25:00Z",676.63,0.58,0,0,0,0,0,0,
"2016-12-07T08:25:00Z","2016-12-07T08:30:00Z",676.62,0.58,0,0,0,0,0,0,
"2016-12-07T08:30:00Z","2016-12-07T08:35:00Z",676.64,0.58,0,0,0,0,0,0,
"2016-12-07T08:35:00Z","2016-12-07T08:40:00Z",676.53,0.58,0,0,0,0,0,0,
"2016-12-07T08:40:00Z","2016-12-07T08:45:00Z",676.55,0.58,0,0,0,0,0,0,
"2016-12-07T08:45:00Z","2016-12-07T08:50:00Z",676.60,0.58,0,0,0,0,0,0,
"2016-12-07T08:50:00Z","2016-12-07T08:55:00Z",676.67,0.58,0,0,0,0,0,0,
"2016-12-07T08:55:00Z","2016-12-07T09:00:00Z",676.63,0.58,0,0,0,0,0,0,
"2016-12-07T09:00:00Z","2016-12-07T09:05:00Z",676.69,0.58,0,0,0,0,0,0,
"2016-12-07T09:05:00Z","2016-12-07T09:10:00Z",676.58,0.58,0,0,0,0,0,0,
"2016-12-07T09:10:00Z","2016-12-07T09:15:00Z",676.71,0.58,0,0,0,0,0,0,
"2016-12-07T09:15:00Z","2016-12-07T09:20:00Z",676.60,0.58,0,0,0,0,0,0,
"2016-12-07T09:20:00Z","2016-12-07T09:25:00Z",676.52,0.58,0,0,0,0,0,0,
"2016-12-07T09:25:00Z","2016-12-07T09:30:00Z",676.59,0.58,0,0,0,0,0,0,
"2016-12-07T09:30:00Z","2016-12-07T09:35:00Z",676.63,0.58,0,0,0,0,0,0,
"2016-12-07T09:35:00Z","2016-12-07T09:40:00Z",676.61,0.58,0,0,0,0,0,0,
"2016-12-07T09:40:00Z","2016-12-07T09:45:00Z",676.56,0.58,0,0,0,0,0,0,
"2016-12-07T09:45:00Z","2016-12-07T09:50:00Z",676.64,0.58,0,0,0,0,0,0,
"2016-12-07T09:50:00Z","2016-12-07T09:55:00Z",676.66,0.58,0,0,0,0,0,0,
"2016-12-07T09:55:00Z","2016-12-07T10:00:00Z",676.64,0.58,0,0,0,0,0,0,
"2016-12-07T10:00:00Z","2016-12-07T10:05:00Z",676.65,0.58,0,0,0,0,0,0,
"2016-12-07T10:05:00Z","2016-12-07T10:10:00Z",676.63,0.58,0,0,0,0,0,0,
"2016-12-07T10:10:00Z","2016-12-07T10:15:00Z",676.61,0.58,0,0,0,0,0,0,
"2016-12-07T10:15:00Z","2016-12-07T10:20:00Z",676.64,0.58,0,0,0,0,0,0,
"2016-12-07T10:20:00Z","2016-12-07T10:25:00Z",676.66,0.58,0,0,0,0,0,0,
"2016-12-07T10:25:00Z","2016-12-07T10:30:00Z",676.50,0.58,0,0,0,0,0,0,
"2016-12-07T10:30:00Z","2016-12-07T10:35:00Z",676.65,0.58,0,0,0,0,0,0,
"2016-12-07T10:35:00Z","2016-12-07T10:40:00Z",676.59,0.58,0,0,0,0,0,0,
"2016-12-07T10:40:00Z","2016-12-07T10:45:00Z",676.59,0.58,0,0,0,0,0,0,
"2016-12-07T10:45:00Z","2016-12-07T10:50:00Z",676.53,0.58,0,0,0,0,0,0,
"2016-12-07T10:50:00Z","2016-12-07T10:55:00Z",676.63,0.58,0,0,0,0,0,0,
"2016-12-07T10:55:00Z","2016-12-07T11:00:00Z",676.71,0.58,0,0,0,0,0,0,
"2016-12-07T11:00:00Z","2016-12-07T11:05:00Z",676.62,0.58,0,0,0,0,0,0,
"2016-12-07T11:05:00Z","2016-12-07T11:10:00Z",676.53,0.58,0,0,0,0,0,0,
"2016-12-07T11:10:00Z","2016-12-07T11:15:00Z",676.70,0.58,0,0,0,0,0,0,
"2016-12-07T11:15:00Z","2016-12-07T11:20:00Z",676.69,0.58,0,0,0,0,0,0,
"2016-12-07T11:20:00Z","2016-12-07T11:25:00Z",676.67,0.58,0,0,0,0,0,0,
"2016-12-07T11:25:00Z","2016-12-07T11:30:00Z",676.72,0.58,0,0,0,0,0,0,
"2016-12-07T11:30:00Z","2016-12-07T11:35:00Z",676.64,0.58,0,0,0,0,0,0,
"2016-12-07T11:35:00Z","2016-12-07T11:40:00Z",676.67,0.58,0,0,0,0,0,0,
"2016-12-07T11:40:00Z","2016-12-07T11:45:00Z",676.69,0.58,0,0,0,0,0,0,
"2016-12-07T11:45:00Z","2016-12-07T11:50:00Z",676.65,0.58,0,0,0,0,0,0,
"2016-12-07T11:50:00Z","2016-12-07T11:55:00Z",,0.58,,,,,,,
"2016-12-07T11:55:00Z","2016-12-07T12:00:00Z",,0.58,,,,,,,
"2016-12-07T12:00:00Z","2016-12-07T12:05:00Z",676.65,0.58,0,0,0,0,0,0,
"2016-12-07T12:05:00Z","2016-12-07T12:10:00Z",676.58,0.58,0,0,0,0,0,0,
"2016-12-07T12:10:00Z","2016-12-07T12:15:00Z",676.62,0.58,0,0,0,0,0,0,
"2016-12-07T12:15:00Z","2016-12-07T12:20:00Z",676.68,0.58,0,0,0,0,0,0,
"2016-12-07T12:20:00Z","2016-12-07T12:25:00Z",676.63,0.58,0,0,0,0,0,0,
"2016-12-07T12:25:00Z","2016-12-07T12:30:00Z",676.59,0.58,0,0,0,0,0,0,
"2016-12-07T12:30:00Z","2016-12-07T12:35:00Z",676.69,0.58,0,0,0,0,0,0,
"2016-12-07T12:35:00Z","2016-12-07T12:40:00Z",676.61,0.58,0,0,0,0,0,0,
"2016-12-07T12:40:00Z","2016-12-07T12:45:00Z",676.63,0.58,0,0,0,0,0,0,
"2016-12-07T12:45:00Z","2016-12-07T12:50:00Z",676.65,0.58,0,0,0,0,0,0,
"2016-12-07T12:50:00Z","2016-12-07T12:55:00Z",676.73,0.58,0,0,0,0,0,0,
"2016-12-07T12:55:00Z","2016-12-07T13:00:00Z",676.68,0.58,0,0,0,0,0,0,
"2016-12-07T13:00:00Z","2016-12-07T13:05:00Z",676.56,0.58,0,0,0,0,0,0,
"2016-12-07T13:05:00Z","2016-12-07T13:10:00Z",676.58,0.58,0,0,0,0,0,0,
"2016-12-07T13:10:00Z","2016-12-07T13:15:00Z",676.66,0.58,0,0,0,0,0,0,
"2016-12-07T13:15:00Z","2016-12-07T13:20:00Z",676.63,0.58,0,0,0,0,0,0,
"2016-12-07T13:20:00Z","2016-12-07T13:25:00Z",676.68,0.58,0,0,0,0,0,0,
"2016-12-07T13:25:00Z","2016-12-07T13:30:00Z",676.71,0.58,0,0,0,0,0,0,
"2016-12-07T13:30:00Z","2016-12-07T13:35:00Z",676.66,0.58,0,0,0,0,0,0,
"2016-12-07T13:35:00Z","2016-12-07T13:40:00Z",676.65,0.58,0,0,0,0,0,0,
"2016-12-07T13:40:00Z","2016-12-07T13:45:00Z",676.66,0.58,0,0,0,0,0,0,
"2016-12-07T13:45:00Z","2016-12-07T13:50:00Z",676.61,0.58,0,0,0,0,0,0,
"2016-12-07T13:50:00Z","2016-12-07T13:55:00Z",676.76,0.58,0,0,0,0,0,0,
"2016-12-07T13:55:00Z","2016-12-07T14:00:00Z",676.66,0.58,0,0,0,0,0,0,
"2016-12-07T14:00:00Z","2016-12-07T14:05:00Z",676.73,0.58,0,0,0,0,0,0,
"2016-12-07T14:05:00Z","2016-12-07T14:10:00Z",676.58,0.58,0,0,0,0,0,0,
"2016-12-07T14:10:00Z","2016-12-07T14:15:00Z",676.70,0.58,0,0,0,0,0,0,
"2016-12-07T14:15:00Z","2016-12-07T14:20:00Z",676.73,0.58,0,0,0,0,0,0,
"2016-12-07T14:20:00Z","2016-12-07T14:25:00Z",676.64,0.58,0,0,0,0,0,0,
"2016-12-07T14:25:00Z","2016-12-07T14:30:00Z",676.54,0.58,0,0,0,0,0,0,
"2016-12-07T14:30:00Z","2016-12-07T14:35:00Z",676.56,0.58,0,0,0,0,0,0,
"2016-12-07T14:35:00Z","2016-12-07T14:40:00Z",676.62,0.58,0,0,0,0,0,0,
"2016-12-07T14:40:00Z","2016-12-07T14:45:00Z",676.62,0.58,0,0,0,0,0,0,
"2016-12-07T14:45:00Z","2016-12-07T14:50:00Z",676.65,0.58,0,0,0,0,0,0,
"2016-12-07T14:50:00Z","2016-12-07T14:55:00Z",676.58,0.58,0,0,0,0,0,0,
"2016-12-07T14:55:00Z","2016-12-07T15:00:00Z",676.72,0.58,0,0,0,0,0,0,
"2016-12-07T15:00:00Z","2016-12-07T15:05:00Z",676.58,0.58,0,0,0,0,0,0,
"2016-12-07T15:05:00Z","2016-12-07T15:10:00Z",676.59,0.58,0,0,0,0,0,0,
"2016-12-07T15:10:00Z","2016-12-07T15:15:00Z",676.57,0.58,0,0,0,0,0,0,
"2016-12-07T15:15:00Z","2016-12-07T15:20:00Z",676.59,0.58,0,0,0,0,0,0,
"2016-12-07T15:20:00Z","2016-12-07T15:25:00Z",676.69,0.58,0,0,0,0,0,0,
"2016-12-07T15:25:00Z","2016-12-07T15:30:00Z",676.68,0.58,0,0,0,0,0,0,
"2016-12-07T15:30:00Z","2016-12-07T15:35:00Z",676.74,0.58,0,0,0,0,0,0,
"2016-12-07T15:35:00Z","2016-12-07T15:40:00Z",676.70,0.58,0,0,0,0,0,0,
"2016-12-07T15:40:00Z","2016-12-07T15:45:00Z",676.65,0.58,0,0,0,0,0,0,
"2016-12-07T15:45:00Z","2016-12-07T15:50:00Z",676.65,0.58,0,0,0,0,0,0,
"2016-12-07T15:50:00Z","2016-12-07T15:55:00Z",676.67,0.58,0,0,0,0,0,0,
"2016-12-07T15:55:00Z","2016-12-07T16:00:00Z",676.67,0.58,0,0,0,0,0,0,
"2016-12-07T16:00:00Z","2016-12-07T16:05:00Z",676.67,0.58,0,0,0,0,0,0,
"2016-12-07T16:05:00Z","2016-12-07T16:10:00Z",676.58,0.58,0,0,0,0,0,0,
"2016-12-07T16:10:00Z","2016-12-07T16:15:00Z",676.62,0.58,0,0,0,0,0,0,
"2016-12-07T16:15:00Z","2016-12-07T16:20:00Z",676.76,0.58,0,0,0,0,0,0,
"2016-12-07T16:20:00Z","2016-12-07T16:25:00Z",676.63,0.58,0,0,0,0,0,0,
"2016-12-07T16:25:00Z","2016-12-07T16:30:00Z",676.66,0.58,0,0,0,0,0,0,
"2016-12-07T16:30:00Z","2016-12-07T16:35:00Z",676.60,0.58,0,0,0,0,0,0,
"2016-12-07T16:35:00Z","2016-12-07T16:40:00Z",676.74,0.58,0,0,0,0,0,0,
"2016-12-07T16:40:00Z","2016-12-07T16:45:00Z",676.62,0.58,0,0,0,0,0,0,
"2016-12-07T16:45:00Z","2016-12-07T16:50:00Z",676.63,0.58,0,0,0,0,0,0,
"2016-12-07T16:50:00Z","2016-12-07T16:55:00Z",676.66,0.58,0,0,0,0,0,0,
"2016-12-07T16:55:00Z","2016-12-07T17:00:00Z",676.62,0.58,0,0,0,0,0,0,
"2016-12-07T17:00:00Z","2016-12-07T17:05:00Z",676.78,0.58,0,0,0,0,0,0,
"2016-12-07T17:05:00Z","2016-12-07T17:10:00Z",676.70,0.58,0,0,0,0,0,0,
"2016-12-07T17:10:00Z","2016-12-07T17:15:00Z",676.58,0.58,0,0,0,0,0,0,
"2016-12-07T17:15:00Z","2016-12-07T17:20:00Z",676.60,0.58,0,0,0,0,0,0,
"2016-12-07T17:20:00Z","2016-12-07T17:25:00Z",676.61,0.58,0,0,0,0,0,0,
"2016-12-07T17:25:00Z","2016-12-07T17:30:00Z",676.64,0.58,0,0,0,0,0,0,
"2016-12-07T17:30:00Z","2016-12-07T17:35:00Z",676.56,0.58,0,0,0,0,0,0,
"2016-12-07T17:35:00Z","2016-12-07T17:40:00Z",676.59,0.58,0,0,0,0,0,0,
"2016-12-07T17:40:00Z","2016-12-07T17:45:00Z",676.72,0.58,0,0,0,0,0,0,
"2016-12-07T17:45:00Z","2016-12-07T17:50:00Z",676.66,0.58,0,0,0,0,0,0,
"2016-12-07T17:50:00Z","2016-12-07T17:55:00Z",676.59,0.58,0,0,0,0,0,0,
"2016-12-07T17:55:00Z","2016-12-07T18:00:00Z",676.70,0.58,0,0,0,0,0,0,
"2016-12-07T18:00:00Z","2016-12-07T18:05:00Z",676.55,0.58,0,0,0,0,0,0,
"2016-12-07T18:05:00Z","2016-12-07T18:10:00Z",676.64,0.58,0,0,0,0,0,0,
"2016-12-07T18:10:00Z","2016-12-07T18:15:00Z",676.65,0.58,0,0,0,0,0,0,
"2016-12-07T18:15:00Z","2016-12-07T18:20:00Z",676.66,0.58,0,0,0,0,0,0,
"2016-12-07T18:20:00Z","2016-12-07T18:25:00Z",676.67,0.58,0,0,0,0,0,0,
"2016-12-07T18:25:00Z","2016-12-07T18:30:00Z",676.66,0.58,0,0,0,0,0,0,
"2016-12-07T18:30:00Z","2016-12-07T18:35:00Z",676.68,0.58,0,0,0,0,0,0,
"2016-12-07T18:35:00Z","2016-12-07T18:40:00Z",676.67,0.58,0,0,0,0,0,0,
"2016-12-07T18:40:00Z","2016-12-07T18:45:00Z",676.64,0.58,0,0,0,0,0,0,
"2016-12-07T18:45:00Z","2016-12-07T18:50:00Z",676.70,0.58,0,0,0,0,0,0,
"2016-12-07T18:50:00Z","2016-12-07T18:55:00Z",676.66,0.58,0,0,0,0,0,0,
"2016-12-07T18:55:00Z","2016-12-07T19:00:00Z",676.59,0.58,0,0,0,0,0,0,
"2016-12-07T19:00:00Z","2016-12-07T19:05:00Z",676.62,0.58,0,0,0,0,0,0,
"2016-12-07T19:05:00Z","2016-12-07T19:10:00Z",676.59,0.58,0,0,0,0,0,0,
"2016-12-07T19:10:00Z","2016-12-07T19:15:00Z",676.67,0.58,0,0,0,0,0,0,
"2016-12-07T19:15:00Z","2016-12-07T19:20:00Z",676.66,0.58,0,0,0,0,0,0,
"2016-12-07T19:20:00Z","2016-12-07T19:25:00Z",676.59,0.58,0,0,0,0,0,0,
"2016-12-07T19:25:00Z","2016-12-07T19:30:00Z",676.62,0.58,0,0,0,0,0,0,
"2016-12-07T19:30:00Z","2016-12-07T19:35:00Z",676.70,0.58,0,0,0,0,0,0,
"2016-12-07T19:35:00Z","2016-12-07T19:40:00Z",676.70,0.58,0,0,0,0,0,0,
"2016-12-07T19:40:00Z","2016-12-07T19:45:00Z",676.71,0.58,0,0,0,0,0,0,
"2016-12-07T19:45:00Z","2016-12-07T19:50:00Z",676.65,0.58,0,0,0,0,0,0,
"2016-12-07T19:50:00Z","2016-12-07T19:55:00Z",676.62,0.58,0,0,0,0,0,0,
"2016-12-07T19:55:00Z","2016-12-07T20:00:00Z",676.58,0.58,0,0,0,0,0,0,
"2016-12-07T20:00:00Z","2016-12-07T20:05:00Z",676.61,0.58,0,0,0,0,0,0,
"2016-12-07T20:05:00Z","2016-12-07T20:10:00Z",676.70,0.58,0,0,0,0,0,0,
"2016-12-07T20:10:00Z","2016-12-07T20:15:00Z",676.68,0.58,0,0,0,0,0,0,
"2016-12-07T20:15:00Z","2016-12-07T20:20:00Z",676.63,0.58,0,0,0,0,0,0,
"2016-12-07T20:20:00Z","2016-12-07T20:25:00Z",676.73,0.58,0,0,0,0,0,0,
"2016-12-07T20:25:00Z","2016-12-07T20:30:00Z",676.65,0.58,0,0,0,0,0,0,
"2016-12-07T20:30:00Z","2016-12-07T20:35:00Z",676.60,0.58,0,0,0,0,0,0,
"2016-12-07T20:35:00Z","2016-12-07T20:40:00Z",676.66,0.58,0,0,0,0,0,0,
"2016-12-07T20:40:00Z","2016-12-07T20:45:00Z",676.61,0.58,0,0,0,0,0,0,
"2016-12-07T20:45:00Z","2016-12-07T20:50:00Z",676.59,0.58,0,0,0,0,0,0,
"2016-12-07T20:50:00Z","2016-12-07T20:55:00Z",676.56,0.58,0,0,0,0,0,0,
"2016-12-07T20:55:00Z","2016-12-07T21:00:00Z",676.62,0.58,0,0,0,0,0,0,
"2016-12-07T21:00:00Z","2016-12-07T21:05:00Z",676.61,0.58,0,0,0,0,0,0,
"2016-12-07T21:05:00Z","2016-12-07T21:10:00Z",676.59,0.58,0,0,0,0,0,0,
"2016-12-07T21:10:00Z","2016-12-07T21:15:00Z",676.72,0.58,0,0,0,0,0,0,
"2016-12-07T21:15:00Z","2016-12-07T21:20:00Z",676.51,0.58,0,0,0,0,0,0,
"2016-12-07T21:20:00Z","2016-12-07T21:25:00Z",676.58,0.58,0,0,0,0,0,0,
"2016-12-07T21:25:00Z","2016-12-07T21:30:00Z",676.68,0.58,0,0,0,0,0,0,
"2016-12-07T21:30:00Z","2016-12-07T21:35:00Z",676.52,0.58,0,0,0,0,0,0,
"2016-12-07T21:35:00Z","2016-12-07T21:40:00Z",676.67,0.58,0,0,0,0,0,0,
"2016-12-07T21:40:00Z","2016-12-07T21:45:00Z",676.50,0.58,0,0,0,0,0,0,
"2016-12-07T21:45:00Z","2016-12-07T21:50:00Z",676.56,0.58,0,0,0,0,0,0,
"2016-12-07T21:50:00Z","2016-12-07T21:55:00Z",676.61,0.58,0,0,0,0,0,0,
"2016-12-07T21:55:00Z","2016-12-07T22:00:00Z",676.57,0.58,0,0,0,0,0,0,
"2016-12-07T22:00:00Z","2016-12-07T22:05:00Z",676.54,0.58,0,0,0,0,0,0,
"2016-12-07T22:05:00Z","2016-12-07T22:10:00Z",676.62,0.58,0,0,0,0,0,0,
"2016-12-07T22:10:00Z","2016-12-07T22:15:00Z",676.57,0.58,0,0,0,0,0,0,
"2016-12-07T22:15:00Z","2016-12-07T22:20:00Z",676.60,0.58,0,0,0,0,0,0,
"2016-12-07T22:20:00Z","2016-12-07T22:25:00Z",676.55,0.58,0,0,0,0,0,0,
"2016-12-07T22:25:00Z","2016-12-07T22:30:00Z",676.50,0.58,0,0,0,0,0,0,
"2016-12-07T22:30:00Z","2016-12-07T22:35:00Z",676.60,0.58,0,0,0,0,0,0,
"2016-12-07T22:35:00Z","2016-12-07T22:40:00Z",676.51,0.58,0,0,0,0,0,0,
"2016-12-07T22:40:00Z","2016-12-07T22:45:00Z",676.60,0.58,0,0,0,0,0,0,
"2016-12-07T22:45:00Z","2016-12-07T22:50:00Z",676.55,0.58,0,0,0,0,0,0,
"2016-12-07T22:50:00Z","2016-12-07T22:55:00Z",676.51,0.58,0,0,0,0,0,0,
"2016-12-07T22:55:00Z","2016-12-07T23:00:00Z",676.67,0.58,0,0,0,0,0,0,
"2016-12-07T23:00:00Z","2016-12-07T23:05:00Z",676.66,0.58,0,0,0,0,0,0,
"2016-12-07T23:05:00Z","2016-12-07T23:10:00Z",676.56,0.58,0,0,0,0,0,0,
"2016-12-07T23:10:00Z","2016-12-07T23:15:00Z",676.56,0.58,0,0,0,0,0,0,
"2016-12-07T23:15:00Z","2016-12-07T23:20:00Z",676.57,0.58,0,0,0,0,0,0,
"2016-12-07T23:20:00Z","2016-12-07T23:25:00Z",676.60,0.58,0,0,0,0,0,0,
"2016-12-07T23:25:00Z","2016-12-07T23:30:00Z",676.57,0.58,0,0,0,0,0,0,
"2016-12-07T23:30:00Z","2016-12-07T23:35:00Z",676.63,0.58,0,0,0,0,0,0,
"2016-12-07T23:35:00Z","2016-12-07T23:40:00Z",676.65,0.58,0,0,0,0,0,0,
"2016-12-07T23:40:00Z","2016-12-07T23:45:00Z",676.58,0.58,0,0,0,0,0,0,
"2016-12-07T23:45:00Z","2016-12-07T23:50:00Z",676.57,0.58,0,0,0,0,0,0,
"2016-12-07T23:50:00Z","2016-12-07T23:55:00Z",676.58,0.58,0,0,0,0,0,0,
"2016-12-07T23:55:00Z","2016-12-08T00:00:00Z",676.61,0.58,0,0,0,0,0,0,
"2016-12-08T00:00:00Z","2016-12-08T00:05:00Z",676.59,0.58,0,0,0,0,0,0,
"2016-12-08T00:05:00Z","2016-12-08T00:10:00Z",676.54,0.58,0,0,0,0,0,0,
"2016-12-08T00:10:00Z","2016-12-08T00:15:00Z",676.55,0.58,0,0,0,0,0,0,
"2016-12-08T00:15:00Z","2016-12-08T00:20:00Z",676.66,0.58,0,0,0,0,0,0,
"2016-12-08T00:20:00Z","2016-12-08T00:25:00Z",676.67,0.58,0,0,0,0,0,0,
"2016-12-08T00:25:00Z","2016-12-08T00:30:00Z",676.56,0.58,0,0,0,0,0,0,
"2016-12-08T00:30:00Z","2016-12-08T00:35:00Z",676.59,0.58,0,0,0,0,0,0,
"2016-12-08T00:35:00Z","2016-12-08T00:40:00Z",676.68,0.58,0,0,0,0,0,0,
"2016-12-08T00:40:00Z","2016-12-08T00:45:00Z",676.56,0.58,0,0,0,0,0,0,
"2016-12-08T00:45:00Z","2016-12-08T00:50:00Z",676.62,0.58,0,0,0,0,0,0,
"2016-12-08T00:50:00Z","2016-12-08T00:55:00Z",676.66,0.58,0,0,0,0,0,0,
"2016-12-08T00:55:00Z","2016-12-08T01:00:00Z",676.68,0.58,0,0,0,0,0,0,
"2016-12-08T01:00:00Z","2016-12-08T01:05:00Z",676.60,0.58,0,0,0,0,0,0,
"2016-12-08T01:05:00Z","2016-12-08T01:10:00Z",676.63,0.58,0,0,0,0,0,0,
"2016-12-08T01:10:00Z","2016-12-08T01:15:00Z",676.63,0.58,0,0,0,0,0,0,
"2016-12-08T01:15:00Z","2016-12-08T01:20:00Z",676.61,0.58,0,0,0,0,0,0,
"2016-12-08T01:20:00Z","2016-12-08T01:25:00Z",676.55,0.58,0,0,0,0,0,0,
"2016-12-08T01:25:00Z","2016-12-08T01:30:00Z",676.66,0.58,0,0,0,0,0,0,
"2016-12-08T01:30:00Z","2016-12-08T01:35:00Z",676.57,0.58,0,0,0,0,0,0,
"2016-12-08T01:35:00Z","2016-12-08T01:40:00Z",676.60,0.58,0,0,0,0,0,0,
"2016-12-08T01:40:00Z","2016-12-08T01:45:00Z",676.66,0.58,0,0,0,0,0,0,
"2016-12-08T01:45:00Z","2016-12-08T01:50:00Z",676.61,0.58,0,0,0,0,0,0,
"2016-12-08T01:50:00Z","2016-12-08T01:55:00Z",676.58,0.58,0,0,0,0,0,0,
"2016-12-08T01:55:00Z","2016-12-08T02:00:00Z",676.64,0.58,0,0,0,0,0,0,
"2016-12-08T02:00:00Z","2016-12-08T02:05:00Z",676.61,0.58,0,0,0,0,0,0,
"2016-12-08T02:05:00Z","2016-12-08T02:10:00Z",676.55,0.58,0,0,0,0,0,0,
"2016-12-08T02:10:00Z","2016-12-08T02:15:00Z",676.61,0.58,0,0,0,0,0,0,
"2016-12-08T02:15:00Z","2016-12-08T02:20:00Z",676.54,0.58,0,0,0,0,0,0,
"2016-12-08T02:20:00Z","2016-12-08T02:25:00Z",676.61,0.58,0,0,0,0,0,0,
"2016-12-08T02:25:00Z","2016-12-08T02:30:00Z",676.65,0.58,0,0,0,0,0,0,
"2016-12-08T02:30:00Z","2016-12-08T02:35:00Z",676.73,0.58,0,0,0,0,0,0,
"2016-12-08T02:35:00Z","2016-12-08T02:40:00Z",676.56,0.58,0,0,0,0,0,0,
"2016-12-08T02:40:00Z","2016-12-08T02:45:00Z",676.59,0.58,0,0,0,0,0,0,
"2016-12-08T02:45:00Z","2016-12-08T02:50:00Z",676.66,0.58,0,0,0,0,0,0,
"2016-12-08T02:50:00Z","2016-12-08T02:55:00Z",676.62,0.58,0,0,0,0,0,0,
"2016-12-08T02:55:00Z","2016-12-08T03:00:00Z",676.71,0.58,0,0,0,0,0,0,
"2016-12-08T03:00:00Z","2016-12-08T03:05:00Z",676.74,0.58,0,0,0,0,0,0,
"2016-12-08T03:05:00Z","2016-12-08T03:10:00Z",676.63,0.58,0,0,0,0,0,0,
"2016-12-08T03:10:00Z","2016-12-08T03:15:00Z",676.67,0.58,0,0,0,0,0,0,
"2016-12-08T03:15:00Z","2016-12-08T03:20:00Z",676.69,0.58,0,0,0,0,0,0,
"2016-12-08T03:20:00Z","2016-12-08T03:25:00Z",676.60,0.58,0,0,0,0,0,0,
"2016-12-08T03:25:00Z","2016-12-08T03:30:00Z",676.65,0.58,0,0,0,0,0,0,
"2016-12-08T03:30:00Z","2016-12-08T03:35:00Z",676.66,0.58,0,0,0,0,0,0,
"2016-12-08T03:35:00Z","2016-12-08T03:40:00Z",676.70,0.58,0,0,0,0,0,0,
"2016-12-08T03:40:00Z","2016-12-08T03:45:00Z",676.72,0.58,0,0,0,0,0,0,
"2016-12-08T03:45:00Z","2016-12-08T03:50:00Z",676.65,0.58,0,0,0,0,0,0,
"2016-12-08T03:50:00Z","2016-12-08T03:55:00Z",676.69,0.58,0,0,0,0,0,0,
"2016-12-08T03:55:00Z","2016-12-08T04:00:00Z",676.60,0.58,0,0,0,0,0,0,
"2016-12-08T04:00:00Z","2016-12-08T04:05:00Z",676.61,0.58,0,0,0,0,0,0,
"2016-12-08T04:05:00Z","2016-12-08T04:10:00Z",676.55,0.58,0,0,0,0,0,0,
"2016-12-08T04:10:00Z","2016-12-08T04:15:00Z",676.67,0.58,0,0,0,0,0,0,
"2016-12-08T04:15:00Z","2016-12-08T04:20:00Z",676.68,0.58,0,0,0,0,0,0,
"2016-12-08T04:20:00Z","2016-12-08T04:25:00Z",676.71,0.58,0,0,0,0,0,0,
"2016-12-08T04:25:00Z","2016-12-08T04:30:00Z",676.63,0.58,0,0,0,0,0,0,
"2016-12-08T04:30:00Z","2016-12-08T04:35:00Z",676.72,0.58,0,0,0,0,0,0,
"2016-12-08T04:35:00Z","2016-12-08T04:40:00Z",676.71,0.58,0,0,0,0,0,0,
"2016-12-08T04:40:00Z","2016-12-08T04:45:00Z",676.78,0.58,0,0,0,0,0,0,
"2016-12-08T04:45:00Z","2016-12-08T04:50:00Z",676.69,0.58,0,0,0,0,0,0,
"2016-12-08T04:50:00Z","2016-12-08T04:55:00Z",676.57,0.58,0,0,0,0,0,0,
"2016-12-08T04:55:00Z","2016-12-08T05:00:00Z",676.74,0.58,0,0,0,0,0,0,
"2016-12-08T05:00:00Z","2016-12-08T05:05:00Z",676.67,0.58,0,0,0,0,0,0,
"2016-12-08T05:05:00Z","2016-12-08T05:10:00Z",676.65,0.58,0,0,0,0,0,0,
"2016-12-08T05:10:00Z","2016-12-08T05:15:00Z",676.67,0.58,0,0,0,0,0,0,
"2016-12-08T05:15:00Z","2016-12-08T05:20:00Z",676.62,0.58,0,0,0,0,0,0,
"2016-12-08T05:20:00Z","2016-12-08T05:25:00Z",676.74,0.58,0,0,0,0,0,0,
"2016-12-08T05:25:00Z","2016-12-08T05:30:00Z",676.72,0.58,0,0,0,0,0,0,
"2016-12-08T05:30:00Z","2016-12-08T05:35:00Z",676.68,0.58,0,0,0,0,0,0,
"2016-12-08T05:35:00Z","2016-12-08T05:40:00Z",676.58,0.58,0,0,0,0,0,0,
"2016-12-08T05:40:00Z","2016-12-08T05:45:00Z",676.61,0.58,0,0,0,0,0,0,
"2016-12-08T05:45:00Z","2016-12-08T05:50:00Z",676.71,0.58,0,0,0,0,0,0,
"2016-12-08T05:50:00Z","2016-12-08T05:55:00Z",676.67,0.58,0,0,0,0,0,0,
"2016-12-08T05:55:00Z","2016-12-08T06:00:00Z",676.70,0.58,0,0,0,0,0,0,
"2016-12-08T06:00:00Z","2016-12-08T06:05:00Z",676.69,0.58,0,0,0,0,0,0,
"2016-12-08T06:05:00Z","2016-12-08T06:10:00Z",676.63,0.58,0,0,0,0,0,0,
"2016-12-08T06:10:00Z","2016-12-08T06:15:00Z",676.62,0.58,0,0,0,0,0,0,
"2016-12-08T06:15:00Z","2016-12-08T06:20:00Z",676.71,0.58,0,0,0,0,0,0,
"2016-12-08T06:20:00Z","2016-12-08T06:25:00Z",676.72,0.58,0,0,0,0,0,0,
"2016-12-08T06:25:00Z","2016-12-08T06:30:00Z",676.70,0.58,0,0,0,0,0,0,
"2016-12-08T06:30:00Z","2016-12-08T06:35:00Z",676.72,0.58,0,0,0,0,0,0,
"2016-12-08T06:35:00Z","2016-12-08T06:40:00Z",676.74,0.58,0,0,0,0,0,0,
"2016-12-08T06:40:00Z","2016-12-08T06:45:00Z",676.72,0.58,0,0,0,0,0,0,
"2016-12-08T06:45:00Z","2016-12-08T06:50:00Z",676.67,0.58,0,0,0,0,0,0,
"2016-12-08T06:50:00Z","2016-12-08T06:55:00Z",676.76,0.58,0,0,0,0,0,0,
"2016-12-08T06:55:00Z","2016-12-08T07:00:00Z",676.70,0.58,0,0,0,0,0,0,
"2016-12-08T07:00:00Z","2016-12-08T07:05:00Z",676.67,0.58,0,0,0,0,0,0,
"2016-12-08T07:05:00Z","2016-12-08T07:10:00Z",676.77,0.58,0,0,0,0,0,0,
"2016-12-08T07:10:00Z","2016-12-08T07:15:00Z",676.68,0.58,0,0,0,0,0,0,
"2016-12-08T07:15:00Z","2016-12-08T07:20:00Z",676.75,0.58,0,0,0,0,0,0,
"2016-12-08T07:20:00Z","2016-12-08T07:25:00Z",676.67,0.58,0,0,0,0,0,0,
"2016-12-08T07:25:00Z","2016-12-08T07:30:00Z",676.68,0.58,0,0,0,0,0,0,
"2016-12-08T07:30:00Z","2016-12-08T07:35:00Z",676.57,0.58,0,0,0,0,0,0,
"2016-12-08T07:35:00Z","2016-12-08T07:40:00Z",676.78,0.58,0,0,0,0,0,0,
"2016-12-08T07:40:00Z","2016-12-08T07:45:00Z",676.69,0.58,0,0,0,0,0,0,
"2016-12-08T07:45:00Z","2016-12-08T07:50:00Z",676.68,0.58,0,0,0,0,0,0,
"2016-12-08T07:50:00Z","2016-12-08T07:55:00Z",676.69,0.58,0,0,0,0,0,0,
"2016-12-08T07:55:00Z","2016-12-08T08:00:00Z",676.73,0.58,0,0,0,0,0,0,
"2016-12-08T08:00:00Z","2016-12-08T08:05:00Z",676.76,0.58,0,0,0,0,0,0,
"2016-12-08T08:05:00Z","2016-12-08T08:10:00Z",676.58,0.58,0,0,0,0,0,0,
"2016-12-08T08:10:00Z","2016-12-08T08:15:00Z",676.67,0.58,0,0,0,0,0,0,
"2016-12-08T08:15:00Z","2016-12-08T08:20:00Z",676.70,0.58,0,0,0,0,0,0,
"2016-12-08T08:20:00Z","2016-12-08T08:25:00Z",676.62,0.58,0,0,0,0,0,0,
"2016-12-08T08:25:00Z","2016-12-08T08:30:00Z",676.58,0.58,0,0,0,0,0,0,
"2016-12-08T08:30:00Z","2016-12-08T08:35:00Z",676.60,0.58,0,0,0,0,0,0,
"2016-12-08T08:35:00Z","2016-12-08T08:40:00Z",676.74,0.58,0,0,0,0,0,0,
"2016-12-08T08:40:00Z","2016-12-08T08:45:00Z",676.61,0.58,0,0,0,0,0,0,
"2016-12-08T08:45:00Z","2016-12-08T08:50:00Z",676.60,0.58,0,0,0,0,0,0,
"2016-12-08T08:50:00Z","2016-12-08T08:55:00Z",676.72,0.58,0,0,0,0,0,0,
"2016-12-08T08:55:00Z","2016-12-08T09:00:00Z",676.67,0.58,0,0,0,0,0,0,
"2016-12-08T09:00:00Z","2016-12-08T09:05:00Z",676.73,0.58,0,0,0,0,0,0,
"2016-12-08T09:05:00Z","2016-12-08T09:10:00Z",676.69,0.58,0,0,0,0,0,0,
"2016-12-08T09:10:00Z","2016-12-08T09:15:00Z",676.71,0.58,0,0,0,0,0,0,
"2016-12-08T09:15:00Z","2016-12-08T09:20:00Z",676.58,0.58,0,0,0,0,0,0,
"2016-12-08T09:20:00Z","2016-12-08T09:25:00Z",676.67,0.58,0,0,0,0,0,0,
"2016-12-08T09:25:00Z","2016-12-08T09:30:00Z",676.59,0.58,0,0,0,0,0,0,
"2016-12-08T09:30:00Z","2016-12-08T09:35:00Z",676.65,0.58,0,0,0,0,0,0,
"2016-12-08T09:35:00Z","2016-12-08T09:40:00Z",676.74,0.58,0,0,0,0,0,0,
"2016-12-08T09:40:00Z","2016-12-08T09:45:00Z",676.77,0.58,0,0,0,0,0,0,
"2016-12-08T09:45:00Z","2016-12-08T09:50:00Z",676.76,0.58,0,0,0,0,0,0,
"2016-12-08T09:50:00Z","2016-12-08T09:55:00Z",676.60,0.58,0,0,0,0,0,0,
"2016-12-08T09:55:00Z","2016-12-08T10:00:00Z",676.70,0.58,0,0,0,0,0,0,
"2016-12-08T10:00:00Z","2016-12-08T10:05:00Z",676.71,0.58,0,0,0,0,0,0,
"2016-12-08T10:05:00Z","2016-12-08T10:10:00Z",676.73,0.58,0,0,0,0,0,0,
"2016-12-08T10:10:00Z","2016-12-08T10:15:00Z",676.81,0.58,0,0,0,0,0,0,
"2016-12-08T10:15:00Z","2016-12-08T10:20:00Z",676.69,0.58,0,0,0,0,0,0,
"2016-12-08T10:20:00Z","2016-12-08T10:25:00Z",676.69,0.58,0,0,0,0,0,0,
"2016-12-08T10:25:00Z","2016-12-08T10:30:00Z",676.69,0.58,0,0,0,0,0,0,
"2016-12-08T10:30:00Z","2016-12-08T10:35:00Z",676.62,0.58,0,0,0,0,0,0,
"2016-12-08T10:35:00Z","2016-12-08T10:40:00Z",676.79,0.58,0,0,0,0,0,0,
"2016-12-08T10:40:00Z","2016-12-08T10:45:00Z",676.70,0.58,0,0,0,0,0,0,
"2016-12-08T10:45:00Z","2016-12-08T10:50:00Z",676.77,0.58,0,0,0,0,0,0,
"2016-12-08T10:50:00Z","2016-12-08T10:55:00Z",676.73,0.58,0,0,0,0,0,0,
"2016-12-08T10:55:00Z","2016-12-08T11:00:00Z",676.66,0.58,0,0,0,0,0,0,
"2016-12-08T11:00:00Z","2016-12-08T11:05:00Z",676.76,0.58,0,0,0,0,0,0,
"2016-12-08T11:05:00Z","2016-12-08T11:10:00Z",676.66,0.58,0,0,0,0,0,0,
"2016-12-08T11:10:00Z","2016-12-08T11:15:00Z",676.73,0.58,0,0,0,0,0,0,
"2016-12-08T11:15:00Z","2016-12-08T11:20:00Z",676.62,0.58,0,0,0,0,0,0,
"2016-12-08T11:20:00Z","2016-12-08T11:25:00Z",676.70,0.58,0,0,0,0,0,0,
"2016-12-08T11:25:00Z","2016-12-08T11:30:00Z",676.74,0.58,0,0,0,0,0,0,
"2016-12-08T11:30:00Z","2016-12-08T11:35:00Z",676.65,0.58,0,0,0,0,0,0,
"2016-12-08T11:35:00Z","2016-12-08T11:40:00Z",676.65,0.58,0,0,0,0,0,0,
"2016-12-08T11:40:00Z","2016-12-08T11:45:00Z",676.72,0.58,0,0,0,0,0,0,
"2016-12-08T11:45:00Z","2016-12-08T11:50:00Z",676.68,0.58,0,0,0,0,0,0,
"2016-12-08T11:50:00Z","2016-12-08T11:55:00Z",676.75,0.58,0,0,0,0,0,0,
"2016-12-08T11:55:00Z","2016-12-08T12:00:00Z",676.68,0.58,0,0,0,0,0,0,
"2016-12-08T12:00:00Z","2016-12-08T12:05:00Z",676.75,0.58,0,0,0,0,0,0,
"2016-12-08T12:05:00Z","2016-12-08T12:10:00Z",676.67,0.58,0,0,0,0,0,0,
"2016-12-08T12:10:00Z","2016-12-08T12:15:00Z",676.73,0.58,0,0,0,0,0,0,
"2016-12-08T12:15:00Z","2016-12-08T12:20:00Z",676.82,0.58,0,0,0,0,0,0,
"2016-12-08T12:20:00Z","2016-12-08T12:25:00Z",676.74,0.58,0,0,0,0,0,0,
"2016-12-08T12:25:00Z","2016-12-08T12:30:00Z",676.67,0.58,0,0,0,0,0,0,
"2016-12-08T12:30:00Z","2016-12-08T12:35:00Z",676.60,0.58,0,0,0,0,0,0,
"2016-12-08T12:35:00Z","2016-12-08T12:40:00Z",676.65,0.58,0,0,0,0,0,0,
"2016-12-08T12:40:00Z","2016-12-08T12:45:00Z",676.62,0.58,0,0,0,0,0,0,
"2016-12-08T12:45:00Z","2016-12-08T12:50:00Z",676.71,0.58,0,0,0,0,0,0,
"2016-12-08T12:50:00Z","2016-12-08T12:55:00Z",676.74,0.58,0,0,0,0,0,0,
"2016-12-08T12:55:00Z","2016-12-08T13:00:00Z",676.67,0.58,0,0,0,0,0,0,
"2016-12-08T13:00:00Z","2016-12-08T13:05:00Z",676.74,0.58,0,0,0,0,0,0,
"2016-12-08T13:05:00Z","2016-12-08T13:10:00Z",676.77,0.58,0,0,0,0,0,0,
"2016-12-08T13:10:00Z","2016-12-08T13:15:00Z",676.71,0.58,0,0,0,0,0,0,
"2016-12-08T13:15:00Z","2016-12-08T13:20:00Z",676.83,0.58,0,0,0,0,0,0,
"2016-12-08T13:20:00Z","2016-12-08T13:25:00Z",676.68,0.58,0,0,0,0,0,0,
"2016-12-08T13:25:00Z","2016-12-08T13:30:00Z",676.73,0.58,0,0,0,0,0,0,
"2016-12-08T13:30:00Z","2016-12-08T13:35:00Z",676.69,0.58,0,0,0,0,0,0,
"2016-12-08T13:35:00Z","2016-12-08T13:40:00Z",676.67,0.58,0,0,0,0,0,0,
"2016-12-08T13:40:00Z","2016-12-08T13:45:00Z",676.69,0.58,0,0,0,0,0,0,
"2016-12-08T13:45:00Z","2016-12-08T13:50:00Z",676.72,0.58,0,0,0,0,0,0,
"2016-12-08T13:50:00Z","2016-12-08T13:55:00Z",676.79,0.58,0,0,0,0,0,0,
"2016-12-08T13:55:00Z","2016-12-08T14:00:00Z",676.74,0.58,0,0,0,0,0,0,
"2016-12-08T14:00:00Z","2016-12-08T14:05:00Z",676.76,0.58,0,0,0,0,0,0,
"2016-12-08T14:05:00Z","2016-12-08T14:10:00Z",676.72,0.58,0,0,0,0,0,0,
"2016-12-08T14:10:00Z","2016-12-08T14:15:00Z",676.68,0.58,0,0,0,0,0,0,
"2016-12-08T14:15:00Z","2016-12-08T14:20:00Z",676.82,0.58,0,0,0,0,0,0,
"2016-12-08T14:20:00Z","2016-12-08T14:25:00Z",676.68,0.58,0,0,0,0,0,0,
"2016-12-08T14:25:00Z","2016-12-08T14:30:00Z",676.72,0.58,0,0,0,0,0,0,
"2016-12-08T14:30:00Z","2016-12-08T14:35:00Z",676.60,0.58,0,0,0,0,0,0,
"2016-12-08T14:35:00Z","2016-12-08T14:40:00Z",676.69,0.58,0,0,0,0,0,0,
"2016-12-08T14:40:00Z","2016-12-08T14:45:00Z",676.70,0.58,0,0,0,0,0,0,
"2016-12-08T14:45:00Z","2016-12-08T14:50:00Z",676.70,0.58,0,0,0,0,0,0,
"2016-12-08T14:50:00Z","2016-12-08T14:55:00Z",676.66,0.58,0,0,0,0,0,0,
"2016-12-08T14:55:00Z","2016-12-08T15:00:00Z",676.78,0.58,0,0,0,0,0,0,
"2016-12-08T15:00:00Z","2016-12-08T15:05:00Z",676.66,0.58,0,0,0,0,0,0,
"2016-12-08T15:05:00Z","2016-12-08T15:10:00Z",676.74,0.58,0,0,0,0,0,0,
"2016-12-08T15:10:00Z","2016-12-08T15:15:00Z",676.72,0.58,0,0,0,0,0,0,
"2016-12-08T15:15:00Z","2016-12-08T15:20:00Z",676.69,0.58,0,0,0,0,0,0,
"2016-12-08T15:20:00Z","2016-12-08T15:25:00Z",676.76,0.58,0,0,0,0,0,0,
"2016-12-08T15:25:00Z","2016-12-08T15:30:00Z",676.75,0.58,0,0,0,0,0,0,
"2016-12-08T15:30:00Z","2016-12-08T15:35:00Z",676.60,0.58,0,0,0,0,0,0,
"2016-12-08T15:35:00Z","2016-12-08T15:40:00Z",676.65,0.58,0,0,0,0,0,0,
"2016-12-08T15:40:00Z","2016-12-08T15:45:00Z",676.60,0.58,0,0,0,0,0,0,
"2016-12-08T15:45:00Z","2016-12-08T15:50:00Z",676.63,0.58,0,0,0,0,0,0,
"2016-12-08T15:50:00Z","2016-12-08T15:55:00Z",676.72,0.58,0,0,0,0,0,0,
"2016-12-08T15:55:00Z","2016-12-08T16:00:00Z",676.76,0.58,0,0,0,0,0,0,
"2016-12-08T16:00:00Z","2016-12-08T16:05:00Z",676.75,0.58,0,0,0,0,0,0,
"2016-12-08T16:05:00Z","2016-12-08T16:10:00Z",676.66,0.58,0,0,0,0,0,0,
"2016-12-08T16:10:00Z","2016-12-08T16:15:00Z",676.64,0.58,0,0,0,0,0,0,
"2016-12-08T16:15:00Z","2016-12-08T16:20:00Z",676.69,0.58,0,0,0,0,0,0,
"2016-12-08T16:20:00Z","2016-12-08T16:25:00Z",676.77,0.58,0,0,0,0,0,0,
"2016-12-08T16:25:00Z","2016-12-08T16:30:00Z",676.64,0.58,0,0,0,0,0,0,
"2016-12-08T16:30:00Z","2016-12-08T16:35:00Z",676.72,0.58,0,0,0,0,0,0,
"2016-12-08T16:35:00Z","2016-12-08T16:40:00Z",676.69,0.58,0,0,0,0,0,0,
"2016-12-08T16:40:00Z","2016-12-08T16:45:00Z",676.72,0.58,0,0,0,0,0,0,
"2016-12-08T16:45:00Z","2016-12-08T16:50:00Z",676.65,0.58,0,0,0,0,0,0,
"2016-12-08T16:50:00Z","2016-12-08T16:55:00Z",676.67,0.58,0,0,0,0,0,0,
"2016-12-08T16:55:00Z","2016-12-08T17:00:00Z",676.68,0.58,0,0,0,0,0,0,
"2016-12-08T17:00:00Z","2016-12-08T17:05:00Z",676.62,0.58,0,0,0,0,0,0,
"2016-12-08T17:05:00Z","2016-12-08T17:10:00Z",676.67,0.58,0,0,0,0,0,0,
"2016-12-08T17:10:00Z","2016-12-08T17:15:00Z",676.65,0.58,0,0,0,0,0,0,
"2016-12-08T17:15:00Z","2016-12-08T17:20:00Z",676.56,0.58,0,0,0,0,0,0,
"2016-12-08T17:20:00Z","2016-12-08T17:25:00Z",676.64,0.58,0,0,0,0,0,0,
"2016-12-08T17:25:00Z","2016-12-08T17:30:00Z",676.70,0.58,0,0,0,0,0,0,
"2016-12-08T17:30:00Z","2016-12-08T17:35:00Z",676.62,0.58,0,0,0,0,0,0,
"2016-12-08T17:35:00Z","2016-12-08T17:40:00Z",676.61,0.58,0,0,0,0,0,0,
"2016-12-08T17:40:00Z","2016-12-08T17:45:00Z",676.67,0.58,0,0,0,0,0,0,
"2016-12-08T17:45:00Z","2016-12-08T17:50:00Z",676.64,0.58,0,0,0,0,0,0,
"2016-12-08T17:50:00Z","2016-12-08T17:55:00Z",676.61,0.58,0,0,0,0,0,0,
"2016-12-08T17:55:00Z","2016-12-08T18:00:00Z",676.57,0.58,0,0,0,0,0,0,
"2016-12-08T18:00:00Z","2016-12-08T18:05:00Z",676.66,0.58,0,0,0,0,0,0,
"2016-12-08T18:05:00Z","2016-12-08T18:10:00Z",676.64,0.58,0,0,0,0,0,0,
"2016-12-08T18:10:00Z","2016-12-08T18:15:00Z",676.63,0.58,0,0,0,0,0,0,
"2016-12-08T18:15:00Z","2016-12-08T18:20:00Z",676.62,0.58,0,0,0,0,0,0,
"2016-12-08T18:20:00Z","2016-12-08T18:25:00Z",676.60,0.58,0,0,0,0,0,0,
"2016-12-08T18:25:00Z","2016-12-08T18:30:00Z",676.53,0.58,0,0,0,0,0,0,
"2016-12-08T18:30:00Z","2016-12-08T18:35:00Z",676.63,0.58,0,0,0,0,0,0,
"2016-12-08T18:35:00Z","2016-12-08T18:40:00Z",676.57,0.58,0,0,0,0,0,0,
"2016-12-08T18:40:00Z","2016-12-08T18:45:00Z",676.55,0.58,0,0,0,0,0,0,
"2016-12-08T18:45:00Z","2016-12-08T18:50:00Z",676.56,0.58,0,0,0,0,0,0,
"2016-12-08T18:50:00Z","2016-12-08T18:55:00Z",676.56,0.58,0,0,0,0,0,0,
"2016-12-08T18:55:00Z","2016-12-08T19:00:00Z",676.58,0.58,0,0,0,0,0,0,
"2016-12-08T19:00:00Z","2016-12-08T19:05:00Z",676.51,0.58,0,0,0,0,0,0,
"2016-12-08T19:05:00Z","2016-12-08T19:10:00Z",676.58,0.58,0,0,0,0,0,0,
"2016-12-08T19:10:00Z","2016-12-08T19:15:00Z",676.54,0.58,0,0,0,0,0,0,
"2016-12-08T19:15:00Z","2016-12-08T19:20:00Z",676.52,0.58,0,0,0,0,0,0,
"2016-12-08T19:20:00Z","2016-12-08T19:25:00Z",676.57,0.58,0,0,0,0,0,0,
"2016-12-08T19:25:00Z","2016-12-08T19:30:00Z",676.49,0.58,0,0,0,0,0,0,
"2016-12-08T19:30:00Z","2016-12-08T19:35:00Z",676.55,0.58,0,0,0,0,0,0,
"2016-12-08T19:35:00Z","2016-12-08T19:40:00Z",676.47,0.58,0,0,0,0,0,0,
"2016-12-08T19:40:00Z","2016-12-08T19:45:00Z",676.50,0.58,0,0,0,0,0,0,
"2016-12-08T19:45:00Z","2016-12-08T19:50:00Z",676.43,0.58,0,0,0,0,0,0,
"2016-12-08T19:50:00Z","2016-12-08T19:55:00Z",676.50,0.58,0,0,0,0,0,0,
"2016-12-08T19:55:00Z","2016-12-08T20:00:00Z",676.43,0.58,0,0,0,0,0,0,
"2016-12-08T20:00:00Z","2016-12-08T20:05:00Z",676.51,0.58,0,0,0,0,0,0,
"2016-12-08T20:05:00Z","2016-12-08T20:10:00Z",676.49,0.58,0,0,0,0,0,0,
"2016-12-08T20:10:00Z","2016-12-08T20:15:00Z",676.34,0.58,0,0,0,0,0,0,
"2016-12-08T20:15:00Z","2016-12-08T20:20:00Z",676.52,0.58,0,0,0,0,0,0,
"2016-12-08T20:20:00Z","2016-12-08T20:25:00Z",676.44,0.58,0,0,0,0,0,0,
"2016-12-08T20:25:00Z","2016-12-08T20:30:00Z",676.51,0.58,0,0,0,0,0,0,
"2016-12-08T20:30:00Z","2016-12-08T20:35:00Z",676.42,0.58,0,0,0,0,0,0,
"2016-12-08T20:35:00Z","2016-12-08T20:40:00Z",676.40,0.58,0,0,0,0,0,0,
"2016-12-08T20:40:00Z","2016-12-08T20:45:00Z",676.50,0.58,0,0,0,0,0,0,
"2016-12-08T20:45:00Z","2016-12-08T20:50:00Z",676.48,0.58,0,0,0,0,0,0,
"2016-12-08T20:50:00Z","2016-12-08T20:55:00Z",676.39,0.58,0,0,0,0,0,0,
"2016-12-08T20:55:00Z","2016-12-08T21:00:00Z",676.47,0.58,0,0,0,0,0,0,
"2016-12-08T21:00:00Z","2016-12-08T21:05:00Z",676.44,0.58,0,0,0,0,0,0,
"2016-12-08T21:05:00Z","2016-12-08T21:10:00Z",676.45,0.58,0,0,0,0,0,0,
"2016-12-08T21:10:00Z","2016-12-08T21:15:00Z",676.37,0.58,0,0,0,0,0,0,
"2016-12-08T21:15:00Z","2016-12-08T21:20:00Z",676.48,0.58,0,0,0,0,0,0,
"2016-12-08T21:20:00Z","2016-12-08T21:25:00Z",676.33,0.58,0,0,0,0,0,0,
"2016-12-08T21:25:00Z","2016-12-08T21:30:00Z",676.43,0.58,0,0,0,0,0,0,
"2016-12-08T21:30:00Z","2016-12-08T21:35:00Z",676.39,0.58,0,0,0,0,0,0,
"2016-12-08T21:35:00Z","2016-12-08T21:40:00Z",676.34,0.58,0,0,0,0,0,0,
"2016-12-08T21:40:00Z","2016-12-08T21:45:00Z",676.38,0.58,0,0,0,0,0,0,
"2016-12-08T21:45:00Z","2016-12-08T21:50:00Z",676.48,0.58,0,0,0,0,0,0,
"2016-12-08T21:50:00Z","2016-12-08T21:55:00Z",676.36,0.58,0,0,0,0,0,0,
"2016-12-08T21:55:00Z","2016-12-08T22:00:00Z",676.36,0.58,0,0,0,0,0,0,
"2016-12-08T22:00:00Z","2016-12-08T22:05:00Z",676.35,0.58,0,0,0,0,0,0,
"2016-12-08T22:05:00Z","2016-12-08T22:10:00Z",676.32,0.58,0,0,0,0,0,0,
"2016-12-08T22:10:00Z","2016-12-08T22:15:00Z",676.46,0.58,0,0,0,0,0,0,
"2016-12-08T22:15:00Z","2016-12-08T22:20:00Z",676.40,0.58,0,0,0,0,0,0,
"2016-12-08T22:20:00Z","2016-12-08T22:25:00Z",676.35,0.58,0,0,0,0,0,0,
"2016-12-08T22:25:00Z","2016-12-08T22:30:00Z",676.34,0.58,0,0,0,0,0,0,
"2016-12-08T22:30:00Z","2016-12-08T22:35:00Z",676.25,0.58,0,0,0,0,0,0,
"2016-12-08T22:35:00Z","2016-12-08T22:40:00Z",676.38,0.58,0,0,0,0,0,0,
"2016-12-08T22:40:00Z","2016-12-08T22:45:00Z",676.28,0.58,0,0,0,0,0,0,
"2016-12-08T22:45:00Z","2016-12-08T22:50:00Z",676.32,0.58,0,0,0,0,0,0,
"2016-12-08T22:50:00Z","2016-12-08T22:55:00Z",676.34,0.58,0,0,0,0,0,0,
"2016-12-08T22:55:00Z","2016-12-08T23:00:00Z",676.31,0.58,0,0,0,0,0,0,
"2016-12-08T23:00:00Z","2016-12-08T23:05:00Z",676.23,0.58,0,0,0,0,0,0,
"2016-12-08T23:05:00Z","2016-12-08T23:10:00Z",676.27,0.58,0,0,0,0,0,0,
"2016-12-08T23:10:00Z","2016-12-08T23:15:00Z",676.27,0.58,0,0,0,0,0,0,
"2016-12-08T23:15:00Z","2016-12-08T23:20:00Z",676.35,0.58,0,0,0,0,0,0,
"2016-12-08T23:20:00Z","2016-12-08T23:25:00Z",676.38,0.58,0,0,0,0,0,0,
"2016-12-08T23:25:00Z","2016-12-08T23:30:00Z",676.31,0.58,0,0,0,0,0,0,
"2016-12-08T23:30:00Z","2016-12-08T23:35:00Z",676.29,0.58,0,0,0,0,0,0,
"2016-12-08T23:35:00Z","2016-12-08T23:40:00Z",676.26,0.58,0,0,0,0,0,0,
"2016-12-08T23:40:00Z","2016-12-08T23:45:00Z",676.29,0.58,0,0,0,0,0,0,
"2016-12-08T23:45:00Z","2016-12-08T23:50:00Z",676.30,0.58,0,0,0,0,0,0,
"2016-12-08T23:50:00Z","2016-12-08T23:55:00Z",676.34,0.58,0,0,0,0,0,0,
"2016-12-08T23:55:00Z","2016-12-09T00:00:00Z",676.22,0.58,0,0,0,0,0,0,
"2016-12-09T00:00:00Z","2016-12-09T00:05:00Z",676.29,0.58,0,0,0,0,0,0,
"2016-12-09T00:05:00Z","2016-12-09T00:10:00Z",676.28,0.58,0,0,0,0,0,0,
"2016-12-09T00:10:00Z","2016-12-09T00:15:00Z",676.29,0.58,0,0,0,0,0,0,
"2016-12-09T00:15:00Z","2016-12-09T00:20:00Z",676.33,0.58,0,0,0,0,0,0,
"2016-12-09T00:20:00Z","2016-12-09T00:25:00Z",676.35,0.58,0,0,0,0,0,0,
"2016-12-09T00:25:00Z","2016-12-09T00:30:00Z",676.36,0.58,0,0,0,0,0,0,
"2016-12-09T00:30:00Z","2016-12-09T00:35:00Z",676.28,0.58,0,0,0,0,0,0,
"2016-12-09T00:35:00Z","2016-12-09T00:40:00Z",676.35,0.58,0,0,0,0,0,0,
"2016-12-09T00:40:00Z","2016-12-09T00:45:00Z",676.37,0.58,0,0,0,0,0,0,
"2016-12-09T00:45:00Z","2016-12-09T00:50:00Z",676.30,0.58,0,0,0,0,0,0,
"2016-12-09T00:50:00Z","2016-12-09T00:55:00Z",676.32,0.58,0,0,0,0,0,0,
"2016-12-09T00:55:00Z","2016-12-09T01:00:00Z",676.45,0.58,0,0,0,0,0,0,
"2016-12-09T01:00:00Z","2016-12-09T01:05:00Z",676.29,0.58,0,0,0,0,0,0,
"2016-12-09T01:05:00Z","2016-12-09T01:10:00Z",676.29,0.58,0,0,0,0,0,0,
"2016-12-09T01:10:00Z","2016-12-09T01:15:00Z",676.38,0.58,0,0,0,0,0,0,
"2016-12-09T01:15:00Z","2016-12-09T01:20:00Z",676.35,0.58,0,0,0,0,0,0,
"2016-12-09T01:20:00Z","2016-12-09T01:25:00Z",676.29,0.58,0,0,0,0,0,0,
"2016-12-09T01:25:00Z","2016-12-09T01:30:00Z",676.30,0.58,0,0,0,0,0,0,
"2016-12-09T01:30:00Z","2016-12-09T01:35:00Z",676.43,0.58,0,0,0,0,0,0,
"2016-12-09T01:35:00Z","2016-12-09T01:40:00Z",676.40,0.58,0,0,0,0,0,0,
"2016-12-09T01:40:00Z","2016-12-09T01:45:00Z",676.32,0.58,0,0,0,0,0,0,
"2016-12-09T01:45:00Z","2016-12-09T01:50:00Z",676.27,0.58,0,0,0,0,0,0,
"2016-12-09T01:50:00Z","2016-12-09T01:55:00Z",676.32,0.58,0,0,0,0,0,0,
"2016-12-09T01:55:00Z","2016-12-09T02:00:00Z",676.37,0.58,0,0,0,0,0,0,
"2016-12-09T02:00:00Z","2016-12-09T02:05:00Z",676.39,0.58,0,0,0,0,0,0,
"2016-12-09T02:05:00Z","2016-12-09T02:10:00Z",676.33,0.58,0,0,0,0,0,0,
"2016-12-09T02:10:00Z","2016-12-09T02:15:00Z",676.33,0.58,0,0,0,0,0,0,
"2016-12-09T02:15:00Z","2016-12-09T02:20:00Z",676.36,0.58,0,0,0,0,0,0,
"2016-12-09T02:20:00Z","2016-12-09T02:25:00Z",676.40,0.58,0,0,0,0,0,0,
"2016-12-09T02:25:00Z","2016-12-09T02:30:00Z",676.36,0.58,0,0,0,0,0,0,
"2016-12-09T02:30:00Z","2016-12-09T02:35:00Z",676.33,0.58,0,0,0,0,0,0,
"2016-12-09T02:35:00Z","2016-12-09T02:40:00Z",676.39,0.58,0,0,0,0,0,0,
"2016-12-09T02:40:00Z","2016-12-09T02:45:00Z",676.40,0.58,0,0,0,0,0,0,
"2016-12-09T02:45:00Z","2016-12-09T02:50:00Z",676.39,0.58,0,0,0,0,0,0,
"2016-12-09T02:50:00Z","2016-12-09T02:55:00Z",676.41,0.58,0,0,0,0,0,0,
"2016-12-09T02:55:00Z","2016-12-09T03:00:00Z",676.36,0.58,0,0,0,0,0,0,
"2016-12-09T03:00:00Z","2016-12-09T03:05:00Z",676.42,0.58,0,0,0,0,0,0,
"2016-12-09T03:05:00Z","2016-12-09T03:10:00Z",676.39,0.58,0,0,0,0,0,0,
"2016-12-09T03:10:00Z","2016-12-09T03:15:00Z",676.37,0.58,0,0,0,0,0,0,
"2016-12-09T03:15:00Z","2016-12-09T03:20:00Z",676.43,0.58,0,0,0,0,0,0,
"2016-12-09T03:20:00Z","2016-12-09T03:25:00Z",676.40,0.58,0,0,0,0,0,0,
"2016-12-09T03:25:00Z","2016-12-09T03:30:00Z",676.38,0.58,0,0,0,0,0,0,
"2016-12-09T03:30:00Z","2016-12-09T03:35:00Z",676.38,0.58,0,0,0,0,0,0,
"2016-12-09T03:35:00Z","2016-12-09T03:40:00Z",676.38,0.58,0,0,0,0,0,0,
"2016-12-09T03:40:00Z","2016-12-09T03:45:00Z",676.37,0.58,0,0,0,0,0,0,
"2016-12-09T03:45:00Z","2016-12-09T03:50:00Z",676.38,0.58,0,0,0,0,0,0,
"2016-12-09T03:50:00Z","2016-12-09T03:55:00Z",676.45,0.58,0,0,0,0,0,0,
"2016-12-09T03:55:00Z","2016-12-09T04:00:00Z",676.47,0.58,0,0,0,0,0,0,
"2016-12-09T04:00:00Z","2016-12-09T04:05:00Z",676.43,0.58,0,0,0,0,0,0,
"2016-12-09T04:05:00Z","2016-12-09T04:10:00Z",676.39,0.58,0,0,0,0,0,0,
"2016-12-09T04:10:00Z","2016-12-09T04:15:00Z",676.53,0.58,0,0,0,0,0,0,
"2016-12-09T04:15:00Z","2016-12-09T04:20:00Z",676.35,0.58,0,0,0,0,0,0,
"2016-12-09T04:20:00Z","2016-12-09T04:25:00Z",676.45,0.58,0,0,0,0,0,0,
"2016-12-09T04:25:00Z","2016-12-09T04:30:00Z",676.37,0.58,0,0,0,0,0,0,
"2016-12-09T04:30:00Z","2016-12-09T04:35:00Z",676.43,0.58,0,0,0,0,0,0,
"2016-12-09T04:35:00Z","2016-12-09T04:40:00Z",676.42,0.58,0,0,0,0,0,0,
"2016-12-09T04:40:00Z","2016-12-09T04:45:00Z",676.47,0.58,0,0,0,0,0,0,
"2016-12-09T04:45:00Z","2016-12-09T04:50:00Z",676.45,0.58,0,0,0,0,0,0,
"2016-12-09T04:50:00Z","2016-12-09T04:55:00Z",676.38,0.58,0,0,0,0,0,0,
"2016-12-09T04:55:00Z","2016-12-09T05:00:00Z",676.40,0.58,0,0,0,0,0,0,
"2016-12-09T05:00:00Z","2016-12-09T05:05:00Z",676.43,0.58,0,0,0,0,0,0,
"2016-12-09T05:05:00Z","2016-12-09T05:10:00Z",676.36,0.58,0,0,0,0,0,0,
"2016-12-09T05:10:00Z","2016-12-09T05:15:00Z",676.56,0.58,0,0,0,0,0,0,
"2016-12-09T05:15:00Z","2016-12-09T05:20:00Z",676.43,0.58,0,0,0,0,0,0,
"2016-12-09T05:20:00Z","2016-12-09T05:25:00Z",676.39,0.58,0,0,0,0,0,0,
"2016-12-09T05:25:00Z","2016-12-09T05:30:00Z",676.52,0.58,0,0,0,0,0,0,
"2016-12-09T05:30:00Z","2016-12-09T05:35:00Z",676.51,0.58,0,0,0,0,0,0,
"2016-12-09T05:35:00Z","2016-12-09T05:40:00Z",676.45,0.58,0,0,0,0,0,0,
"2016-12-09T05:40:00Z","2016-12-09T05:45:00Z",676.53,0.58,0,0,0,0,0,0,
"2016-12-09T05:45:00Z","2016-12-09T05:50:00Z",676.43,0.58,0,0,0,0,0,0,
"2016-12-09T05:50:00Z","2016-12-09T05:55:00Z",676.51,0.58,0,0,0,0,0,0,
"2016-12-09T05:55:00Z","2016-12-09T06:00:00Z",676.41,0.58,0,0,0,0,0,0,
"2016-12-09T06:00:00Z","2016-12-09T06:05:00Z",676.46,0.58,0,0,0,0,0,0,
"2016-12-09T06:05:00Z","2016-12-09T06:10:00Z",676.44,0.58,0,0,0,0,0,0,
"2016-12-09T06:10:00Z","2016-12-09T06:15:00Z",676.45,0.58,0,0,0,0,0,0,
"2016-12-09T06:15:00Z","2016-12-09T06:20:00Z",676.53,0.58,0,0,0,0,0,0,
"2016-12-09T06:20:00Z","2016-12-09T06:25:00Z",676.51,0.58,0,0,0,0,0,0,
"2016-12-09T06:25:00Z","2016-12-09T06:30:00Z",676.48,0.58,0,0,0,0,0,0,
"2016-12-09T06:30:00Z","2016-12-09T06:35:00Z",676.56,0.58,0,0,0,0,0,0,
"2016-12-09T06:35:00Z","2016-12-09T06:40:00Z",676.55,0.58,0,0,0,0,0,0,
"2016-12-09T06:40:00Z","2016-12-09T06:45:00Z",676.34,0.58,0,0,0,0,0,0,
"2016-12-09T06:45:00Z","2016-12-09T06:50:00Z",676.39,0.58,0,0,0,0,0,0,
"2016-12-09T06:50:00Z","2016-12-09T06:55:00Z",676.39,0.58,0,0,0,0,0,0,
"2016-12-09T06:55:00Z","2016-12-09T07:00:00Z",676.47,0.58,0,0,0,0,0,0,
"2016-12-09T07:00:00Z","2016-12-09T07:05:00Z",676.48,0.58,0,0,0,0,0,0,
"2016-12-09T07:05:00Z","2016-12-09T07:10:00Z",676.49,0.58,0,0,0,0,0,0,
"2016-12-09T07:10:00Z","2016-12-09T07:15:00Z",676.54,0.58,0,0,0,0,0,0,
"2016-12-09T07:15:00Z","2016-12-09T07:20:00Z",676.46,0.58,0,0,0,0,0,0,
"2016-12-09T07:20:00Z","2016-12-09T07:25:00Z",676.48,0.58,0,0,0,0,0,0,
"2016-12-09T07:25:00Z","2016-12-09T07:30:00Z",676.48,0.58,0,0,0,0,0,0,
"2016-12-09T07:30:00Z","2016-12-09T07:35:00Z",676.47,0.58,0,0,0,0,0,0,
"2016-12-09T07:35:00Z","2016-12-09T07:40:00Z",676.54,0.58,0,0,0,0,0,0,
"2016-12-09T07:40:00Z","2016-12-09T07:45:00Z",676.44,0.58,0,0,0,0,0,0,
"2016-12-09T07:45:00Z","2016-12-09T07:50:00Z",676.37,0.58,0,0,0,0,0,0,
"2016-12-09T07:50:00Z","2016-12-09T07:55:00Z",676.51,0.58,0,0,0,0,0,0,
"2016-12-09T07:55:00Z","2016-12-09T08:00:00Z",676.55,0.58,0,0,0,0,0,0,
"2016-12-09T08:00:00Z","2016-12-09T08:05:00Z",676.51,0.58,0,0,0,0,0,0,
"2016-12-09T08:05:00Z","2016-12-09T08:10:00Z",676.41,0.58,0,0,0,0,0,0,
"2016-12-09T08:10:00Z","2016-12-09T08:15:00Z",676.49,0.58,0,0,0,0,0,0,
"2016-12-09T08:15:00Z","2016-12-09T08:20:00Z",676.48,0.58,0,0,0,0,0,0,
"2016-12-09T08:20:00Z","2016-12-09T08:25:00Z",676.40,0.58,0,0,0,0,0,0,
"2016-12-09T08:25:00Z","2016-12-09T08:30:00Z",676.55,0.58,0,0,0,0,0,0,
"2016-12-09T08:30:00Z","2016-12-09T08:35:00Z",676.42,0.58,0,0,0,0,0,0,
"2016-12-09T08:35:00Z","2016-12-09T08:40:00Z",676.46,0.58,0,0,0,0,0,0,
"2016-12-09T08:40:00Z","2016-12-09T08:45:00Z",676.44,0.58,0,0,0,0,0,0,
"2016-12-09T08:45:00Z","2016-12-09T08:50:00Z",676.54,0.58,0,0,0,0,0,0,
"2016-12-09T08:50:00Z","2016-12-09T08:55:00Z",676.46,0.58,0,0,0,0,0,0,
"2016-12-09T08:55:00Z","2016-12-09T09:00:00Z",676.43,0.58,0,0,0,0,0,0,
"2016-12-09T09:00:00Z","2016-12-09T09:05:00Z",676.57,0.58,0,0,0,0,0,0,
"2016-12-09T09:05:00Z","2016-12-09T09:10:00Z",676.40,0.58,0,0,0,0,0,0,
"2016-12-09T09:10:00Z","2016-12-09T09:15:00Z",676.39,0.58,0,0,0,0,0,0,
"2016-12-09T09:15:00Z","2016-12-09T09:20:00Z",676.43,0.58,0,0,0,0,0,0,
"2016-12-09T09:20:00Z","2016-12-09T09:25:00Z",676.49,0.58,0,0,0,0,0,0,
"2016-12-09T09:25:00Z","2016-12-09T09:30:00Z",676.50,0.58,0,0,0,0,0,0,
"2016-12-09T09:30:00Z","2016-12-09T09:35:00Z",676.45,0.58,0,0,0,0,0,0,
"2016-12-09T09:35:00Z","2016-12-09T09:40:00Z",676.46,0.58,0,0,0,0,0,0,
"2016-12-09T09:40:00Z","2016-12-09T09:45:00Z",676.46,0.58,0,0,0,0,0,0,
"2016-12-09T09:45:00Z","2016-12-09T09:50:00Z",676.43,0.58,0,0,0,0,0,0,
"2016-12-09T09:50:00Z","2016-12-09T09:55:00Z",676.42,0.58,0,0,0,0,0,0,
"2016-12-09T09:55:00Z","2016-12-09T10:00:00Z",676.57,0.58,0,0,0,0,0,0,
"2016-12-09T10:00:00Z","2016-12-09T10:05:00Z",676.45,0.58,0,0,0,0,0,0,
"2016-12-09T10:05:00Z","2016-12-09T10:10:00Z",676.49,0.58,0,0,0,0,0,0,
"2016-12-09T10:10:00Z","2016-12-09T10:15:00Z",676.50,0.58,0,0,0,0,0,0,
"2016-12-09T10:15:00Z","2016-12-09T10:20:00Z",676.53,0.58,0,0,0,0,0,0,
"2016-12-09T10:20:00Z","2016-12-09T10:25:00Z",676.57,0.58,0,0,0,0,0,0,
"2016-12-09T10:25:00Z","2016-12-09T10:30:00Z",676.60,0.58,0,0,0,0,0,0,
"2016-12-09T10:30:00Z","2016-12-09T10:35:00Z",676.40,0.58,0,0,0,0,0,0,
"2016-12-09T10:35:00Z","2016-12-09T10:40:00Z",676.43,0.58,0,0,0,0,0,0,
"2016-12-09T10:40:00Z","2016-12-09T10:45:00Z",676.43,0.58,0,0,0,0,0,0,
"2016-12-09T10:45:00Z","2016-12-09T10:50:00Z",676.46,0.58,0,0,0,0,0,0,
"2016-12-09T10:50:00Z","2016-12-09T10:55:00Z",676.50,0.58,0,0,0,0,0,0,
"2016-12-09T10:55:00Z","2016-12-09T11:00:00Z",676.47,0.58,0,0,0,0,0,0,
"2016-12-09T11:00:00Z","2016-12-09T11:05:00Z",676.49,0.58,0,0,0,0,0,0,
"2016-12-09T11:05:00Z","2016-12-09T11:10:00Z",676.49,0.58,0,0,0,0,0,0,
"2016-12-09T11:10:00Z","2016-12-09T11:15:00Z",676.49,0.58,0,0,0,0,0,0,
"2016-12-09T11:15:00Z","2016-12-09T11:20:00Z",676.45,0.58,0,0,0,0,0,0,
"2016-12-09T11:20:00Z","2016-12-09T11:25:00Z",676.44,0.58,0,0,0,0,0,0,
"2016-12-09T11:25:00Z","2016-12-09T11:30:00Z",676.49,0.58,0,0,0,0,0,0,
"2016-12-09T11:30:00Z","2016-12-09T11:35:00Z",676.51,0.58,0,0,0,0,0,0,
"2016-12-09T11:35:00Z","2016-12-09T11:40:00Z",676.47,0.58,0,0,0,0,0,0,
"2016-12-09T11:40:00Z","2016-12-09T11:45:00Z",676.50,0.58,0,0,0,0,0,0,
"2016-12-09T11:45:00Z","2016-12-09T11:50:00Z",676.47,0.58,0,0,0,0,0,0,
"2016-12-09T11:50:00Z","2016-12-09T11:55:00Z",676.37,0.58,0,0,0,0,0,0,
"2016-12-09T11:55:00Z","2016-12-09T12:00:00Z",676.44,0.58,0,0,0,0,0,0,
"2016-12-09T12:00:00Z","2016-12-09T12:05:00Z",676.49,0.58,0,0,0,0,0,0,
"2016-12-09T12:05:00Z","2016-12-09T12:10:00Z",676.48,0.58,0,0,0,0,0,0,
"2016-12-09T12:10:00Z","2016-12-09T12:15:00Z",676.45,0.58,0,0,0,0,0,0,
"2016-12-09T12:15:00Z","2016-12-09T12:20:00Z",676.41,0.58,0,0,0,0,0,0,
"2016-12-09T12:20:00Z","2016-12-09T12:25:00Z",676.42,0.58,0,0,0,0,0,0,
"2016-12-09T12:25:00Z","2016-12-09T12:30:00Z",676.41,0.58,0,0,0,0,0,0,
"2016-12-09T12:30:00Z","2016-12-09T12:35:00Z",676.47,0.58,0,0,0,0,0,0,
"2016-12-09T12:35:00Z","2016-12-09T12:40:00Z",676.51,0.58,0,0,0,0,0,0,
"2016-12-09T12:40:00Z","2016-12-09T12:45:00Z",676.58,0.58,0,0,0,0,0,0,
"2016-12-09T12:45:00Z","2016-12-09T12:50:00Z",676.48,0.58,0,0,0,0,0,0,
"2016-12-09T12:50:00Z","2016-12-09T12:55:00Z",676.45,0.58,0,0,0,0,0,0,
"2016-12-09T12:55:00Z","2016-12-09T13:00:00Z",676.50,0.58,0,0,0,0,0,0,
"2016-12-09T13:00:00Z","2016-12-09T13:05:00Z",676.46,0.58,0,0,0,0,0,0,
"2016-12-09T13:05:00Z","2016-12-09T13:10:00Z",676.54,0.58,0,0,0,0,0,0,
"2016-12-09T13:10:00Z","2016-12-09T13:15:00Z",676.41,0.58,0,0,0,0,0,0,
"2016-12-09T13:15:00Z","2016-12-09T13:20:00Z",676.47,0.58,0,0,0,0,0,0,
"2016-12-09T13:20:00Z","2016-12-09T13:25:00Z",676.47,0.58,0,0,0,0,0,0,
"2016-12-09T13:25:00Z","2016-12-09T13:30:00Z",676.39,0.58,0,0,0,0,0,0,
"2016-12-09T13:30:00Z","2016-12-09T13:35:00Z",676.54,0.58,0,0,0,0,0,0,
"2016-12-09T13:35:00Z","2016-12-09T13:40:00Z",676.52,0.58,0,0,0,0,0,0,
"2016-12-09T13:40:00Z","2016-12-09T13:45:00Z",676.45,0.58,0,0,0,0,0,0,
"2016-12-09T13:45:00Z","2016-12-09T13:50:00Z",676.55,0.58,0,0,0,0,0,0,
"2016-12-09T13:50:00Z","2016-12-09T13:55:00Z",676.44,0.58,0,0,0,0,0,0,
"2016-12-09T13:55:00Z","2016-12-09T14:00:00Z",676.47,0.58,0,0,0,0,0,0,
"2016-12-09T14:00:00Z","2016-12-09T14:05:00Z",676.52,0.58,0,0,0,0,0,0,
"2016-12-09T14:05:00Z","2016-12-09T14:10:00Z",676.49,0.58,0,0,0,0,0,0,
"2016-12-09T14:10:00Z","2016-12-09T14:15:00Z",676.39,0.58,0,0,0,0,0,0,
"2016-12-09T14:15:00Z","2016-12-09T14:20:00Z",676.49,0.58,0,0,0,0,0,0,
"2016-12-09T14:20:00Z","2016-12-09T14:25:00Z",676.43,0.58,0,0,0,0,0,0,
"2016-12-09T14:25:00Z","2016-12-09T14:30:00Z",676.44,0.58,0,0,0,0,0,0,
"2016-12-09T14:30:00Z","2016-12-09T14:35:00Z",676.48,0.58,0,0,0,0,0,0,
"2016-12-09T14:35:00Z","2016-12-09T14:40:00Z",676.60,0.58,0,0,0,0,0,0,
"2016-12-09T14:40:00Z","2016-12-09T14:45:00Z",676.44,0.58,0,0,0,0,0,0,
"2016-12-09T14:45:00Z","2016-12-09T14:50:00Z",676.44,0.58,0,0,0,0,0,0,
"2016-12-09T14:50:00Z","2016-12-09T14:55:00Z",676.44,0.58,0,0,0,0,0,0,
"2016-12-09T14:55:00Z","2016-12-09T15:00:00Z",676.39,0.58,0,0,0,0,0,0,
"2016-12-09T15:00:00Z","2016-12-09T15:05:00Z",676.44,0.58,0,0,0,0,0,0,
"2016-12-09T15:05:00Z","2016-12-09T15:10:00Z",676.38,0.58,0,0,0,0,0,0,
"2016-12-09T15:10:00Z","2016-12-09T15:15:00Z",676.40,0.58,0,0,0,0,0,0,
"2016-12-09T15:15:00Z","2016-12-09T15:20:00Z",676.40,0.58,0,0,0,0,0,0,
"2016-12-09T15:20:00Z","2016-12-09T15:25:00Z",676.47,0.58,0,0,0,0,0,0,
"2016-12-09T15:25:00Z","2016-12-09T15:30:00Z",676.39,0.58,0,0,0,0,0,0,
"2016-12-09T15:30:00Z","2016-12-09T15:35:00Z",676.41,0.58,0,0,0,0,0,0,
"2016-12-09T15:35:00Z","2016-12-09T15:40:00Z",676.35,0.58,0,0,0,0,0,0,
"2016-12-09T15:40:00Z","2016-12-09T15:45:00Z",676.39,0.58,0,0,0,0,0,0,
"2016-12-09T15:45:00Z","2016-12-09T15:50:00Z",676.49,0.58,0,0,0,0,0,0,
"2016-12-09T15:50:00Z","2016-12-09T15:55:00Z",676.37,0.58,0,0,0,0,0,0,
"2016-12-09T15:55:00Z","2016-12-09T16:00:00Z",676.32,0.58,0,0,0,0,0,0,
"2016-12-09T16:00:00Z","2016-12-09T16:05:00Z",676.29,0.58,0,0,0,0,0,0,
"2016-12-09T16:05:00Z","2016-12-09T16:10:00Z",676.28,0.58,0,0,0,0,0,0,
"2016-12-09T16:10:00Z","2016-12-09T16:15:00Z",676.30,0.58,0,0,0,0,0,0,
"2016-12-09T16:15:00Z","2016-12-09T16:20:00Z",676.26,0.58,0,0,0,0,0,0,
"2016-12-09T16:20:00Z","2016-12-09T16:25:00Z",676.43,0.58,0,0,0,0,0,0,
"2016-12-09T16:25:00Z","2016-12-09T16:30:00Z",676.35,0.58,0,0,0,0,0,0,
"2016-12-09T16:30:00Z","2016-12-09T16:35:00Z",676.35,0.58,0,0,0,0,0,0,
"2016-12-09T16:35:00Z","2016-12-09T16:40:00Z",676.32,0.58,0,0,0,0,0,0,
"2016-12-09T16:40:00Z","2016-12-09T16:45:00Z",676.23,0.58,0,0,0,0,0,0,
"2016-12-09T16:45:00Z","2016-12-09T16:50:00Z",676.34,0.58,0,0,0,0,0,0,
"2016-12-09T16:50:00Z","2016-12-09T16:55:00Z",676.34,0.58,0,0,0,0,0,0,
"2016-12-09T16:55:00Z","2016-12-09T17:00:00Z",676.30,0.58,0,0,0,0,0,0,
"2016-12-09T17:00:00Z","2016-12-09T17:05:00Z",676.36,0.58,0,0,0,0,0,0,
"2016-12-09T17:05:00Z","2016-12-09T17:10:00Z",676.33,0.58,0,0,0,0,0,0,
"2016-12-09T17:10:00Z","2016-12-09T17:15:00Z",676.32,0.58,0,0,0,0,0,0,
"2016-12-09T17:15:00Z","2016-12-09T17:20:00Z",676.28,0.58,0,0,0,0,0,0,
"2016-12-09T17:20:00Z","2016-12-09T17:25:00Z",676.25,0.58,0,0,0,0,0,0,
"2016-12-09T17:25:00Z","2016-12-09T17:30:00Z",676.33,0.58,0,0,0,0,0,0,
"2016-12-09T17:30:00Z","2016-12-09T17:35:00Z",676.43,0.58,0,0,0,0,0,0,
"2016-12-09T17:35:00Z","2016-12-09T17:40:00Z",676.36,0.58,0,0,0,0,0,0,
"2016-12-09T17:40:00Z","2016-12-09T17:45:00Z",676.36,0.58,0,0,0,0,0,0,
"2016-12-09T17:45:00Z","2016-12-09T17:50:00Z",676.30,0.58,0,0,0,0,0,0,
"2016-12-09T17:50:00Z","2016-12-09T17:55:00Z",676.36,0.58,0,0,0,0,0,0,
"2016-12-09T17:55:00Z","2016-12-09T18:00:00Z",676.32,0.58,0,0,0,0,0,0,
"2016-12-09T18:00:00Z","2016-12-09T18:05:00Z",676.25,0.58,0,0,0,0,0,0,
"2016-12-09T18:05:00Z","2016-12-09T18:10:00Z",676.27,0.58,0,0,0,0,0,0,
"2016-12-09T18:10:00Z","2016-12-09T18:15:00Z",676.23,0.58,0,0,0,0,0,0,
"2016-12-09T18:15:00Z","2016-12-09T18:20:00Z",676.28,0.58,0,0,0,0,0,0,
"2016-12-09T18:20:00Z","2016-12-09T18:25:00Z",676.32,0.58,0,0,0,0,0,0,
"2016-12-09T18:25:00Z","2016-12-09T18:30:00Z",676.31,0.58,0,0,0,0,0,0,
"2016-12-09T18:30:00Z","2016-12-09T18:35:00Z",676.27,0.58,0,0,0,0,0,0,
"2016-12-09T18:35:00Z","2016-12-09T18:40:00Z",676.31,0.58,0,0,0,0,0,0,
"2016-12-09T18:40:00Z","2016-12-09T18:45:00Z",676.29,0.58,0,0,0,0,0,0,
"2016-12-09T18:45:00Z","2016-12-09T18:50:00Z",676.31,0.58,0,0,0,0,0,0,
"2016-12-09T18:50:00Z","2016-12-09T18:55:00Z",676.30,0.58,0,0,0,0,0,0,
"2016-12-09T18:55:00Z","2016-12-09T19:00:00Z",676.22,0.58,0,0,0,0,0,0,
"2016-12-09T19:00:00Z","2016-12-09T19:05:00Z",676.20,0.58,0,0,0,0,0,0,
"2016-12-09T19:05:00Z","2016-12-09T19:10:00Z",676.23,0.58,0,0,0,0,0,0,
"2016-12-09T19:10:00Z","2016-12-09T19:15:00Z",676.19,0.58,0,0,0,0,0,0,
"2016-12-09T19:15:00Z","2016-12-09T19:20:00Z",676.17,0.58,0,0,0,0,0,0,
"2016-12-09T19:20:00Z","2016-12-09T19:25:00Z",676.22,0.58,0,0,0,0,0,0,
"2016-12-09T19:25:00Z","2016-12-09T19:30:00Z",676.17,0.58,0,0,0,0,0,0,
"2016-12-09T19:30:00Z","2016-12-09T19:35:00Z",676.22,0.58,0,0,0,0,0,0,
"2016-12-09T19:35:00Z","2016-12-09T19:40:00Z",676.23,0.58,0,0,0,0,0,0,
"2016-12-09T19:40:00Z","2016-12-09T19:45:00Z",676.20,0.58,0,0,0,0,0,0,
"2016-12-09T19:45:00Z","2016-12-09T19:50:00Z",676.19,0.58,0,0,0,0,0,0,
"2016-12-09T19:50:00Z","2016-12-09T19:55:00Z",676.13,0.58,0,0,0,0,0,0,
"2016-12-09T19:55:00Z","2016-12-09T20:00:00Z",676.24,0.58,0,0,0,0,0,0,
"2016-12-09T20:00:00Z","2016-12-09T20:05:00Z",676.18,0.58,0,0,0,0,0,0,
"2016-12-09T20:05:00Z","2016-12-09T20:10:00Z",676.15,0.58,0,0,0,0,0,0,
"2016-12-09T20:10:00Z","2016-12-09T20:15:00Z",676.13,0.58,0,0,0,0,0,0,
"2016-12-09T20:15:00Z","2016-12-09T20:20:00Z",676.12,0.58,0,0,0,0,0,0,
"2016-12-09T20:20:00Z","2016-12-09T20:25:00Z",676.20,0.58,0,0,0,0,0,0,
"2016-12-09T20:25:00Z","2016-12-09T20:30:00Z",676.14,0.58,0,0,0,0,0,0,
"2016-12-09T20:30:00Z","2016-12-09T20:35:00Z",676.15,0.58,0,0,0,0,0,0,
"2016-12-09T20:35:00Z","2016-12-09T20:40:00Z",676.05,0.58,0,0,0,0,0,0,
"2016-12-09T20:40:00Z","2016-12-09T20:45:00Z",676.08,0.58,0,0,0,0,0,0,
"2016-12-09T20:45:00Z","2016-12-09T20:50:00Z",676.20,0.58,0,0,0,0,0,0,
"2016-12-09T20:50:00Z","2016-12-09T20:55:00Z",676.17,0.58,0,0,0,0,0,0,
"2016-12-09T20:55:00Z","2016-12-09T21:00:00Z",676.02,0.58,0,0,0,0,0,0,
"2016-12-09T21:00:00Z","2016-12-09T21:05:00Z",676.02,0.58,0,0,0,0,0,0,
"2016-12-09T21:05:00Z","2016-12-09T21:10:00Z",676.08,0.58,0,0,0,0,0,0,
"2016-12-09T21:10:00Z","2016-12-09T21:15:00Z",676.18,0.58,0,0,0,0,0,0,
"2016-12-09T21:15:00Z","2016-12-09T21:20:00Z",676.06,0.58,0,0,0,0,0,0,
"2016-12-09T21:20:00Z","2016-12-09T21:25:00Z",676.12,0.58,0,0,0,0,0,0,
"2016-12-09T21:25:00Z","2016-12-09T21:30:00Z",676.07,0.58,0,0,0,0,0,0,
"2016-12-09T21:30:00Z","2016-12-09T21:35:00Z",676.15,0.58,0,0,0,0,0,0,
"2016-12-09T21:35:00Z","2016-12-09T21:40:00Z",676.06,0.58,0,0,0,0,0,0,
"2016-12-09T21:40:00Z","2016-12-09T21:45:00Z",675.99,0.58,0,0,0,0,0,0,
"2016-12-09T21:45:00Z","2016-12-09T21:50:00Z",676.05,0.58,0,0,0,0,0,0,
"2016-12-09T21:50:00Z","2016-12-09T21:55:00Z",676.07,0.58,0,0,0,0,0,0,
"2016-12-09T21:55:00Z","2016-12-09T22:00:00Z",676.12,0.58,0,0,0,0,0,0,
"2016-12-09T22:00:00Z","2016-12-09T22:05:00Z",676.13,0.58,0,0,0,0,0,0,
"2016-12-09T22:05:00Z","2016-12-09T22:10:00Z",676.11,0.58,0,0,0,0,0,0,
"2016-12-09T22:10:00Z","2016-12-09T22:15:00Z",676.12,0.58,0,0,0,0,0,0,
"2016-12-09T22:15:00Z","2016-12-09T22:20:00Z",675.95,0.58,0,0,0,0,0,0,
"2016-12-09T22:20:00Z","2016-12-09T22:25:00Z",676.04,0.58,0,0,0,0,0,0,
"2016-12-09T22:25:00Z","2016-12-09T22:30:00Z",676.04,0.58,0,0,0,0,0,0,
"2016-12-09T22:30:00Z","2016-12-09T22:35:00Z",676.08,0.58,0,0,0,0,0,0,
"2016-12-09T22:35:00Z","2016-12-09T22:40:00Z",676.01,0.58,0,0,0,0,0,0,
"2016-12-09T22:40:00Z","2016-12-09T22:45:00Z",676.00,0.58,0,0,0,0,0,0,
"2016-12-09T22:45:00Z","2016-12-09T22:50:00Z",676.01,0.58,0,0,0,0,0,0,
"2016-12-09T22:50:00Z","2016-12-09T22:55:00Z",676.10,0.58,0,0,0,0,0,0,
"2016-12-09T22:55:00Z","2016-12-09T23:00:00Z",676.01,0.58,0,0,0,0,0,0,
"2016-12-09T23:00:00Z","2016-12-09T23:05:00Z",676.19,0.58,0,0,0,0,0,0,
"2016-12-09T23:05:00Z","2016-12-09T23:10:00Z",676.07,0.58,0,0,0,0,0,0,
"2016-12-09T23:10:00Z","2016-12-09T23:15:00Z",676.03,0.58,0,0,0,0,0,0,
"2016-12-09T23:15:00Z","2016-12-09T23:20:00Z",676.06,0.58,0,0,0,0,0,0,
"2016-12-09T23:20:00Z","2016-12-09T23:25:00Z",676.06,0.58,0,0,0,0,0,0,
"2016-12-09T23:25:00Z","2016-12-09T23:30:00Z",676.02,0.58,0,0,0,0,0,0,
"2016-12-09T23:30:00Z","2016-12-09T23:35:00Z",676.02,0.58,0,0,0,0,0,0,
"2016-12-09T23:35:00Z","2016-12-09T23:40:00Z",676.00,0.58,0,0,0,0,0,0,
"2016-12-09T23:40:00Z","2016-12-09T23:45:00Z",675.96,0.58,0,0,0,0,0,0,
"2016-12-09T23:45:00Z","2016-12-09T23:50:00Z",676.03,0.58,0,0,0,0,0,0,
"2016-12-09T23:50:00Z","2016-12-09T23:55:00Z",676.09,0.58,0,0,0,0,0,0,
"2016-12-09T23:55:00Z","2016-12-10T00:00:00Z",675.99,0.58,0,0,0,0,0,0,
"2016-12-10T00:00:00Z","2016-12-10T00:05:00Z",676.07,0.58,0,0,0,0,0,0,
"2016-12-10T00:05:00Z","2016-12-10T00:10:00Z",676.01,0.58,0,0,0,0,0,0,
"2016-12-10T00:10:00Z","2016-12-10T00:15:00Z",676.08,0.58,0,0,0,0,0,0,
"2016-12-10T00:15:00Z","2016-12-10T00:20:00Z",676.11,0.58,0,0,0,0,0,0,
"2016-12-10T00:20:00Z","2016-12-10T00:25:00Z",676.03,0.58,0,0,0,0,0,0,
"2016-12-10T00:25:00Z","2016-12-10T00:30:00Z",676.04,0.58,0,0,0,0,0,0,
"2016-12-10T00:30:00Z","2016-12-10T00:35:00Z",676.00,0.58,0,0,0,0,0,0,
"2016-12-10T00:35:00Z","2016-12-10T00:40:00Z",676.05,0.58,0,0,0,0,0,0,
"2016-12-10T00:40:00Z","2016-12-10T00:45:00Z",676.13,0.58,0,0,0,0,0,0,
"2016-12-10T00:45:00Z","2016-12-10T00:50:00Z",676.01,0.58,0,0,0,0,0,0,
"2016-12-10T00:50:00Z","2016-12-10T00:55:00Z",675.92,0.58,0,0,0,0,0,0,
"2016-12-10T00:55:00Z","2016-12-10T01:00:00Z",675.93,0.58,0,0,0,0,0,0,
"2016-12-10T01:00:00Z","2016-12-10T01:05:00Z",676.03,0.58,0,0,0,0,0,0,
"2016-12-10T01:05:00Z","2016-12-10T01:10:00Z",675.99,0.58,0,0,0,0,0,0,
"2016-12-10T01:10:00Z","2016-12-10T01:15:00Z",675.98,0.58,0,0,0,0,0,0,
"2016-12-10T01:15:00Z","2016-12-10T01:20:00Z",676.04,0.58,0,0,0,0,0,0,
"2016-12-10T01:20:00Z","2016-12-10T01:25:00Z",676.05,0.58,0,0,0,0,0,0,
"2016-12-10T01:25:00Z","2016-12-10T01:30:00Z",675.93,0.58,0,0,0,0,0,0,
"2016-12-10T01:30:00Z","2016-12-10T01:35:00Z",675.95,0.58,0,0,0,0,0,0,
"2016-12-10T01:35:00Z","2016-12-10T01:40:00Z",676.00,0.58,0,0,0,0,0,0,
"2016-12-10T01:40:00Z","2016-12-10T01:45:00Z",676.03,0.58,0,0,0,0,0,0,
"2016-12-10T01:45:00Z","2016-12-10T01:50:00Z",675.99,0.58,0,0,0,0,0,0,
"2016-12-10T01:50:00Z","2016-12-10T01:55:00Z",675.93,0.58,0,0,0,0,0,0,
"2016-12-10T01:55:00Z","2016-12-10T02:00:00Z",675.97,0.58,0,0,0,0,0,0,
"2016-12-10T02:00:00Z","2016-12-10T02:05:00Z",676.09,0.58,0,0,0,0,0,0,
"2016-12-10T02:05:00Z","2016-12-10T02:10:00Z",675.93,0.58,0,0,0,0,0,0,
"2016-12-10T02:10:00Z","2016-12-10T02:15:00Z",676.01,0.58,0,0,0,0,0,0,
"2016-12-10T02:15:00Z","2016-12-10T02:20:00Z",675.94,0.58,0,0,0,0,0,0,
"2016-12-10T02:20:00Z","2016-12-10T02:25:00Z",675.96,0.58,0,0,0,0,0,0,
"2016-12-10T02:25:00Z","2016-12-10T02:30:00Z",675.98,0.58,0,0,0,0,0,0,
"2016-12-10T02:30:00Z","2016-12-10T02:35:00Z",675.99,0.58,0,0,0,0,0,0,
"2016-12-10T02:35:00Z","2016-12-10T02:40:00Z",675.92,0.58,0,0,0,0,0,0,
"2016-12-10T02:40:00Z","2016-12-10T02:45:00Z",676.04,0.58,0,0,0,0,0,0,
"2016-12-10T02:45:00Z","2016-12-10T02:50:00Z",676.04,0.58,0,0,0,0,0,0,
"2016-12-10T02:50:00Z","2016-12-10T02:55:00Z",675.94,0.58,0,0,0,0,0,0,
"2016-12-10T02:55:00Z","2016-12-10T03:00:00Z",675.95,0.58,0,0,0,0,0,0,
"2016-12-10T03:00:00Z","2016-12-10T03:05:00Z",675.93,0.58,0,0,0,0,0,0,
"2016-12-10T03:05:00Z","2016-12-10T03:10:00Z",675.98,0.58,0,0,0,0,0,0,
"2016-12-10T03:10:00Z","2016-12-10T03:15:00Z",675.88,0.58,0,0,0,0,0,0,
"2016-12-10T03:15:00Z","2016-12-10T03:20:00Z",676.02,0.58,0,0,0,0,0,0,
"2016-12-10T03:20:00Z","2016-12-10T03:25:00Z",675.88,0.58,0,0,0,0,0,0,
"2016-12-10T03:25:00Z","2016-12-10T03:30:00Z",675.94,0.58,0,0,0,0,0,0,
"2016-12-10T03:30:00Z","2016-12-10T03:35:00Z",675.86,0.58,0,0,0,0,0,0,
"2016-12-10T03:35:00Z","2016-12-10T03:40:00Z",675.92,0.58,0,0,0,0,0,0,
"2016-12-10T03:40:00Z","2016-12-10T03:45:00Z",675.90,0.58,0,0,0,0,0,0,
"2016-12-10T03:45:00Z","2016-12-10T03:50:00Z",675.95,0.58,0,0,0,0,0,0,
"2016-12-10T03:50:00Z","2016-12-10T03:55:00Z",675.92,0.58,0,0,0,0,0,0,
"2016-12-10T03:55:00Z","2016-12-10T04:00:00Z",676.06,0.58,0,0,0,0,0,0,
"2016-12-10T04:00:00Z","2016-12-10T04:05:00Z",676.00,0.58,0,0,0,0,0,0,
"2016-12-10T04:05:00Z","2016-12-10T04:10:00Z",675.87,0.58,0,0,0,0,0,0,
"2016-12-10T04:10:00Z","2016-12-10T04:15:00Z",675.89,0.58,0,0,0,0,0,0,
"2016-12-10T04:15:00Z","2016-12-10T04:20:00Z",676.04,0.58,0,0,0,0,0,0,
"2016-12-10T04:20:00Z","2016-12-10T04:25:00Z",675.90,0.58,0,0,0,0,0,0,
"2016-12-10T04:25:00Z","2016-12-10T04:30:00Z",676.02,0.58,0,0,0,0,0,0,
"2016-12-10T04:30:00Z","2016-12-10T04:35:00Z",676.07,0.58,0,0,0,0,0,0,
"2016-12-10T04:35:00Z","2016-12-10T04:40:00Z",675.84,0.58,0,0,0,0,0,0,
"2016-12-10T04:40:00Z","2016-12-10T04:45:00Z",676.01,0.58,0,0,0,0,0,0,
"2016-12-10T04:45:00Z","2016-12-10T04:50:00Z",675.96,0.58,0,0,0,0,0,0,
"2016-12-10T04:50:00Z","2016-12-10T04:55:00Z",675.98,0.58,0,0,0,0,0,0,
"2016-12-10T04:55:00Z","2016-12-10T05:00:00Z",675.87,0.58,0,0,0,0,0,0,
"2016-12-10T05:00:00Z","2016-12-10T05:05:00Z",675.88,0.58,0,0,0,0,0,0,
"2016-12-10T05:05:00Z","2016-12-10T05:10:00Z",675.85,0.58,0,0,0,0,0,0,
"2016-12-10T05:10:00Z","2016-12-10T05:15:00Z",675.86,0.58,0,0,0,0,0,0,
"2016-12-10T05:15:00Z","2016-12-10T05:20:00Z",675.92,0.58,0,0,0,0,0,0,
"2016-12-10T05:20:00Z","2016-12-10T05:25:00Z",675.92,0.58,0,0,0,0,0,0,
"2016-12-10T05:25:00Z","2016-12-10T05:30:00Z",675.94,0.58,0,0,0,0,0,0,
"2016-12-10T05:30:00Z","2016-12-10T05:35:00Z",675.87,0.58,0,0,0,0,0,0,
"2016-12-10T05:35:00Z","2016-12-10T05:40:00Z",676.05,0.58,0,0,0,0,0,0,
"2016-12-10T05:40:00Z","2016-12-10T05:45:00Z",675.93,0.58,0,0,0,0,0,0,
"2016-12-10T05:45:00Z","2016-12-10T05:50:00Z",675.96,0.58,0,0,0,0,0,0,
"2016-12-10T05:50:00Z","2016-12-10T05:55:00Z",675.87,0.58,0,0,0,0,0,0,
"2016-12-10T05:55:00Z","2016-12-10T06:00:00Z",675.95,0.58,0,0,0,0,0,0,
"2016-12-10T06:00:00Z","2016-12-10T06:05:00Z",675.86,0.58,0,0,0,0,0,0,
"2016-12-10T06:05:00Z","2016-12-10T06:10:00Z",676.04,0.58,0,0,0,0,0,0,
"2016-12-10T06:10:00Z","2016-12-10T06:15:00Z",675.96,0.58,0,0,0,0,0,0,
"2016-12-10T06:15:00Z","2016-12-10T06:20:00Z",675.98,0.58,0,0,0,0,0,0,
"2016-12-10T06:20:00Z","2016-12-10T06:25:00Z",675.97,0.58,0,0,0,0,0,0,
"2016-12-10T06:25:00Z","2016-12-10T06:30:00Z",675.89,0.58,0,0,0,0,0,0,
"2016-12-10T06:30:00Z","2016-12-10T06:35:00Z",675.94,0.58,0,0,0,0,0,0,
"2016-12-10T06:35:00Z","2016-12-10T06:40:00Z",675.87,0.58,0,0,0,0,0,0,
"2016-12-10T06:40:00Z","2016-12-10T06:45:00Z",675.97,0.58,0,0,0,0,0,0,
"2016-12-10T06:45:00Z","2016-12-10T06:50:00Z",675.83,0.58,0,0,0,0,0,0,
"2016-12-10T06:50:00Z","2016-12-10T06:55:00Z",675.83,0.58,0,0,0,0,0,0,
"2016-12-10T06:55:00Z","2016-12-10T07:00:00Z",675.84,0.58,0,0,0,0,0,0,
"2016-12-10T07:00:00Z","2016-12-10T07:05:00Z",675.88,0.58,0,0,0,0,0,0,
"2016-12-10T07:05:00Z","2016-12-10T07:10:00Z",675.87,0.58,0,0,0,0,0,0,
"2016-12-10T07:10:00Z","2016-12-10T07:15:00Z",675.94,0.58,0,0,0,0,0,0,
"2016-12-10T07:15:00Z","2016-12-10T07:20:00Z",675.84,0.58,0,0,0,0,0,0,
"2016-12-10T07:20:00Z","2016-12-10T07:25:00Z",675.81,0.58,0,0,0,0,0,0,
"2016-12-10T07:25:00Z","2016-12-10T07:30:00Z",675.91,0.58,0,0,0,0,0,0,
"2016-12-10T07:30:00Z","2016-12-10T07:35:00Z",675.90,0.58,0,0,0,0,0,0,
"2016-12-10T07:35:00Z","2016-12-10T07:40:00Z",675.86,0.58,0,0,0,0,0,0,
"2016-12-10T07:40:00Z","2016-12-10T07:45:00Z",675.82,0.58,0,0,0,0,0,0,
"2016-12-10T07:45:00Z","2016-12-10T07:50:00Z",675.87,0.58,0,0,0,0,0,0,
"2016-12-10T07:50:00Z","2016-12-10T07:55:00Z",675.90,0.58,0,0,0,0,0,0,
"2016-12-10T07:55:00Z","2016-12-10T08:00:00Z",675.80,0.58,0,0,0,0,0,0,
"2016-12-10T08:00:00Z","2016-12-10T08:05:00Z",675.94,0.58,0,0,0,0,0,0,
"2016-12-10T08:05:00Z","2016-12-10T08:10:00Z",675.87,0.58,0,0,0,0,0,0,
"2016-12-10T08:10:00Z","2016-12-10T08:15:00Z",675.82,0.58,0,0,0,0,0,0,
"2016-12-10T08:15:00Z","2016-12-10T08:20:00Z",675.78,0.58,0,0,0,0,0,0,
"2016-12-10T08:20:00Z","2016-12-10T08:25:00Z",675.87,0.58,0,0,0,0,0,0,
"2016-12-10T08:25:00Z","2016-12-10T08:30:00Z",675.83,0.58,0,0,0,0,0,0,
"2016-12-10T08:30:00Z","2016-12-10T08:35:00Z",675.92,0.58,0,0,0,0,0,0,
"2016-12-10T08:35:00Z","2016-12-10T08:40:00Z",675.86,0.58,0,0,0,0,0,0,
"2016-12-10T08:40:00Z","2016-12-10T08:45:00Z",675.79,0.58,0,0,0,0,0,0,
"2016-12-10T08:45:00Z","2016-12-10T08:50:00Z",675.81,0.58,0,0,0,0,0,0,
"2016-12-10T08:50:00Z","2016-12-10T08:55:00Z",675.86,0.58,0,0,0,0,0,0,
"2016-12-10T08:55:00Z","2016-12-10T09:00:00Z",675.76,0.58,0,0,0,0,0,0,
"2016-12-10T09:00:00Z","2016-12-10T09:05:00Z",675.91,0.58,0,0,0,0,0,0,
"2016-12-10T09:05:00Z","2016-12-10T09:10:00Z",675.76,0.58,0,0,0,0,0,0,
"2016-12-10T09:10:00Z","2016-12-10T09:15:00Z",675.80,0.58,0,0,0,0,0,0,
"2016-12-10T09:15:00Z","2016-12-10T09:20:00Z",675.79,0.58,0,0,0,0,0,0,
"2016-12-10T09:20:00Z","2016-12-10T09:25:00Z",675.84,0.58,0,0,0,0,0,0,
"2016-12-10T09:25:00Z","2016-12-10T09:30:00Z",675.74,0.58,0,0,0,0,0,0,
"2016-12-10T09:30:00Z","2016-12-10T09:35:00Z",675.82,0.58,0,0,0,0,0,0,
"2016-12-10T09:35:00Z","2016-12-10T09:40:00Z",675.93,0.58,0,0,0,0,0,0,
"2016-12-10T09:40:00Z","2016-12-10T09:45:00Z",675.68,0.58,0,0,0,0,0,0,
"2016-12-10T09:45:00Z","2016-12-10T09:50:00Z",675.80,0.58,0,0,0,0,0,0,
"2016-12-10T09:50:00Z","2016-12-10T09:55:00Z",675.86,0.58,0,0,0,0,0,0,
"2016-12-10T09:55:00Z","2016-12-10T10:00:00Z",675.75,0.58,0,0,0,0,0,0,
"2016-12-10T10:00:00Z","2016-12-10T10:05:00Z",675.77,0.58,0,0,0,0,0,0,
"2016-12-10T10:05:00Z","2016-12-10T10:10:00Z",675.87,0.58,0,0,0,0,0,0,
"2016-12-10T10:10:00Z","2016-12-10T10:15:00Z",675.88,0.58,0,0,0,0,0,0,
"2016-12-10T10:15:00Z","2016-12-10T10:20:00Z",675.83,0.58,0,0,0,0,0,0,
"2016-12-10T10:20:00Z","2016-12-10T10:25:00Z",675.76,0.58,0,0,0,0,0,0,
"2016-12-10T10:25:00Z","2016-12-10T10:30:00Z",675.73,0.58,0,0,0,0,0,0,
"2016-12-10T10:30:00Z","2016-12-10T10:35:00Z",675.71,0.58,0,0,0,0,0,0,
"2016-12-10T10:35:00Z","2016-12-10T10:40:00Z",675.75,0.58,0,0,0,0,0,0,
"2016-12-10T10:40:00Z","2016-12-10T10:45:00Z",675.72,0.58,0,0,0,0,0,0,
"2016-12-10T10:45:00Z","2016-12-10T10:50:00Z",675.83,0.58,0,0,0,0,0,0,
"2016-12-10T10:50:00Z","2016-12-10T10:55:00Z",675.77,0.58,0,0,0,0,0,0,
"2016-12-10T10:55:00Z","2016-12-10T11:00:00Z",675.73,0.58,0,0,0,0,0,0,
"2016-12-10T11:00:00Z","2016-12-10T11:05:00Z",675.83,0.58,0,0,0,0,0,0,
"2016-12-10T11:05:00Z","2016-12-10T11:10:00Z",675.70,0.58,0,0,0,0,0,0,
"2016-12-10T11:10:00Z","2016-12-10T11:15:00Z",675.80,0.58,0,0,0,0,0,0,
"2016-12-10T11:15:00Z","2016-12-10T11:20:00Z",675.74,0.58,0,0,0,0,0,0,
"2016-12-10T11:20:00Z","2016-12-10T11:25:00Z",675.82,0.58,0,0,0,0,0,0,
"2016-12-10T11:25:00Z","2016-12-10T11:30:00Z",675.84,0.58,0,0,0,0,0,0,
"2016-12-10T11:30:00Z","2016-12-10T11:35:00Z",675.74,0.58,0,0,0,0,0,0,
"2016-12-10T11:35:00Z","2016-12-10T11:40:00Z",675.77,0.58,0,0,0,0,0,0,
"2016-12-10T11:40:00Z","2016-12-10T11:45:00Z",675.75,0.58,0,0,0,0,0,0,
"2016-12-10T11:45:00Z","2016-12-10T11:50:00Z",675.81,0.58,0,0,0,0,0,0,
"2016-12-10T11:50:00Z","2016-12-10T11:55:00Z",675.71,0.58,0,0,0,0,0,0,
"2016-12-10T11:55:00Z","2016-12-10T12:00:00Z",675.78,0.58,0,0,0,0,0,0,
"2016-12-10T12:00:00Z","2016-12-10T12:05:00Z",675.64,0.58,0,0,0,0,0,0,
"2016-12-10T12:05:00Z","2016-12-10T12:10:00Z",675.67,0.58,0,0,0,0,0,0,
"2016-12-10T12:10:00Z","2016-12-10T12:15:00Z",675.72,0.58,0,0,0,0,0,0,
"2016-12-10T12:15:00Z","2016-12-10T12:20:00Z",675.76,0.58,0,0,0,0,0,0,
"2016-12-10T12:20:00Z","2016-12-10T12:25:00Z",675.81,0.58,0,0,0,0,0,0,
"2016-12-10T12:25:00Z","2016-12-10T12:30:00Z",675.82,0.58,0,0,0,0,0,0,
"2016-12-10T12:30:00Z","2016-12-10T12:35:00Z",675.84,0.58,0,0,0,0,0,0,
"2016-12-10T12:35:00Z","2016-12-10T12:40:00Z",675.72,0.58,0,0,0,0,0,0,
"2016-12-10T12:40:00Z","2016-12-10T12:45:00Z",675.75,0.58,0,0,0,0,0,0,
"2016-12-10T12:45:00Z","2016-12-10T12:50:00Z",675.81,0.58,0,0,0,0,0,0,
"2016-12-10T12:50:00Z","2016-12-10T12:55:00Z",675.64,0.58,0,0,0,0,0,0,
"2016-12-10T12:55:00Z","2016-12-10T13:00:00Z",675.70,0.58,0,0,0,0,0,0,
"2016-12-10T13:00:00Z","2016-12-10T13:05:00Z",675.72,0.58,0,0,0,0,0,0,
"2016-12-10T13:05:00Z","2016-12-10T13:10:00Z",675.74,0.58,0,0,0,0,0,0,
"2016-12-10T13:10:00Z","2016-12-10T13:15:00Z",675.74,0.58,0,0,0,0,0,0,
"2016-12-10T13:15:00Z","2016-12-10T13:20:00Z",675.86,0.58,0,0,0,0,0,0,
"2016-12-10T13:20:00Z","2016-12-10T13:25:00Z",675.74,0.58,0,0,0,0,0,0,
"2016-12-10T13:25:00Z","2016-12-10T13:30:00Z",675.79,0.58,0,0,0,0,0,0,
"2016-12-10T13:30:00Z","2016-12-10T13:35:00Z",675.65,0.58,0,0,0,0,0,0,
"2016-12-10T13:35:00Z","2016-12-10T13:40:00Z",675.77,0.58,0,0,0,0,0,0,
"2016-12-10T13:40:00Z","2016-12-10T13:45:00Z",675.79,0.58,0,0,0,0,0,0,
"2016-12-10T13:45:00Z","2016-12-10T13:50:00Z",675.63,0.58,0,0,0,0,0,0,
"2016-12-10T13:50:00Z","2016-12-10T13:55:00Z",675.62,0.58,0,0,0,0,0,0,
"2016-12-10T13:55:00Z","2016-12-10T14:00:00Z",675.79,0.58,0,0,0,0,0,0,
"2016-12-10T14:00:00Z","2016-12-10T14:05:00Z",675.66,0.58,0,0,0,0,0,0,
"2016-12-10T14:05:00Z","2016-12-10T14:10:00Z",675.73,0.58,0,0,0,0,0,0,
"2016-12-10T14:10:00Z","2016-12-10T14:15:00Z",675.76,0.58,0,0,0,0,0,0,
"2016-12-10T14:15:00Z","2016-12-10T14:20:00Z",675.69,0.58,0,0,0,0,0,0,
"2016-12-10T14:20:00Z","2016-12-10T14:25:00Z",675.69,0.58,0,0,0,0,0,0,
"2016-12-10T14:25:00Z","2016-12-10T14:30:00Z",675.70,0.58,0,0,0,0,0,0,
"2016-12-10T14:30:00Z","2016-12-10T14:35:00Z",675.75,0.58,0,0,0,0,0,0,
"2016-12-10T14:35:00Z","2016-12-10T14:40:00Z",675.67,0.58,0,0,0,0,0,0,
"2016-12-10T14:40:00Z","2016-12-10T14:45:00Z",675.65,0.58,0,0,0,0,0,0,
"2016-12-10T14:45:00Z","2016-12-10T14:50:00Z",675.69,0.58,0,0,0,0,0,0,
"2016-12-10T14:50:00Z","2016-12-10T14:55:00Z",675.75,0.58,0,0,0,0,0,0,
"2016-12-10T14:55:00Z","2016-12-10T15:00:00Z",675.63,0.58,0,0,0,0,0,0,
"2016-12-10T15:00:00Z","2016-12-10T15:05:00Z",675.67,0.58,0,0,0,0,0,0,
"2016-12-10T15:05:00Z","2016-12-10T15:10:00Z",675.68,0.58,0,0,0,0,0,0,
"2016-12-10T15:10:00Z","2016-12-10T15:15:00Z",675.72,0.58,0,0,0,0,0,0,
"2016-12-10T15:15:00Z","2016-12-10T15:20:00Z",675.66,0.58,0,0,0,0,0,0,
"2016-12-10T15:20:00Z","2016-12-10T15:25:00Z",675.67,0.58,0,0,0,0,0,0,
"2016-12-10T15:25:00Z","2016-12-10T15:30:00Z",675.73,0.58,0,0,0,0,0,0,
"2016-12-10T15:30:00Z","2016-12-10T15:35:00Z",675.70,0.58,0,0,0,0,0,0,
"2016-12-10T15:35:00Z","2016-12-10T15:40:00Z",675.75,0.58,0,0,0,0,0,0,
"2016-12-10T15:40:00Z","2016-12-10T15:45:00Z",675.72,0.58,0,0,0,0,0,0,
"2016-12-10T15:45:00Z","2016-12-10T15:50:00Z",675.75,0.58,0,0,0,0,0,0,
"2016-12-10T15:50:00Z","2016-12-10T15:55:00Z",675.61,0.58,0,0,0,0,0,0,
"2016-12-10T15:55:00Z","2016-12-10T16:00:00Z",675.66,0.58,0,0,0,0,0,0,
"2016-12-10T16:00:00Z","2016-12-10T16:05:00Z",675.65,0.58,0,0,0,0,0,0,
"2016-12-10T16:05:00Z","2016-12-10T16:10:00Z",675.65,0.58,0,0,0,0,0,0,
"2016-12-10T16:10:00Z","2016-12-10T16:15:00Z",675.75,0.58,0,0,0,0,0,0,
"2016-12-10T16:15:00Z","2016-12-10T16:20:00Z",675.65,0.58,0,0,0,0,0,0,
"2016-12-10T16:20:00Z","2016-12-10T16:25:00Z",675.72,0.58,0,0,0,0,0,0,
"2016-12-10T16:25:00Z","2016-12-10T16:30:00Z",675.65,0.58,0,0,0,0,0,0,
"2016-12-10T16:30:00Z","2016-12-10T16:35:00Z",675.65,0.58,0,0,0,0,0,0,
"2016-12-10T16:35:00Z","2016-12-10T16:40:00Z",675.61,0.58,0,0,0,0,0,0,
"2016-12-10T16:40:00Z","2016-12-10T16:45:00Z",675.65,0.58,0,0,0,0,0,0,
"2016-12-10T16:45:00Z","2016-12-10T16:50:00Z",675.63,0.58,0,0,0,0,0,0,
"2016-12-10T16:50:00Z","2016-12-10T16:55:00Z",675.62,0.58,0,0,0,0,0,0,
"2016-12-10T16:55:00Z","2016-12-10T17:00:00Z",675.67,0.58,0,0,0,0,0,0,
"2016-12-10T17:00:00Z","2016-12-10T17:05:00Z",675.54,0.58,0,0,0,0,0,0,
"2016-12-10T17:05:00Z","2016-12-10T17:10:00Z",675.51,0.58,0,0,0,0,0,0,
"2016-12-10T17:10:00Z","2016-12-10T17:15:00Z",675.69,0.58,0,0,0,0,0,0,
"2016-12-10T17:15:00Z","2016-12-10T17:20:00Z",675.74,0.58,0,0,0,0,0,0,
"2016-12-10T17:20:00Z","2016-12-10T17:25:00Z",675.57,0.58,0,0,0,0,0,0,
"2016-12-10T17:25:00Z","2016-12-10T17:30:00Z",675.68,0.58,0,0,0,0,0,0,
"2016-12-10T17:30:00Z","2016-12-10T17:35:00Z",675.61,0.58,0,0,0,0,0,0,
"2016-12-10T17:35:00Z","2016-12-10T17:40:00Z",675.63,0.58,0,0,0,0,0,0,
"2016-12-10T17:40:00Z","2016-12-10T17:45:00Z",675.55,0.58,0,0,0,0,0,0,
"2016-12-10T17:45:00Z","2016-12-10T17:50:00Z",675.53,0.58,0,0,0,0,0,0,
"2016-12-10T17:50:00Z","2016-12-10T17:55:00Z",675.59,0.58,0,0,0,0,0,0,
"2016-12-10T17:55:00Z","2016-12-10T18:00:00Z",675.60,0.58,0,0,0,0,0,0,
"2016-12-10T18:00:00Z","2016-12-10T18:05:00Z",675.64,0.58,0,0,0,0,0,0,
"2016-12-10T18:05:00Z","2016-12-10T18:10:00Z",675.59,0.58,0,0,0,0,0,0,
"2016-12-10T18:10:00Z","2016-12-10T18:15:00Z",675.56,0.58,0,0,0,0,0,0,
"2016-12-10T18:15:00Z","2016-12-10T18:20:00Z",675.48,0.58,0,0,0,0,0,0,
"2016-12-10T18:20:00Z","2016-12-10T18:25:00Z",675.56,0.58,0,0,0,0,0,0,
"2016-12-10T18:25:00Z","2016-12-10T18:30:00Z",675.47,0.58,0,0,0,0,0,0,
"2016-12-10T18:30:00Z","2016-12-10T18:35:00Z",675.47,0.58,0,0,0,0,0,0,
"2016-12-10T18:35:00Z","2016-12-10T18:40:00Z",675.54,0.58,0,0,0,0,0,0,
"2016-12-10T18:40:00Z","2016-12-10T18:45:00Z",675.52,0.58,0,0,0,0,0,0,
"2016-12-10T18:45:00Z","2016-12-10T18:50:00Z",675.50,0.58,0,0,0,0,0,0,
"2016-12-10T18:50:00Z","2016-12-10T18:55:00Z",675.55,0.58,0,0,0,0,0,0,
"2016-12-10T18:55:00Z","2016-12-10T19:00:00Z",675.64,0.58,0,0,0,0,0,0,
"2016-12-10T19:00:00Z","2016-12-10T19:05:00Z",675.60,0.58,0,0,0,0,0,0,
"2016-12-10T19:05:00Z","2016-12-10T19:10:00Z",675.51,0.58,0,0,0,0,0,0,
"2016-12-10T19:10:00Z","2016-12-10T19:15:00Z",675.54,0.58,0,0,0,0,0,0,
"2016-12-10T19:15:00Z","2016-12-10T19:20:00Z",675.51,0.58,0,0,0,0,0,0,
"2016-12-10T19:20:00Z","2016-12-10T19:25:00Z",675.47,0.58,0,0,0,0,0,0,
"2016-12-10T19:25:00Z","2016-12-10T19:30:00Z",675.45,0.58,0,0,0,0,0,0,
"2016-12-10T19:30:00Z","2016-12-10T19:35:00Z",675.41,0.58,0,0,0,0,0,0,
"2016-12-10T19:35:00Z","2016-12-10T19:40:00Z",675.43,0.58,0,0,0,0,0,0,
"2016-12-10T19:40:00Z","2016-12-10T19:45:00Z",675.37,0.58,0,0,0,0,0,0,
"2016-12-10T19:45:00Z","2016-12-10T19:50:00Z",675.48,0.58,0,0,0,0,0,0,
"2016-12-10T19:50:00Z","2016-12-10T19:55:00Z",675.36,0.58,0,0,0,0,0,0,
"2016-12-10T19:55:00Z","2016-12-10T20:00:00Z",675.42,0.58,0,0,0,0,0,0,
"2016-12-10T20:00:00Z","2016-12-10T20:05:00Z",675.47,0.58,0,0,0,0,0,0,
"2016-12-10T20:05:00Z","2016-12-10T20:10:00Z",675.50,0.58,0,0,0,0,0,0,
"2016-12-10T20:10:00Z","2016-12-10T20:15:00Z",675.41,0.58,0,0,0,0,0,0,
"2016-12-10T20:15:00Z","2016-12-10T20:20:00Z",675.40,0.58,0,0,0,0,0,0,
"2016-12-10T20:20:00Z","2016-12-10T20:25:00Z",675.37,0.58,0,0,0,0,0,0,
"2016-12-10T20:25:00Z","2016-12-10T20:30:00Z",675.38,0.58,0,0,0,0,0,0,
"2016-12-10T20:30:00Z","2016-12-10T20:35:00Z",675.41,0.58,0,0,0,0,0,0,
"2016-12-10T20:35:00Z","2016-12-10T20:40:00Z",675.45,0.58,0,0,0,0,0,0,
"2016-12-10T20:40:00Z","2016-12-10T20:45:00Z",675.44,0.58,0,0,0,0,0,0,
"2016-12-10T20:45:00Z","2016-12-10T20:50:00Z",675.31,0.58,0,0,0,0,0,0,
"2016-12-10T20:50:00Z","2016-12-10T20:55:00Z",675.29,0.58,0,0,0,0,0,0,
"2016-12-10T20:55:00Z","2016-12-10T21:00:00Z",675.40,0.58,0,0,0,0,0,0,
"2016-12-10T21:00:00Z","2016-12-10T21:05:00Z",675.33,0.58,0,0,0,0,0,0,
"2016-12-10T21:05:00Z","2016-12-10T21:10:00Z",675.39,0.58,0,0,0,0,0,0,
"2016-12-10T21:10:00Z","2016-12-10T21:15:00Z",675.33,0.58,0,0,0,0,0,0,
"2016-12-10T21:15:00Z","2016-12-10T21:20:00Z",675.40,0.58,0,0,0,0,0,0,
"2016-12-10T21:20:00Z","2016-12-10T21:25:00Z",675.38,0.58,0,0,0,0,0,0,
"2016-12-10T21:25:00Z","2016-12-10T21:30:00Z",675.31,0.58,0,0,0,0,0,0,
"2016-12-10T21:30:00Z","2016-12-10T21:35:00Z",675.34,0.58,0,0,0,0,0,0,
"2016-12-10T21:35:00Z","2016-12-10T21:40:00Z",675.32,0.58,0,0,0,0,0,0,
"2016-12-10T21:40:00Z","2016-12-10T21:45:00Z",675.28,0.58,0,0,0,0,0,0,
"2016-12-10T21:45:00Z","2016-12-10T21:50:00Z",675.27,0.58,0,0,0,0,0,0,
"2016-12-10T21:50:00Z","2016-12-10T21:55:00Z",675.28,0.58,0,0,0,0,0,0,
"2016-12-10T21:55:00Z","2016-12-10T22:00:00Z",675.24,0.58,0,0,0,0,0,0,
"2016-12-10T22:00:00Z","2016-12-10T22:05:00Z",675.23,0.58,0,0,0,0,0,0,
"2016-12-10T22:05:00Z","2016-12-10T22:10:00Z",675.29,0.58,0,0,0,0,0,0,
"2016-12-10T22:10:00Z","2016-12-10T22:15:00Z",675.35,0.58,0,0,0,0,0,0,
"2016-12-10T22:15:00Z","2016-12-10T22:20:00Z",675.29,0.58,0,0,0,0,0,0,
"2016-12-10T22:20:00Z","2016-12-10T22:25:00Z",675.33,0.58,0,0,0,0,0,0,
"2016-12-10T22:25:00Z","2016-12-10T22:30:00Z",675.24,0.58,0,0,0,0,0,0,
"2016-12-10T22:30:00Z","2016-12-10T22:35:00Z",675.24,0.58,0,0,0,0,0,0,
"2016-12-10T22:35:00Z","2016-12-10T22:40:00Z",675.29,0.58,0,0,0,0,0,0,
"2016-12-10T22:40:00Z","2016-12-10T22:45:00Z",675.28,0.58,0,0,0,0,0,0,
"2016-12-10T22:45:00Z","2016-12-10T22:50:00Z",675.28,0.58,0,0,0,0,0,0,
"2016-12-10T22:50:00Z","2016-12-10T22:55:00Z",675.20,0.58,0,0,0,0,0,0,
"2016-12-10T22:55:00Z","2016-12-10T23:00:00Z",675.34,0.58,0,0,0,0,0,0,
"2016-12-10T23:00:00Z","2016-12-10T23:05:00Z",675.21,0.58,0,0,0,0,0,0,
"2016-12-10T23:05:00Z","2016-12-10T23:10:00Z",675.24,0.58,0,0,0,0,0,0,
"2016-12-10T23:10:00Z","2016-12-10T23:15:00Z",675.30,0.58,0,0,0,0,0,0,
"2016-12-10T23:15:00Z","2016-12-10T23:20:00Z",675.15,0.58,0,0,0,0,0,0,
"2016-12-10T23:20:00Z","2016-12-10T23:25:00Z",675.27,0.58,0,0,0,0,0,0,
"2016-12-10T23:25:00Z","2016-12-10T23:30:00Z",675.24,0.58,0,0,0,0,0,0,
"2016-12-10T23:30:00Z","2016-12-10T23:35:00Z",675.33,0.58,0,0,0,0,0,0,
"2016-12-10T23:35:00Z","2016-12-10T23:40:00Z",675.27,0.58,0,0,0,0,0,0,
"2016-12-10T23:40:00Z","2016-12-10T23:45:00Z",675.20,0.58,0,0,0,0,0,0,
"2016-12-10T23:45:00Z","2016-12-10T23:50:00Z",675.23,0.58,0,0,0,0,0,0,
"2016-12-10T23:50:00Z","2016-12-10T23:55:00Z",675.23,0.58,0,0,0,0,0,0,
"2016-12-10T23:55:00Z","2016-12-11T00:00:00Z",675.30,0.58,0,0,0,0,0,0,
"2016-12-11T00:00:00Z","2016-12-11T00:05:00Z",675.22,0.58,0,0,0,0,0,0,
"2016-12-11T00:05:00Z","2016-12-11T00:10:00Z",675.23,0.58,0,0,0,0,0,0,
"2016-12-11T00:10:00Z","2016-12-11T00:15:00Z",675.22,0.58,0,0,0,0,0,0,
"2016-12-11T00:15:00Z","2016-12-11T00:20:00Z",675.18,0.58,0,0,0,0,0,0,
"2016-12-11T00:20:00Z","2016-12-11T00:25:00Z",675.31,0.58,0,0,0,0,0,0,
"2016-12-11T00:25:00Z","2016-12-11T00:30:00Z",675.23,0.58,0,0,0,0,0,0,
"2016-12-11T00:30:00Z","2016-12-11T00:35:00Z",675.31,0.58,0,0,0,0,0,0,
"2016-12-11T00:35:00Z","2016-12-11T00:40:00Z",675.27,0.58,0,0,0,0,0,0,
"2016-12-11T00:40:00Z","2016-12-11T00:45:00Z",675.22,0.58,0,0,0,0,0,0,
"2016-12-11T00:45:00Z","2016-12-11T00:50:00Z",675.28,0.58,0,0,0,0,0,0,
"2016-12-11T00:50:00Z","2016-12-11T00:55:00Z",675.21,0.58,0,0,0,0,0,0,
"2016-12-11T00:55:00Z","2016-12-11T01:00:00Z",675.21,0.58,0,0,0,0,0,0,
"2016-12-11T01:00:00Z","2016-12-11T01:05:00Z",675.20,0.58,0,0,0,0,0,0,
"2016-12-11T01:05:00Z","2016-12-11T01:10:00Z",675.26,0.58,0,0,0,0,0,0,
"2016-12-11T01:10:00Z","2016-12-11T01:15:00Z",675.24,0.58,0,0,0,0,0,0,
"2016-12-11T01:15:00Z","2016-12-11T01:20:00Z",675.13,0.58,0,0,0,0,0,0,
"2016-12-11T01:20:00Z","2016-12-11T01:25:00Z",675.14,0.58,0,0,0,0,0,0,
"2016-12-11T01:25:00Z","2016-12-11T01:30:00Z",675.16,0.58,0,0,0,0,0,0,
"2016-12-11T01:30:00Z","2016-12-11T01:35:00Z",675.31,0.58,0,0,0,0,0,0,
"2016-12-11T01:35:00Z","2016-12-11T01:40:00Z",675.25,0.58,0,0,0,0,0,0,
"2016-12-11T01:40:00Z","2016-12-11T01:45:00Z",675.22,0.58,0,0,0,0,0,0,
"2016-12-11T01:45:00Z","2016-12-11T01:50:00Z",675.24,0.58,0,0,0,0,0,0,
"2016-12-11T01:50:00Z","2016-12-11T01:55:00Z",675.22,0.58,0,0,0,0,0,0,
"2016-12-11T01:55:00Z","2016-12-11T02:00:00Z",675.26,0.58,0,0,0,0,0,0,
"2016-12-11T02:00:00Z","2016-12-11T02:05:00Z",675.15,0.58,0,0,0,0,0,0,
"2016-12-11T02:05:00Z","2016-12-11T02:10:00Z",675.16,0.58,0,0,0,0,0,0,
"2016-12-11T02:10:00Z","2016-12-11T02:15:00Z",675.27,0.58,0,0,0,0,0,0,
"2016-12-11T02:15:00Z","2016-12-11T02:20:00Z",675.25,0.58,0,0,0,0,0,0,
"2016-12-11T02:20:00Z","2016-12-11T02:25:00Z",675.19,0.58,0,0,0,0,0,0,
"2016-12-11T02:25:00Z","2016-12-11T02:30:00Z",675.18,0.58,0,0,0,0,0,0,
"2016-12-11T02:30:00Z","2016-12-11T02:35:00Z",675.20,0.58,0,0,0,0,0,0,
"2016-12-11T02:35:00Z","2016-12-11T02:40:00Z",675.20,0.58,0,0,0,0,0,0,
"2016-12-11T02:40:00Z","2016-12-11T02:45:00Z",675.29,0.58,0,0,0,0,0,0,
"2016-12-11T02:45:00Z","2016-12-11T02:50:00Z",675.28,0.58,0,0,0,0,0,0,
"2016-12-11T02:50:00Z","2016-12-11T02:55:00Z",675.15,0.58,0,0,0,0,0,0,
"2016-12-11T02:55:00Z","2016-12-11T03:00:00Z",675.21,0.58,0,0,0,0,0,0,
"2016-12-11T03:00:00Z","2016-12-11T03:05:00Z",675.14,0.58,0,0,0,0,0,0,
"2016-12-11T03:05:00Z","2016-12-11T03:10:00Z",675.15,0.58,0,0,0,0,0,0,
"2016-12-11T03:10:00Z","2016-12-11T03:15:00Z",675.23,0.58,0,0,0,0,0,0,
"2016-12-11T03:15:00Z","2016-12-11T03:20:00Z",675.19,0.58,0,0,0,0,0,0,
"2016-12-11T03:20:00Z","2016-12-11T03:25:00Z",675.24,0.58,0,0,0,0,0,0,
"2016-12-11T03:25:00Z","2016-12-11T03:30:00Z",675.22,0.58,0,0,0,0,0,0,
"2016-12-11T03:30:00Z","2016-12-11T03:35:00Z",675.15,0.58,0,0,0,0,0,0,
"2016-12-11T03:35:00Z","2016-12-11T03:40:00Z",675.25,0.58,0,0,0,0,0,0,
"2016-12-11T03:40:00Z","2016-12-11T03:45:00Z",675.22,0.58,0,0,0,0,0,0,
"2016-12-11T03:45:00Z","2016-12-11T03:50:00Z",675.19,0.58,0,0,0,0,0,0,
"2016-12-11T03:50:00Z","2016-12-11T03:55:00Z",675.17,0.58,0,0,0,0,0,0,
"2016-12-11T03:55:00Z","2016-12-11T04:00:00Z",675.18,0.58,0,0,0,0,0,0,
"2016-12-11T04:00:00Z","2016-12-11T04:05:00Z",675.20,0.58,0,0,0,0,0,0,
"2016-12-11T04:05:00Z","2016-12-11T04:10:00Z",675.12,0.58,0,0,0,0,0,0,
"2016-12-11T04:10:00Z","2016-12-11T04:15:00Z",675.15,0.58,0,0,0,0,0,0,
"2016-12-11T04:15:00Z","2016-12-11T04:20:00Z",675.25,0.58,0,0,0,0,0,0,
"2016-12-11T04:20:00Z","2016-12-11T04:25:00Z",675.24,0.58,0,0,0,0,0,0,
"2016-12-11T04:25:00Z","2016-12-11T04:30:00Z",675.14,0.58,0,0,0,0,0,0,
"2016-12-11T04:30:00Z","2016-12-11T04:35:00Z",675.23,0.58,0,0,0,0,0,0,
"2016-12-11T04:35:00Z","2016-12-11T04:40:00Z",675.13,0.58,0,0,0,0,0,0,
"2016-12-11T04:40:00Z","2016-12-11T04:45:00Z",675.29,0.58,0,0,0,0,0,0,
"2016-12-11T04:45:00Z","2016-12-11T04:50:00Z",675.26,0.58,0,0,0,0,0,0,
"2016-12-11T04:50:00Z","2016-12-11T04:55:00Z",675.16,0.58,0,0,0,0,0,0,
"2016-12-11T04:55:00Z","2016-12-11T05:00:00Z",675.14,0.58,0,0,0,0,0,0,
"2016-12-11T05:00:00Z","2016-12-11T05:05:00Z",675.23,0.58,0,0,0,0,0,0,
"2016-12-11T05:05:00Z","2016-12-11T05:10:00Z",675.16,0.58,0,0,0,0,0,0,
"2016-12-11T05:10:00Z","2016-12-11T05:15:00Z",675.12,0.58,0,0,0,0,0,0,
"2016-12-11T05:15:00Z","2016-12-11T05:20:00Z",675.11,0.58,0,0,0,0,0,0,
"2016-12-11T05:20:00Z","2016-12-11T05:25:00Z",675.21,0.58,0,0,0,0,0,0,
"2016-12-11T05:25:00Z","2016-12-11T05:30:00Z",675.13,0.58,0,0,0,0,0,0,
"2016-12-11T05:30:00Z","2016-12-11T05:35:00Z",675.11,0.58,0,0,0,0,0,0,
"2016-12-11T05:35:00Z","2016-12-11T05:40:00Z",675.18,0.58,0,0,0,0,0,0,
"2016-12-11T05:40:00Z","2016-12-11T05:45:00Z",675.04,0.58,0,0,0,0,0,0,
"2016-12-11T05:45:00Z","2016-12-11T05:50:00Z",675.13,0.58,0,0,0,0,0,0,
"2016-12-11T05:50:00Z","2016-12-11T05:55:00Z",675.12,0.58,0,0,0,0,0,0,
"2016-12-11T05:55:00Z","2016-12-11T06:00:00Z",675.11,0.58,0,0,0,0,0,0,
"2016-12-11T06:00:00Z","2016-12-11T06:05:00Z",675.18,0.58,0,0,0,0,0,0,
"2016-12-11T06:05:00Z","2016-12-11T06:10:00Z",675.09,0.58,0,0,0,0,0,0,
"2016-12-11T06:10:00Z","2016-12-11T06:15:00Z",675.20,0.58,0,0,0,0,0,0,
"2016-12-11T06:15:00Z","2016-12-11T06:20:00Z",675.15,0.58,0,0,0,0,0,0,
"2016-12-11T06:20:00Z","2016-12-11T06:25:00Z",675.14,0.58,0,0,0,0,0,0,
"2016-12-11T06:25:00Z","2016-12-11T06:30:00Z",675.14,0.58,0,0,0,0,0,0,
"2016-12-11T06:30:00Z","2016-12-11T06:35:00Z",675.18,0.58,0,0,0,0,0,0,
"2016-12-11T06:35:00Z","2016-12-11T06:40:00Z",675.08,0.58,0,0,0,0,0,0,
"2016-12-11T06:40:00Z","2016-12-11T06:45:00Z",675.08,0.58,0,0,0,0,0,0,
"2016-12-11T06:45:00Z","2016-12-11T06:50:00Z",675.09,0.58,0,0,0,0,0,0,
"2016-12-11T06:50:00Z","2016-12-11T06:55:00Z",675.15,0.58,0,0,0,0,0,0,
"2016-12-11T06:55:00Z","2016-12-11T07:00:00Z",675.18,0.58,0,0,0,0,0,0,
"2016-12-11T07:00:00Z","2016-12-11T07:05:00Z",675.16,0.58,0,0,0,0,0,0,
"2016-12-11T07:05:00Z","2016-12-11T07:10:00Z",675.04,0.58,0,0,0,0,0,0,
"2016-12-11T07:10:00Z","2016-12-11T07:15:00Z",675.07,0.58,0,0,0,0,0,0,
"2016-12-11T07:15:00Z","2016-12-11T07:20:00Z",675.14,0.58,0,0,0,0,0,0,
"2016-12-11T07:20:00Z","2016-12-11T07:25:00Z",675.08,0.58,0,0,0,0,0,0,
"2016-12-11T07:25:00Z","2016-12-11T07:30:00Z",675.09,0.58,0,0,0,0,0,0,
"2016-12-11T07:30:00Z","2016-12-11T07:35:00Z",675.06,0.58,0,0,0,0,0,0,
"2016-12-11T07:35:00Z","2016-12-11T07:40:00Z",675.12,0.58,0,0,0,0,0,0,
"2016-12-11T07:40:00Z","2016-12-11T07:45:00Z",675.11,0.58,0,0,0,0,0,0,
"2016-12-11T07:45:00Z","2016-12-11T07:50:00Z",675.08,0.58,0,0,0,0,0,0,
"2016-12-11T07:50:00Z","2016-12-11T07:55:00Z",675.09,0.58,0,0,0,0,0,0,
"2016-12-11T07:55:00Z","2016-12-11T08:00:00Z",675.10,0.58,0,0,0,0,0,0,
"2016-12-11T08:00:00Z","2016-12-11T08:05:00Z",675.00,0.58,0,0,0,0,0,0,
"2016-12-11T08:05:00Z","2016-12-11T08:10:00Z",675.04,0.58,0,0,0,0,0,0,
"2016-12-11T08:10:00Z","2016-12-11T08:15:00Z",675.07,0.58,0,0,0,0,0,0,
"2016-12-11T08:15:00Z","2016-12-11T08:20:00Z",674.97,0.58,0,0,0,0,0,0,
"2016-12-11T08:20:00Z","2016-12-11T08:25:00Z",675.16,0.58,0,0,0,0,0,0,
"2016-12-11T08:25:00Z","2016-12-11T08:30:00Z",675.12,0.58,0,0,0,0,0,0,
"2016-12-11T08:30:00Z","2016-12-11T08:35:00Z",675.10,0.58,0,0,0,0,0,0,
"2016-12-11T08:35:00Z","2016-12-11T08:40:00Z",675.03,0.58,0,0,0,0,0,0,
"2016-12-11T08:40:00Z","2016-12-11T08:45:00Z",675.13,0.58,0,0,0,0,0,0,
"2016-12-11T08:45:00Z","2016-12-11T08:50:00Z",675.03,0.58,0,0,0,0,0,0,
"2016-12-11T08:50:00Z","2016-12-11T08:55:00Z",675.09,0.58,0,0,0,0,0,0,
"2016-12-11T08:55:00Z","2016-12-11T09:00:00Z",675.05,0.58,0,0,0,0,0,0,
"2016-12-11T09:00:00Z","2016-12-11T09:05:00Z",675.03,0.58,0,0,0,0,0,0,
"2016-12-11T09:05:00Z","2016-12-11T09:10:00Z",675.00,0.58,0,0,0,0,0,0,
"2016-12-11T09:10:00Z","2016-12-11T09:15:00Z",674.95,0.58,0,0,0,0,0,0,
"2016-12-11T09:15:00Z","2016-12-11T09:20:00Z",675.08,0.58,0,0,0,0,0,0,
"2016-12-11T09:20:00Z","2016-12-11T09:25:00Z",674.99,0.58,0,0,0,0,0,0,
"2016-12-11T09:25:00Z","2016-12-11T09:30:00Z",675.01,0.58,0,0,0,0,0,0,
"2016-12-11T09:30:00Z","2016-12-11T09:35:00Z",675.05,0.58,0,0,0,0,0,0,
"2016-12-11T09:35:00Z","2016-12-11T09:40:00Z",675.06,0.58,0,0,0,0,0,0,
"2016-12-11T09:40:00Z","2016-12-11T09:45:00Z",675.07,0.58,0,0,0,0,0,0,
"2016-12-11T09:45:00Z","2016-12-11T09:50:00Z",675.06,0.58,0,0,0,0,0,0,
"2016-12-11T09:50:00Z","2016-12-11T09:55:00Z",675.00,0.58,0,0,0,0,0,0,
"2016-12-11T09:55:00Z","2016-12-11T10:00:00Z",675.04,0.58,0,0,0,0,0,0,
"2016-12-11T10:00:00Z","2016-12-11T10:05:00Z",674.98,0.58,0,0,0,0,0,0,
"2016-12-11T10:05:00Z","2016-12-11T10:10:00Z",675.11,0.58,0,0,0,0,0,0,
"2016-12-11T10:10:00Z","2016-12-11T10:15:00Z",674.91,0.58,0,0,0,0,0,0,
"2016-12-11T10:15:00Z","2016-12-11T10:20:00Z",674.91,0.58,0,0,0,0,0,0,
"2016-12-11T10:20:00Z","2016-12-11T10:25:00Z",674.96,0.58,0,0,0,0,0,0,
"2016-12-11T10:25:00Z","2016-12-11T10:30:00Z",675.06,0.58,0,0,0,0,0,0,
"2016-12-11T10:30:00Z","2016-12-11T10:35:00Z",674.98,0.58,0,0,0,0,0,0,
"2016-12-11T10:35:00Z","2016-12-11T10:40:00Z",674.99,0.58,0,0,0,0,0,0,
"2016-12-11T10:40:00Z","2016-12-11T10:45:00Z",675.00,0.58,0,0,0,0,0,0,
"2016-12-11T10:45:00Z","2016-12-11T10:50:00Z",674.95,0.58,0,0,0,0,0,0,
"2016-12-11T10:50:00Z","2016-12-11T10:55:00Z",674.99,0.58,0,0,0,0,0,0,
"2016-12-11T10:55:00Z","2016-12-11T11:00:00Z",675.02,0.58,0,0,0,0,0,0,
"2016-12-11T11:00:00Z","2016-12-11T11:05:00Z",674.97,0.58,0,0,0,0,0,0,
"2016-12-11T11:05:00Z","2016-12-11T11:10:00Z",674.96,0.58,0,0,0,0,0,0,
"2016-12-11T11:10:00Z","2016-12-11T11:15:00Z",675.01,0.58,0,0,0,0,0,0,
"2016-12-11T11:15:00Z","2016-12-11T11:20:00Z",674.95,0.58,0,0,0,0,0,0,
"2016-12-11T11:20:00Z","2016-12-11T11:25:00Z",674.94,0.58,0,0,0,0,0,0,
"2016-12-11T11:25:00Z","2016-12-11T11:30:00Z",674.98,0.58,0,0,0,0,0,0,
"2016-12-11T11:30:00Z","2016-12-11T11:35:00Z",674.95,0.58,0,0,0,0,0,0,
"2016-12-11T11:35:00Z","2016-12-11T11:40:00Z",674.98,0.58,0,0,0,0,0,0,
"2016-12-11T11:40:00Z","2016-12-11T11:45:00Z",674.97,0.58,0,0,0,0,0,0,
"2016-12-11T11:45:00Z","2016-12-11T11:50:00Z",674.95,0.58,0,0,0,0,0,0,
"2016-12-11T11:50:00Z","2016-12-11T11:55:00Z",674.84,0.58,0,0,0,0,0,0,
"2016-12-11T11:55:00Z","2016-12-11T12:00:00Z",675.04,0.58,0,0,0,0,0,0,
"2016-12-11T12:00:00Z","2016-12-11T12:05:00Z",674.96,0.58,0,0,0,0,0,0,
"2016-12-11T12:05:00Z","2016-12-11T12:10:00Z",675.02,0.58,0,0,0,0,0,0,
"2016-12-11T12:10:00Z","2016-12-11T12:15:00Z",674.96,0.58,0,0,0,0,0,0,
"2016-12-11T12:15:00Z","2016-12-11T12:20:00Z",674.98,0.58,0,0,0,0,0,0,
"2016-12-11T12:20:00Z","2016-12-11T12:25:00Z",674.91,0.58,0,0,0,0,0,0,
"2016-12-11T12:25:00Z","2016-12-11T12:30:00Z",674.92,0.58,0,0,0,0,0,0,
"2016-12-11T12:30:00Z","2016-12-11T12:35:00Z",674.90,0.58,0,0,0,0,0,0,
"2016-12-11T12:35:00Z","2016-12-11T12:40:00Z",674.88,0.58,0,0,0,0,0,0,
"2016-12-11T12:40:00Z","2016-12-11T12:45:00Z",674.90,0.58,0,0,0,0,0,0,
"2016-12-11T12:45:00Z","2016-12-11T12:50:00Z",674.94,0.58,0,0,0,0,0,0,
"2016-12-11T12:50:00Z","2016-12-11T12:55:00Z",674.89,0.58,0,0,0,0,0,0,
"2016-12-11T12:55:00Z","2016-12-11T13:00:00Z",674.99,0.58,0,0,0,0,0,0,
"2016-12-11T13:00:00Z","2016-12-11T13:05:00Z",674.93,0.58,0,0,0,0,0,0,
"2016-12-11T13:05:00Z","2016-12-11T13:10:00Z",674.91,0.58,0,0,0,0,0,0,
"2016-12-11T13:10:00Z","2016-12-11T13:15:00Z",674.93,0.58,0,0,0,0,0,0,
"2016-12-11T13:15:00Z","2016-12-11T13:20:00Z",675.03,0.58,0,0,0,0,0,0,
"2016-12-11T13:20:00Z","2016-12-11T13:25:00Z",675.00,0.58,0,0,0,0,0,0,
"2016-12-11T13:25:00Z","2016-12-11T13:30:00Z",674.89,0.58,0,0,0,0,0,0,
"2016-12-11T13:30:00Z","2016-12-11T13:35:00Z",674.97,0.58,0,0,0,0,0,0,
"2016-12-11T13:35:00Z","2016-12-11T13:40:00Z",674.84,0.58,0,0,0,0,0,0,
"2016-12-11T13:40:00Z","2016-12-11T13:45:00Z",674.89,0.58,0,0,0,0,0,0,
"2016-12-11T13:45:00Z","2016-12-11T13:50:00Z",674.92,0.58,0,0,0,0,0,0,
"2016-12-11T13:50:00Z","2016-12-11T13:55:00Z",674.96,0.58,0,0,0,0,0,0,
"2016-12-11T13:55:00Z","2016-12-11T14:00:00Z",674.94,0.58,0,0,0,0,0,0,
"2016-12-11T14:00:00Z","2016-12-11T14:05:00Z",674.90,0.58,0,0,0,0,0,0,
"2016-12-11T14:05:00Z","2016-12-11T14:10:00Z",674.93,0.58,0,0,0,0,0,0,
"2016-12-11T14:10:00Z","2016-12-11T14:15:00Z",675.01,0.58,0,0,0,0,0,0,
"2016-12-11T14:15:00Z","2016-12-11T14:20:00Z",674.85,0.58,0,0,0,0,0,0,
"2016-12-11T14:20:00Z","2016-12-11T14:25:00Z",674.90,0.58,0,0,0,0,0,0,
"2016-12-11T14:25:00Z","2016-12-11T14:30:00Z",674.89,0.58,0,0,0,0,0,0,
"2016-12-11T14:30:00Z","2016-12-11T14:35:00Z",674.95,0.58,0,0,0,0,0,0,
"2016-12-11T14:35:00Z","2016-12-11T14:40:00Z",674.84,0.58,0,0,0,0,0,0,
"2016-12-11T14:40:00Z","2016-12-11T14:45:00Z",674.85,0.58,0,0,0,0,0,0,
"2016-12-11T14:45:00Z","2016-12-11T14:50:00Z",674.97,0.58,0,0,0,0,0,0,
"2016-12-11T14:50:00Z","2016-12-11T14:55:00Z",674.90,0.58,0,0,0,0,0,0,
"2016-12-11T14:55:00Z","2016-12-11T15:00:00Z",674.93,0.58,0,0,0,0,0,0,
"2016-12-11T15:00:00Z","2016-12-11T15:05:00Z",674.90,0.58,0,0,0,0,0,0,
"2016-12-11T15:05:00Z","2016-12-11T15:10:00Z",674.85,0.58,0,0,0,0,0,0,
"2016-12-11T15:10:00Z","2016-12-11T15:15:00Z",674.87,0.58,0,0,0,0,0,0,
"2016-12-11T15:15:00Z","2016-12-11T15:20:00Z",674.90,0.58,0,0,0,0,0,0,
"2016-12-11T15:20:00Z","2016-12-11T15:25:00Z",674.97,0.58,0,0,0,0,0,0,
"2016-12-11T15:25:00Z","2016-12-11T15:30:00Z",674.91,0.58,0,0,0,0,0,0,
"2016-12-11T15:30:00Z","2016-12-11T15:35:00Z",674.96,0.58,0,0,0,0,0,0,
"2016-12-11T15:35:00Z","2016-12-11T15:40:00Z",674.96,0.58,0,0,0,0,0,0,
"2016-12-11T15:40:00Z","2016-12-11T15:45:00Z",674.81,0.58,0,0,0,0,0,0,
"2016-12-11T15:45:00Z","2016-12-11T15:50:00Z",674.93,0.58,0,0,0,0,0,0,
"2016-12-11T15:50:00Z","2016-12-11T15:55:00Z",674.86,0.58,0,0,0,0,0,0,
"2016-12-11T15:55:00Z","2016-12-11T16:00:00Z",674.99,0.58,0,0,0,0,0,0,
"2016-12-11T16:00:00Z","2016-12-11T16:05:00Z",674.89,0.58,0,0,0,0,0,0,
"2016-12-11T16:05:00Z","2016-12-11T16:10:00Z",674.96,0.58,0,0,0,0,0,0,
"2016-12-11T16:10:00Z","2016-12-11T16:15:00Z",674.92,0.58,0,0,0,0,0,0,
"2016-12-11T16:15:00Z","2016-12-11T16:20:00Z",674.94,0.58,0,0,0,0,0,0,
"2016-12-11T16:20:00Z","2016-12-11T16:25:00Z",674.95,0.58,0,0,0,0,0,0,
"2016-12-11T16:25:00Z","2016-12-11T16:30:00Z",674.99,0.58,0,0,0,0,0,0,
"2016-12-11T16:30:00Z","2016-12-11T16:35:00Z",674.96,0.58,0,0,0,0,0,0,
"2016-12-11T16:35:00Z","2016-12-11T16:40:00Z",674.94,0.58,0,0,0,0,0,0,
"2016-12-11T16:40:00Z","2016-12-11T16:45:00Z",674.94,0.58,0,0,0,0,0,0,
"2016-12-11T16:45:00Z","2016-12-11T16:50:00Z",674.87,0.58,0,0,0,0,0,0,
"2016-12-11T16:50:00Z","2016-12-11T16:55:00Z",675.01,0.58,0,0,0,0,0,0,
"2016-12-11T16:55:00Z","2016-12-11T17:00:00Z",674.97,0.58,0,0,0,0,0,0,
"2016-12-11T17:00:00Z","2016-12-11T17:05:00Z",674.98,0.58,0,0,0,0,0,0,
"2016-12-11T17:05:00Z","2016-12-11T17:10:00Z",675.01,0.58,0,0,0,0,0,0,
"2016-12-11T17:10:00Z","2016-12-11T17:15:00Z",675.02,0.58,0,0,0,0,0,0,
"2016-12-11T17:15:00Z","2016-12-11T17:20:00Z",675.00,0.58,0,0,0,0,0,0,
"2016-12-11T17:20:00Z","2016-12-11T17:25:00Z",675.04,0.58,0,0,0,0,0,0,
"2016-12-11T17:25:00Z","2016-12-11T17:30:00Z",674.98,0.58,0,0,0,0,0,0,
"2016-12-11T17:30:00Z","2016-12-11T17:35:00Z",674.99,0.58,0,0,0,0,0,0,
"2016-12-11T17:35:00Z","2016-12-11T17:40:00Z",675.03,0.58,0,0,0,0,0,0,
"2016-12-11T17:40:00Z","2016-12-11T17:45:00Z",674.95,0.58,0,0,0,0,0,0,
"2016-12-11T17:45:00Z","2016-12-11T17:50:00Z",675.05,0.58,0,0,0,0,0,0,
"2016-12-11T17:50:00Z","2016-12-11T17:55:00Z",675.00,0.58,0,0,0,0,0,0,
"2016-12-11T17:55:00Z","2016-12-11T18:00:00Z",674.89,0.58,0,0,0,0,0,0,
"2016-12-11T18:00:00Z","2016-12-11T18:05:00Z",675.03,0.58,0,0,0,0,0,0,
"2016-12-11T18:05:00Z","2016-12-11T18:10:00Z",675.08,0.58,0,0,0,0,0,0,
"2016-12-11T18:10:00Z","2016-12-11T18:15:00Z",674.94,0.58,0,0,0,0,0,0,
"2016-12-11T18:15:00Z","2016-12-11T18:20:00Z",674.96,0.58,0,0,0,0,0,0,
"2016-12-11T18:20:00Z","2016-12-11T18:25:00Z",674.97,0.58,0,0,0,0,0,0,
"2016-12-11T18:25:00Z","2016-12-11T18:30:00Z",674.88,0.58,0,0,0,0,0,0,
"2016-12-11T18:30:00Z","2016-12-11T18:35:00Z",675.03,0.58,0,0,0,0,0,0,
"2016-12-11T18:35:00Z","2016-12-11T18:40:00Z",675.05,0.58,0,0,0,0,0,0,
"2016-12-11T18:40:00Z","2016-12-11T18:45:00Z",675.05,0.58,0,0,0,0,0,0,
"2016-12-11T18:45:00Z","2016-12-11T18:50:00Z",675.03,0.58,0,0,0,0,0,0,
"2016-12-11T18:50:00Z","2016-12-11T18:55:00Z",675.10,0.58,0,0,0,0,0,0,
"2016-12-11T18:55:00Z","2016-12-11T19:00:00Z",674.97,0.58,0,0,0,0,0,0,
"2016-12-11T19:00:00Z","2016-12-11T19:05:00Z",675.04,0.58,0,0,0,0,0,0,
"2016-12-11T19:05:00Z","2016-12-11T19:10:00Z",675.01,0.58,0,0,0,0,0,0,
"2016-12-11T19:10:00Z","2016-12-11T19:15:00Z",675.10,0.58,0,0,0,0,0,0,
"2016-12-11T19:15:00Z","2016-12-11T19:20:00Z",675.07,0.58,0,0,0,0,0,0,
"2016-12-11T19:20:00Z","2016-12-11T19:25:00Z",675.01,0.58,0,0,0,0,0,0,
"2016-12-11T19:25:00Z","2016-12-11T19:30:00Z",675.07,0.58,0,0,0,0,0,0,
"2016-12-11T19:30:00Z","2016-12-11T19:35:00Z",675.06,0.58,0,0,0,0,0,0,
"2016-12-11T19:35:00Z","2016-12-11T19:40:00Z",674.90,0.58,0,0,0,0,0,0,
"2016-12-11T19:40:00Z","2016-12-11T19:45:00Z",675.03,0.58,0,0,0,0,0,0,
"2016-12-11T19:45:00Z","2016-12-11T19:50:00Z",675.02,0.58,0,0,0,0,0,0,
"2016-12-11T19:50:00Z","2016-12-11T19:55:00Z",675.01,0.58,0,0,0,0,0,0,
"2016-12-11T19:55:00Z","2016-12-11T20:00:00Z",674.99,0.58,0,0,0,0,0,0,
"2016-12-11T20:00:00Z","2016-12-11T20:05:00Z",674.93,0.58,0,0,0,0,0,0,
"2016-12-11T20:05:00Z","2016-12-11T20:10:00Z",675.00,0.58,0,0,0,0,0,0,
"2016-12-11T20:10:00Z","2016-12-11T20:15:00Z",675.14,0.58,0,0,0,0,0,0,
"2016-12-11T20:15:00Z","2016-12-11T20:20:00Z",675.04,0.58,0,0,0,0,0,0,
"2016-12-11T20:20:00Z","2016-12-11T20:25:00Z",675.06,0.58,0,0,0,0,0,0,
"2016-12-11T20:25:00Z","2016-12-11T20:30:00Z",675.02,0.58,0,0,0,0,0,0,
"2016-12-11T20:30:00Z","2016-12-11T20:35:00Z",675.03,0.58,0,0,0,0,0,0,
"2016-12-11T20:35:00Z","2016-12-11T20:40:00Z",674.96,0.58,0,0,0,0,0,0,
"2016-12-11T20:40:00Z","2016-12-11T20:45:00Z",674.98,0.58,0,0,0,0,0,0,
"2016-12-11T20:45:00Z","2016-12-11T20:50:00Z",675.01,0.58,0,0,0,0,0,0,
"2016-12-11T20:50:00Z","2016-12-11T20:55:00Z",675.07,0.58,0,0,0,0,0,0,
"2016-12-11T20:55:00Z","2016-12-11T21:00:00Z",674.98,0.58,0,0,0,0,0,0,
"2016-12-11T21:00:00Z","2016-12-11T21:05:00Z",675.02,0.58,0,0,0,0,0,0,
"2016-12-11T21:05:00Z","2016-12-11T21:10:00Z",675.03,0.58,0,0,0,0,0,0,
"2016-12-11T21:10:00Z","2016-12-11T21:15:00Z",674.94,0.58,0,0,0,0,0,0,
"2016-12-11T21:15:00Z","2016-12-11T21:20:00Z",675.02,0.58,0,0,0,0,0,0,
"2016-12-11T21:20:00Z","2016-12-11T21:25:00Z",675.05,0.58,0,0,0,0,0,0,
"2016-12-11T21:25:00Z","2016-12-11T21:30:00Z",674.96,0.58,0,0,0,0,0,0,
"2016-12-11T21:30:00Z","2016-12-11T21:35:00Z",674.99,0.58,0,0,0,0,0,0,
"2016-12-11T21:35:00Z","2016-12-11T21:40:00Z",675.08,0.58,0,0,0,0,0,0,
"2016-12-11T21:40:00Z","2016-12-11T21:45:00Z",675.00,0.58,0,0,0,0,0,0,
"2016-12-11T21:45:00Z","2016-12-11T21:50:00Z",675.00,0.58,0,0,0,0,0,0,
"2016-12-11T21:50:00Z","2016-12-11T21:55:00Z",674.95,0.58,0,0,0,0,0,0,
"2016-12-11T21:55:00Z","2016-12-11T22:00:00Z",674.91,0.58,0,0,0,0,0,0,
"2016-12-11T22:00:00Z","2016-12-11T22:05:00Z",674.95,0.58,0,0,0,0,0,0,
"2016-12-11T22:05:00Z","2016-12-11T22:10:00Z",675.02,0.58,0,0,0,0,0,0,
"2016-12-11T22:10:00Z","2016-12-11T22:15:00Z",674.93,0.58,0,0,0,0,0,0,
"2016-12-11T22:15:00Z","2016-12-11T22:20:00Z",675.03,0.58,0,0,0,0,0,0,
"2016-12-11T22:20:00Z","2016-12-11T22:25:00Z",674.99,0.58,0,0,0,0,0,0,
"2016-12-11T22:25:00Z","2016-12-11T22:30:00Z",674.93,0.58,0,0,0,0,0,0,
"2016-12-11T22:30:00Z","2016-12-11T22:35:00Z",675.00,0.58,0,0,0,0,0,0,
"2016-12-11T22:35:00Z","2016-12-11T22:40:00Z",675.01,0.58,0,0,0,0,0,0,
"2016-12-11T22:40:00Z","2016-12-11T22:45:00Z",675.03,0.58,0,0,0,0,0,0,
"2016-12-11T22:45:00Z","2016-12-11T22:50:00Z",674.98,0.58,0,0,0,0,0,0,
"2016-12-11T22:50:00Z","2016-12-11T22:55:00Z",674.90,0.58,0,0,0,0,0,0,
"2016-12-11T22:55:00Z","2016-12-11T23:00:00Z",674.95,0.58,0,0,0,0,0,0,
"2016-12-11T23:00:00Z","2016-12-11T23:05:00Z",674.96,0.58,0,0,0,0,0,0,
"2016-12-11T23:05:00Z","2016-12-11T23:10:00Z",675.01,0.58,0,0,0,0,0,0,
"2016-12-11T23:10:00Z","2016-12-11T23:15:00Z",674.88,0.58,0,0,0,0,0,0,
"2016-12-11T23:15:00Z","2016-12-11T23:20:00Z",675.01,0.58,0,0,0,0,0,0,
"2016-12-11T23:20:00Z","2016-12-11T23:25:00Z",674.87,0.58,0,0,0,0,0,0,
"2016-12-11T23:25:00Z","2016-12-11T23:30:00Z",674.90,0.58,0,0,0,0,0,0,
"2016-12-11T23:30:00Z","2016-12-11T23:35:00Z",674.94,0.58,0,0,0,0,0,0,
"2016-12-11T23:35:00Z","2016-12-11T23:40:00Z",674.95,0.58,0,0,0,0,0,0,
"2016-12-11T23:40:00Z","2016-12-11T23:45:00Z",674.89,0.58,0,0,0,0,0,0,
"2016-12-11T23:45:00Z","2016-12-11T23:50:00Z",674.97,0.58,0,0,0,0,0,0,
"2016-12-11T23:50:00Z","2016-12-11T23:55:00Z",674.96,0.58,0,0,0,0,0,0,
"2016-12-11T23:55:00Z","2016-12-12T00:00:00Z",674.87,0.58,0,0,0,0,0,0,
"2016-12-12T00:00:00Z","2016-12-12T00:05:00Z",674.91,0.58,0,0,0,0,0,0,
"2016-12-12T00:05:00Z","2016-12-12T00:10:00Z",674.83,0.58,0,0,0,0,0,0,
"2016-12-12T00:10:00Z","2016-12-12T00:15:00Z",674.96,0.58,0,0,0,0,0,0,
"2016-12-12T00:15:00Z","2016-12-12T00:20:00Z",674.95,0.58,0,0,0,0,0,0,
"2016-12-12T00:20:00Z","2016-12-12T00:25:00Z",675.04,0.58,0,0,0,0,0,0,
"2016-12-12T00:25:00Z","2016-12-12T00:30:00Z",674.88,0.58,0,0,0,0,0,0,
"2016-12-12T00:30:00Z","2016-12-12T00:35:00Z",674.95,0.58,0,0,0,0,0,0,
"2016-12-12T00:35:00Z","2016-12-12T00:40:00Z",674.97,0.58,0,0,0,0,0,0,
"2016-12-12T00:40:00Z","2016-12-12T00:45:00Z",674.96,0.58,0,0,0,0,0,0,
"2016-12-12T00:45:00Z","2016-12-12T00:50:00Z",674.93,0.58,0,0,0,0,0,0,
"2016-12-12T00:50:00Z","2016-12-12T00:55:00Z",674.89,0.58,0,0,0,0,0,0,
"2016-12-12T00:55:00Z","2016-12-12T01:00:00Z",675.03,0.58,0,0,0,0,0,0,
"2016-12-12T01:00:00Z","2016-12-12T01:05:00Z",674.96,0.58,0,0,0,0,0,0,
"2016-12-12T01:05:00Z","2016-12-12T01:10:00Z",675.00,0.58,0,0,0,0,0,0,
"2016-12-12T01:10:00Z","2016-12-12T01:15:00Z",674.95,0.58,0,0,0,0,0,0,
"2016-12-12T01:15:00Z","2016-12-12T01:20:00Z",675.03,0.58,0,0,0,0,0,0,
"2016-12-12T01:20:00Z","2016-12-12T01:25:00Z",674.90,0.58,0,0,0,0,0,0,
"2016-12-12T01:25:00Z","2016-12-12T01:30:00Z",675.09,0.58,0,0,0,0,0,0,
"2016-12-12T01:30:00Z","2016-12-12T01:35:00Z",674.99,0.58,0,0,0,0,0,0,
"2016-12-12T01:35:00Z","2016-12-12T01:40:00Z",674.98,0.58,0,0,0,0,0,0,
"2016-12-12T01:40:00Z","2016-12-12T01:45:00Z",675.05,0.58,0,0,0,0,0,0,
"2016-12-12T01:45:00Z","2016-12-12T01:50:00Z",675.04,0.58,0,0,0,0,0,0,
"2016-12-12T01:50:00Z","2016-12-12T01:55:00Z",675.04,0.58,0,0,0,0,0,0,
"2016-12-12T01:55:00Z","2016-12-12T02:00:00Z",675.02,0.58,0,0,0,0,0,0,
"2016-12-12T02:00:00Z","2016-12-12T02:05:00Z",674.97,0.58,0,0,0,0,0,0,
"2016-12-12T02:05:00Z","2016-12-12T02:10:00Z",675.00,0.58,0,0,0,0,0,0,
"2016-12-12T02:10:00Z","2016-12-12T02:15:00Z",674.98,0.58,0,0,0,0,0,0,
"2016-12-12T02:15:00Z","2016-12-12T02:20:00Z",675.07,0.58,0,0,0,0,0,0,
"2016-12-12T02:20:00Z","2016-12-12T02:25:00Z",675.01,0.58,0,0,0,0,0,0,
"2016-12-12T02:25:00Z","2016-12-12T02:30:00Z",675.10,0.58,0,0,0,0,0,0,
"2016-12-12T02:30:00Z","2016-12-12T02:35:00Z",675.01,0.58,0,0,0,0,0,0,
"2016-12-12T02:35:00Z","2016-12-12T02:40:00Z",675.07,0.58,0,0,0,0,0,0,
"2016-12-12T02:40:00Z","2016-12-12T02:45:00Z",675.04,0.58,0,0,0,0,0,0,
"2016-12-12T02:45:00Z","2016-12-12T02:50:00Z",675.04,0.58,0,0,0,0,0,0,
"2016-12-12T02:50:00Z","2016-12-12T02:55:00Z",675.12,0.58,0,0,0,0,0,0,
"2016-12-12T02:55:00Z","2016-12-12T03:00:00Z",675.06,0.58,0,0,0,0,0,0,
"2016-12-12T03:00:00Z","2016-12-12T03:05:00Z",675.07,0.58,0,0,0,0,0,0,
"2016-12-12T03:05:00Z","2016-12-12T03:10:00Z",675.02,0.58,0,0,0,0,0,0,
"2016-12-12T03:10:00Z","2016-12-12T03:15:00Z",675.04,0.58,0,0,0,0,0,0,
"2016-12-12T03:15:00Z","2016-12-12T03:20:00Z",675.02,0.58,0,0,0,0,0,0,
"2016-12-12T03:20:00Z","2016-12-12T03:25:00Z",675.05,0.58,0,0,0,0,0,0,
"2016-12-12T03:25:00Z","2016-12-12T03:30:00Z",675.11,0.58,0,0,0,0,0,0,
"2016-12-12T03:30:00Z","2016-12-12T03:35:00Z",675.12,0.58,0,0,0,0,0,0,
"2016-12-12T03:35:00Z","2016-12-12T03:40:00Z",675.12,0.58,0,0,0,0,0,0,
"2016-12-12T03:40:00Z","2016-12-12T03:45:00Z",675.10,0.58,0,0,0,0,0,0,
"2016-12-12T03:45:00Z","2016-12-12T03:50:00Z",675.14,0.58,0,0,0,0,0,0,
"2016-12-12T03:50:00Z","2016-12-12T03:55:00Z",675.21,0.58,0,0,0,0,0,0,
"2016-12-12T03:55:00Z","2016-12-12T04:00:00Z",675.10,0.58,0,0,0,0,0,0,
"2016-12-12T04:00:00Z","2016-12-12T04:05:00Z",675.23,0.58,0,0,0,0,0,0,
"2016-12-12T04:05:00Z","2016-12-12T04:10:00Z",675.07,0.58,0,0,0,0,0,0,
"2016-12-12T04:10:00Z","2016-12-12T04:15:00Z",675.15,0.58,0,0,0,0,0,0,
"2016-12-12T04:15:00Z","2016-12-12T04:20:00Z",675.10,0.58,0,0,0,0,0,0,
"2016-12-12T04:20:00Z","2016-12-12T04:25:00Z",675.21,0.58,0,0,0,0,0,0,
"2016-12-12T04:25:00Z","2016-12-12T04:30:00Z",675.12,0.58,0,0,0,0,0,0,
"2016-12-12T04:30:00Z","2016-12-12T04:35:00Z",675.11,0.58,0,0,0,0,0,0,
"2016-12-12T04:35:00Z","2016-12-12T04:40:00Z",675.14,0.58,0,0,0,0,0,0,
"2016-12-12T04:40:00Z","2016-12-12T04:45:00Z",675.18,0.58,0,0,0,0,0,0,
"2016-12-12T04:45:00Z","2016-12-12T04:50:00Z",675.23,0.58,0,0,0,0,0,0,
"2016-12-12T04:50:00Z","2016-12-12T04:55:00Z",675.18,0.58,0,0,0,0,0,0,
"2016-12-12T04:55:00Z","2016-12-12T05:00:00Z",675.13,0.58,0,0,0,0,0,0,
"2016-12-12T05:00:00Z","2016-12-12T05:05:00Z",675.19,0.58,0,0,0,0,0,0,
"2016-12-12T05:05:00Z","2016-12-12T05:10:00Z",675.29,0.58,0,0,0,0,0,0,
"2016-12-12T05:10:00Z","2016-12-12T05:15:00Z",675.19,0.58,0,0,0,0,0,0,
"2016-12-12T05:15:00Z","2016-12-12T05:20:00Z",675.12,0.58,0,0,0,0,0,0,
"2016-12-12T05:20:00Z","2016-12-12T05:25:00Z",675.18,0.58,0,0,0,0,0,0,
"2016-12-12T05:25:00Z","2016-12-12T05:30:00Z",675.11,0.58,0,0,0,0,0,0,
"2016-12-12T05:30:00Z","2016-12-12T05:35:00Z",675.14,0.58,0,0,0,0,0,0,
"2016-12-12T05:35:00Z","2016-12-12T05:40:00Z",675.26,0.58,0,0,0,0,0,0,
"2016-12-12T05:40:00Z","2016-12-12T05:45:00Z",675.29,0.58,0,0,0,0,0,0,
"2016-12-12T05:45:00Z","2016-12-12T05:50:00Z",675.24,0.58,0,0,0,0,0,0,
"2016-12-12T05:50:00Z","2016-12-12T05:55:00Z",675.18,0.58,0,0,0,0,0,0,
"2016-12-12T05:55:00Z","2016-12-12T06:00:00Z",675.18,0.58,0,0,0,0,0,0,
"2016-12-12T06:00:00Z","2016-12-12T06:05:00Z",675.29,0.58,0,0,0,0,0,0,
"2016-12-12T06:05:00Z","2016-12-12T06:10:00Z",675.21,0.58,0,0,0,0,0,0,
"2016-12-12T06:10:00Z","2016-12-12T06:15:00Z",675.28,0.58,0,0,0,0,0,0,
"2016-12-12T06:15:00Z","2016-12-12T06:20:00Z",675.20,0.58,0,0,0,0,0,0,
"2016-12-12T06:20:00Z","2016-12-12T06:25:00Z",675.27,0.58,0,0,0,0,0,0,
"2016-12-12T06:25:00Z","2016-12-12T06:30:00Z",675.25,0.58,0,0,0,0,0,0,
"2016-12-12T06:30:00Z","2016-12-12T06:35:00Z",675.22,0.58,0,0,0,0,0,0,
"2016-12-12T06:35:00Z","2016-12-12T06:40:00Z",675.24,0.58,0,0,0,0,0,0,
"2016-12-12T06:40:00Z","2016-12-12T06:45:00Z",675.39,0.58,0,0,0,0,0,0,
"2016-12-12T06:45:00Z","2016-12-12T06:50:00Z",675.23,0.58,0,0,0,0,0,0,
"2016-12-12T06:50:00Z","2016-12-12T06:55:00Z",675.33,0.58,0,0,0,0,0,0,
"2016-12-12T06:55:00Z","2016-12-12T07:00:00Z",675.29,0.58,0,0,0,0,0,0,
"2016-12-12T07:00:00Z","2016-12-12T07:05:00Z",675.20,0.58,0,0,0,0,0,0,
"2016-12-12T07:05:00Z","2016-12-12T07:10:00Z",675.29,,0,1,0,0,0,0,
"2016-12-12T07:10:00Z","2016-12-12T07:15:00Z",675.38,,0,0,0,0,0,0,
"2016-12-12T07:15:00Z","2016-12-12T07:20:00Z",675.31,,0,0,0,0,0,0,
"2016-12-12T07:20:00Z","2016-12-12T07:25:00Z",675.33,,0,0,0,0,0,0,
"2016-12-12T07:25:00Z","2016-12-12T07:30:00Z",675.37,,0,0,0,0,0,0,
"2016-12-12T07:30:00Z","2016-12-12T07:35:00Z",675.35,,0,0,0,0,0,0,
"2016-12-12T07:35:00Z","2016-12-12T07:40:00Z",675.33,,0,0,0,0,0,0,
"2016-12-12T07:40:00Z","2016-12-12T07:45:00Z",675.28,,0,0,0,0,0,0,
"2016-12-12T07:45:00Z","2016-12-12T07:50:00Z",675.33,,0,0,0,0,0,0,
"2016-12-12T07:50:00Z","2016-12-12T07:55:00Z",675.27,,0,0,0,0,0,0,
"2016-12-12T07:55:00Z","2016-12-12T08:00:00Z",675.32,,0,0,0,0,0,0,
"2016-12-12T08:00:00Z","2016-12-12T08:05:00Z",675.30,,0,0,0,0,0,0,
"2016-12-12T08:05:00Z","2016-12-12T08:10:00Z",675.31,,0,0,0,0,0,0,
"2016-12-12T08:10:00Z","2016-12-12T08:15:00Z",675.24,,0,0,0,0,0,0,
"2016-12-12T08:15:00Z","2016-12-12T08:20:00Z",675.34,,0,0,0,0,0,0,
"2016-12-12T08:20:00Z","2016-12-12T08:25:00Z",675.31,,0,0,0,0,0,0,
"2016-12-12T10:50:00Z","2016-12-12T10:55:00Z",,0.58,,,,,,,
"2016-12-12T10:55:00Z","2016-12-12T11:00:00Z",,0.58,,,,,,,
"2016-12-12T11:00:00Z","2016-12-12T11:05:00Z",,0.58,,,,,,,
"2016-12-12T11:05:00Z","2016-12-12T11:10:00Z",,0.58,,,,,,,
"2016-12-12T11:10:00Z","2016-12-12T11:15:00Z",,0.58,,,,,,,
"2016-12-12T11:15:00Z","2016-12-12T11:20:00Z",,0.58,,,,,,,
"2016-12-12T11:20:00Z","2016-12-12T11:25:00Z",,0.58,,,,,,,
"2016-12-12T11:25:00Z","2016-12-12T11:30:00Z",,0.58,,,,,,,
"2016-12-12T11:30:00Z","2016-12-12T11:35:00Z",,0.58,,,,,,,
"2016-12-12T11:35:00Z","2016-12-12T11:40:00Z",,0.58,,,,,,,
"2016-12-12T11:40:00Z","2016-12-12T11:45:00Z",,0.58,,,,,,,
"2016-12-12T11:45:00Z","2016-12-12T11:50:00Z",,0.58,,,,,,,
"2016-12-12T11:50:00Z","2016-12-12T11:55:00Z",,0.58,,,,,,,
"2016-12-12T11:55:00Z","2016-12-12T12:00:00Z",,0.58,,,,,,,
"2016-12-12T12:00:00Z","2016-12-12T12:05:00Z",675.31,0.58,0,0,0,0,0,0,
"2016-12-12T12:05:00Z","2016-12-12T12:10:00Z",675.25,0.58,0,0,0,0,0,0,
"2016-12-12T12:10:00Z","2016-12-12T12:15:00Z",675.21,0.58,0,0,0,0,0,0,
"2016-12-12T12:15:00Z","2016-12-12T12:20:00Z",675.17,0.58,0,0,0,0,0,0,
"2016-12-12T12:20:00Z","2016-12-12T12:25:00Z",675.11,0.58,0,0,0,0,0,0,
"2016-12-12T12:25:00Z","2016-12-12T12:30:00Z",675.16,0.58,0,0,0,0,0,0,
"2016-12-12T12:30:00Z","2016-12-12T12:35:00Z",675.25,0.58,0,0,0,0,0,0,
"2016-12-12T12:35:00Z","2016-12-12T12:40:00Z",675.18,0.58,0,0,0,0,0,0,
"2016-12-12T12:40:00Z","2016-12-12T12:45:00Z",675.19,0.58,0,0,0,0,0,0,
"2016-12-12T12:45:00Z","2016-12-12T12:50:00Z",675.18,0.58,0,0,0,0,0,0,
"2016-12-12T12:50:00Z","2016-12-12T12:55:00Z",675.15,0.58,0,0,0,0,0,0,
"2016-12-12T12:55:00Z","2016-12-12T13:00:00Z",675.15,0.58,0,0,0,0,0,0,
"2016-12-12T13:00:00Z","2016-12-12T13:05:00Z",675.26,0.58,0,0,0,0,0,0,
"2016-12-12T13:05:00Z","2016-12-12T13:10:00Z",675.21,0.58,0,0,0,0,0,0,
"2016-12-12T13:10:00Z","2016-12-12T13:15:00Z",675.12,0.58,0,0,0,0,0,0,
"2016-12-12T13:15:00Z","2016-12-12T13:20:00Z",675.13,0.58,0,0,0,0,0,0,
"2016-12-12T13:20:00Z","2016-12-12T13:25:00Z",675.17,0.58,0,0,0,0,0,0,
"2016-12-12T13:25:00Z","2016-12-12T13:30:00Z",675.06,0.58,0,0,0,0,0,0,
"2016-12-12T13:30:00Z","2016-12-12T13:35:00Z",675.21,0.58,0,0,0,0,0,0,
"2016-12-12T13:35:00Z","2016-12-12T13:40:00Z",675.12,0.58,0,0,0,0,0,0,
"2016-12-12T13:40:00Z","2016-12-12T13:45:00Z",675.14,0.58,0,0,0,0,0,0,
"2016-12-12T13:45:00Z","2016-12-12T13:50:00Z",675.13,0.58,0,0,0,0,0,0,
"2016-12-12T13:50:00Z","2016-12-12T13:55:00Z",675.10,0.58,0,0,0,0,0,0,
"2016-12-12T13:55:00Z","2016-12-12T14:00:00Z",675.15,0.58,0,0,0,0,0,0,
"2016-12-12T14:00:00Z","2016-12-12T14:05:00Z",675.01,0.58,0,0,0,0,0,0,
"2016-12-12T14:05:00Z","2016-12-12T14:10:00Z",675.11,0.58,0,0,0,0,0,0,
"2016-12-12T14:10:00Z","2016-12-12T14:15:00Z",675.03,0.58,0,0,0,0,0,0,
"2016-12-12T14:15:00Z","2016-12-12T14:20:00Z",675.08,0.58,0,0,0,0,0,0,
"2016-12-12T14:20:00Z","2016-12-12T14:25:00Z",675.09,0.58,0,0,0,0,0,0,
"2016-12-12T14:25:00Z","2016-12-12T14:30:00Z",675.14,0.58,0,0,0,0,0,0,
"2016-12-12T14:30:00Z","2016-12-12T14:35:00Z",675.14,0.58,0,0,0,0,0,0,
"2016-12-12T14:35:00Z","2016-12-12T14:40:00Z",675.13,0.58,0,0,0,0,0,0,
"2016-12-12T14:40:00Z","2016-12-12T14:45:00Z",675.07,0.58,0,0,0,0,0,0,
"2016-12-12T14:45:00Z","2016-12-12T14:50:00Z",675.02,0.58,0,0,0,0,0,0,
"2016-12-12T14:50:00Z","2016-12-12T14:55:00Z",675.18,0.58,0,0,0,0,0,0,
"2016-12-12T14:55:00Z","2016-12-12T15:00:00Z",675.13,0.58,0,0,0,0,0,0,
"2016-12-12T15:00:00Z","2016-12-12T15:05:00Z",675.08,0.58,0,0,0,0,0,0,
"2016-12-12T15:05:00Z","2016-12-12T15:10:00Z",675.08,0.58,0,0,0,0,0,0,
"2016-12-12T15:10:00Z","2016-12-12T15:15:00Z",675.05,0.58,0,0,0,0,0,0,
"2016-12-12T15:15:00Z","2016-12-12T15:20:00Z",675.03,0.58,0,0,0,0,0,0,
"2016-12-12T15:20:00Z","2016-12-12T15:25:00Z",675.12,0.58,0,0,0,0,0,0,
"2016-12-12T15:25:00Z","2016-12-12T15:30:00Z",675.05,0.58,0,0,0,0,0,0,
"2016-12-12T15:30:00Z","2016-12-12T15:35:00Z",675.02,0.58,0,0,0,0,0,0,
"2016-12-12T15:35:00Z","2016-12-12T15:40:00Z",675.14,0.58,0,0,0,0,0,0,
"2016-12-12T15:40:00Z","2016-12-12T15:45:00Z",675.05,0.58,0,0,0,0,0,0,
"2016-12-12T15:45:00Z","2016-12-12T15:50:00Z",675.02,0.58,0,0,0,0,0,0,
"2016-12-12T15:50:00Z","2016-12-12T15:55:00Z",675.08,0.58,0,0,0,0,0,0,
"2016-12-12T15:55:00Z","2016-12-12T16:00:00Z",675.11,0.58,0,0,0,0,0,0,
"2016-12-12T16:00:00Z","2016-12-12T16:05:00Z",675.10,0.58,0,0,0,0,0,0,
"2016-12-12T16:05:00Z","2016-12-12T16:10:00Z",675.10,0.58,0,0,0,0,0,0,
"2016-12-12T16:10:00Z","2016-12-12T16:15:00Z",675.18,0.58,0,0,0,0,0,0,
"2016-12-12T16:15:00Z","2016-12-12T16:20:00Z",675.18,0.58,0,0,0,0,0,0,
"2016-12-12T16:20:00Z","2016-12-12T16:25:00Z",675.03,0.58,0,0,0,0,0,0,
"2016-12-12T16:25:00Z","2016-12-12T16:30:00Z",675.02,0.58,0,0,0,0,0,0,
"2016-12-12T16:30:00Z","2016-12-12T16:35:00Z",675.07,0.58,0,0,0,0,0,0,
"2016-12-12T16:35:00Z","2016-12-12T16:40:00Z",675.11,0.58,0,0,0,0,0,0,
"2016-12-12T16:40:00Z","2016-12-12T16:45:00Z",675.12,0.58,0,0,0,0,0,0,
"2016-12-12T16:45:00Z","2016-12-12T16:50:00Z",675.03,0.58,0,0,0,0,0,0,
"2016-12-12T16:50:00Z","2016-12-12T16:55:00Z",675.08,0.58,0,0,0,0,0,0,
"2016-12-12T16:55:00Z","2016-12-12T17:00:00Z",675.04,0.58,0,0,0,0,0,0,
"2016-12-12T17:00:00Z","2016-12-12T17:05:00Z",675.17,0.58,0,0,0,0,0,0,
"2016-12-12T17:05:00Z","2016-12-12T17:10:00Z",675.00,0.58,0,0,0,0,0,0,
"2016-12-12T17:10:00Z","2016-12-12T17:15:00Z",675.06,0.58,0,0,0,0,0,0,
"2016-12-12T17:15:00Z","2016-12-12T17:20:00Z",675.01,0.58,0,0,0,0,0,0,
"2016-12-12T17:20:00Z","2016-12-12T17:25:00Z",675.12,0.58,0,0,0,0,0,0,
"2016-12-12T17:25:00Z","2016-12-12T17:30:00Z",675.14,0.58,0,0,0,0,0,0,
"2016-12-12T17:30:00Z","2016-12-12T17:35:00Z",675.10,0.58,0,0,0,0,0,0,
"2016-12-12T17:35:00Z","2016-12-12T17:40:00Z",675.06,0.58,0,0,0,0,0,0,
"2016-12-12T17:40:00Z","2016-12-12T17:45:00Z",675.06,0.58,0,0,0,0,0,0,
"2016-12-12T17:45:00Z","2016-12-12T17:50:00Z",675.00,0.58,0,0,0,0,0,0,
"2016-12-12T17:50:00Z","2016-12-12T17:55:00Z",675.01,0.58,0,0,0,0,0,0,
"2016-12-12T17:55:00Z","2016-12-12T18:00:00Z",675.09,0.58,0,0,0,0,0,0,
"2016-12-12T18:00:00Z","2016-12-12T18:05:00Z",675.10,0.58,0,0,0,0,0,0,
"2016-12-12T18:05:00Z","2016-12-12T18:10:00Z",675.05,0.58,0,0,0,0,0,0,
"2016-12-12T18:10:00Z","2016-12-12T18:15:00Z",674.97,0.58,0,0,0,0,0,0,
"2016-12-12T18:15:00Z","2016-12-12T18:20:00Z",675.01,0.58,0,0,0,0,0,0,
"2016-12-12T18:20:00Z","2016-12-12T18:25:00Z",675.08,0.58,0,0,0,0,0,0,
"2016-12-12T18:25:00Z","2016-12-12T18:30:00Z",675.00,0.58,0,0,0,0,0,0,
"2016-12-12T18:30:00Z","2016-12-12T18:35:00Z",674.99,0.58,0,0,0,0,0,0,
"2016-12-12T18:35:00Z","2016-12-12T18:40:00Z",674.93,0.58,0,0,0,0,0,0,
"2016-12-12T18:40:00Z","2016-12-12T18:45:00Z",675.08,0.58,0,0,0,0,0,0,
"2016-12-12T18:45:00Z","2016-12-12T18:50:00Z",674.96,0.58,0,0,0,0,0,0,
"2016-12-12T18:50:00Z","2016-12-12T18:55:00Z",674.96,0.58,0,0,0,0,0,0,
"2016-12-12T18:55:00Z","2016-12-12T19:00:00Z",674.95,0.58,0,0,0,0,0,0,
"2016-12-12T19:00:00Z","2016-12-12T19:05:00Z",674.99,0.58,0,0,0,0,0,0,
"2016-12-12T19:05:00Z","2016-12-12T19:10:00Z",674.94,0.58,0,0,0,0,0,0,
"2016-12-12T19:10:00Z","2016-12-12T19:15:00Z",674.96,0.58,0,0,0,0,0,0,
"2016-12-12T19:15:00Z","2016-12-12T19:20:00Z",674.92,0.58,0,0,0,0,0,0,
"2016-12-12T19:20:00Z","2016-12-12T19:25:00Z",674.97,0.58,0,0,0,0,0,0,
"2016-12-12T19:25:00Z","2016-12-12T19:30:00Z",674.96,0.58,0,0,0,0,0,0,
"2016-12-12T19:30:00Z","2016-12-12T19:35:00Z",674.94,0.58,0,0,0,0,0,0,
"2016-12-12T19:35:00Z","2016-12-12T19:40:00Z",674.97,0.58,0,0,0,0,0,0,
"2016-12-12T19:40:00Z","2016-12-12T19:45:00Z",674.97,0.58,0,0,0,0,0,0,
"2016-12-12T19:45:00Z","2016-12-12T19:50:00Z",674.96,0.58,0,0,0,0,0,0,
"2016-12-12T19:50:00Z","2016-12-12T19:55:00Z",675.01,0.58,0,0,0,0,0,0,
"2016-12-12T19:55:00Z","2016-12-12T20:00:00Z",674.93,0.58,0,0,0,0,0,0,
"2016-12-12T20:00:00Z","2016-12-12T20:05:00Z",674.95,0.58,0,0,0,0,0,0,
"2016-12-12T20:05:00Z","2016-12-12T20:10:00Z",674.98,0.58,0,0,0,0,0,0,
"2016-12-12T20:10:00Z","2016-12-12T20:15:00Z",674.89,0.58,0,0,0,0,0,0,
"2016-12-12T20:15:00Z","2016-12-12T20:20:00Z",674.93,0.58,0,0,0,0,0,0,
"2016-12-12T20:20:00Z","2016-12-12T20:25:00Z",674.90,0.58,0,0,0,0,0,0,
"2016-12-12T20:25:00Z","2016-12-12T20:30:00Z",675.00,0.58,0,0,0,0,0,0,
"2016-12-12T20:30:00Z","2016-12-12T20:35:00Z",674.96,0.58,0,0,0,0,0,0,
"2016-12-12T20:35:00Z","2016-12-12T20:40:00Z",674.93,0.58,0,0,0,0,0,0,
"2016-12-12T20:40:00Z","2016-12-12T20:45:00Z",674.91,0.58,0,0,0,0,0,0,
"2016-12-12T20:45:00Z","2016-12-12T20:50:00Z",674.93,0.58,0,0,0,0,0,0,
"2016-12-12T20:50:00Z","2016-12-12T20:55:00Z",674.87,0.58,0,0,0,0,0,0,
"2016-12-12T20:55:00Z","2016-12-12T21:00:00Z",674.91,0.58,0,0,0,0,0,0,
"2016-12-12T21:00:00Z","2016-12-12T21:05:00Z",674.99,0.58,0,0,0,0,0,0,
"2016-12-12T21:05:00Z","2016-12-12T21:10:00Z",674.98,0.58,0,0,0,0,0,0,
"2016-12-12T21:10:00Z","2016-12-12T21:15:00Z",674.95,0.58,0,0,0,0,0,0,
"2016-12-12T21:15:00Z","2016-12-12T21:20:00Z",674.84,0.58,0,0,0,0,0,0,
"2016-12-12T21:20:00Z","2016-12-12T21:25:00Z",674.90,0.58,0,0,0,0,0,0,
"2016-12-12T21:25:00Z","2016-12-12T21:30:00Z",674.89,0.58,0,0,0,0,0,0,
"2016-12-12T21:30:00Z","2016-12-12T21:35:00Z",674.94,0.58,0,0,0,0,0,0,
"2016-12-12T21:35:00Z","2016-12-12T21:40:00Z",674.92,0.58,0,0,0,0,0,0,
"2016-12-12T21:40:00Z","2016-12-12T21:45:00Z",674.89,0.58,0,0,0,0,0,0,
"2016-12-12T21:45:00Z","2016-12-12T21:50:00Z",674.79,0.58,0,0,0,0,0,0,
"2016-12-12T21:50:00Z","2016-12-12T21:55:00Z",674.88,0.58,0,0,0,0,0,0,
"2016-12-12T21:55:00Z","2016-12-12T22:00:00Z",674.92,0.58,0,0,0,0,0,0,
"2016-12-12T22:00:00Z","2016-12-12T22:05:00Z",674.79,0.58,0,0,0,0,0,0,
"2016-12-12T22:05:00Z","2016-12-12T22:10:00Z",674.85,0.58,0,0,0,0,0,0,
"2016-12-12T22:10:00Z","2016-12-12T22:15:00Z",674.86,0.58,0,0,0,0,0,0,
"2016-12-12T22:15:00Z","2016-12-12T22:20:00Z",674.82,0.58,0,0,0,0,0,0,
"2016-12-12T22:20:00Z","2016-12-12T22:25:00Z",674.81,0.58,0,0,0,0,0,0,
"2016-12-12T22:25:00Z","2016-12-12T22:30:00Z",674.72,0.58,0,0,0,0,0,0,
"2016-12-12T22:30:00Z","2016-12-12T22:35:00Z",674.82,0.58,0,0,0,0,0,0,
"2016-12-12T22:35:00Z","2016-12-12T22:40:00Z",674.79,0.58,0,0,0,0,0,0,
"2016-12-12T22:40:00Z","2016-12-12T22:45:00Z",674.79,0.58,0,0,0,0,0,0,
"2016-12-12T22:45:00Z","2016-12-12T22:50:00Z",674.86,0.58,0,0,0,0,0,0,
"2016-12-12T22:50:00Z","2016-12-12T22:55:00Z",674.87,0.58,0,0,0,0,0,0,
"2016-12-12T22:55:00Z","2016-12-12T23:00:00Z",674.90,0.58,0,0,0,0,0,0,
"2016-12-12T23:00:00Z","2016-12-12T23:05:00Z",674.80,0.58,0,0,0,0,0,0,
"2016-12-12T23:05:00Z","2016-12-12T23:10:00Z",674.81,0.58,0,0,0,0,0,0,
"2016-12-12T23:10:00Z","2016-12-12T23:15:00Z",674.86,0.58,0,0,0,0,0,0,
"2016-12-12T23:15:00Z","2016-12-12T23:20:00Z",674.76,0.58,0,0,0,0,0,0,
"2016-12-12T23:20:00Z","2016-12-12T23:25:00Z",674.79,0.58,0,0,0,0,0,0,
"2016-12-12T23:25:00Z","2016-12-12T23:30:00Z",674.79,0.58,0,0,0,0,0,0,
"2016-12-12T23:30:00Z","2016-12-12T23:35:00Z",674.76,0.58,0,0,0,0,0,0,
"2016-12-12T23:35:00Z","2016-12-12T23:40:00Z",674.86,0.58,0,0,0,0,0,0,
"2016-12-12T23:40:00Z","2016-12-12T23:45:00Z",674.77,0.58,0,0,0,0,0,0,
"2016-12-12T23:45:00Z","2016-12-12T23:50:00Z",674.89,0.58,0,0,0,0,0,0,
"2016-12-12T23:50:00Z","2016-12-12T23:55:00Z",674.83,0.58,0,0,0,0,0,0,
"2016-12-12T23:55:00Z","2016-12-13T00:00:00Z",674.84,0.58,0,0,0,0,0,0,
"2016-12-13T00:00:00Z","2016-12-13T00:05:00Z",674.74,0.58,0,0,0,0,0,0,
"2016-12-13T00:05:00Z","2016-12-13T00:10:00Z",674.81,0.58,0,0,0,0,0,0,
"2016-12-13T00:10:00Z","2016-12-13T00:15:00Z",674.87,0.58,0,0,0,0,0,0,
"2016-12-13T00:15:00Z","2016-12-13T00:20:00Z",674.75,0.58,0,0,0,0,0,0,
"2016-12-13T00:20:00Z","2016-12-13T00:25:00Z",674.86,0.58,0,0,0,0,0,0,
"2016-12-13T00:25:00Z","2016-12-13T00:30:00Z",674.77,0.58,0,0,0,0,0,0,
"2016-12-13T00:30:00Z","2016-12-13T00:35:00Z",674.80,0.58,0,0,0,0,0,0,
"2016-12-13T00:35:00Z","2016-12-13T00:40:00Z",674.60,0.58,0,0,0,0,0,0,
"2016-12-13T00:40:00Z","2016-12-13T00:45:00Z",674.65,0.58,0,0,0,0,0,0,
"2016-12-13T00:45:00Z","2016-12-13T00:50:00Z",674.65,0.58,0,0,0,0,0,0,
"2016-12-13T00:50:00Z","2016-12-13T00:55:00Z",674.70,0.58,0,0,0,0,0,0,
"2016-12-13T00:55:00Z","2016-12-13T01:00:00Z",674.72,0.58,0,0,0,0,0,0,
"2016-12-13T01:00:00Z","2016-12-13T01:05:00Z",674.72,0.58,0,0,0,0,0,0,
"2016-12-13T01:05:00Z","2016-12-13T01:10:00Z",674.70,0.58,0,0,0,0,0,0,
"2016-12-13T01:10:00Z","2016-12-13T01:15:00Z",674.58,0.58,0,0,0,0,0,0,
"2016-12-13T01:15:00Z","2016-12-13T01:20:00Z",674.60,0.58,0,0,0,0,0,0,
"2016-12-13T01:20:00Z","2016-12-13T01:25:00Z",674.61,0.58,0,0,0,0,0,0,
"2016-12-13T01:25:00Z","2016-12-13T01:30:00Z",674.63,0.58,0,0,0,0,0,0,
"2016-12-13T01:30:00Z","2016-12-13T01:35:00Z",674.65,0.58,0,0,0,0,0,0,
"2016-12-13T01:35:00Z","2016-12-13T01:40:00Z",674.56,0.58,0,0,0,0,0,0,
"2016-12-13T01:40:00Z","2016-12-13T01:45:00Z",674.63,0.58,0,0,0,0,0,0,
"2016-12-13T01:45:00Z","2016-12-13T01:50:00Z",674.57,0.58,0,0,0,0,0,0,
"2016-12-13T01:50:00Z","2016-12-13T01:55:00Z",674.51,0.58,0,0,0,0,0,0,
"2016-12-13T01:55:00Z","2016-12-13T02:00:00Z",674.60,0.58,0,0,0,0,0,0,
"2016-12-13T02:00:00Z","2016-12-13T02:05:00Z",674.60,0.58,0,0,0,0,0,0,
"2016-12-13T02:05:00Z","2016-12-13T02:10:00Z",674.61,0.58,0,0,0,0,0,0,
"2016-12-13T02:10:00Z","2016-12-13T02:15:00Z",674.59,0.58,0,0,0,0,0,0,
"2016-12-13T02:15:00Z","2016-12-13T02:20:00Z",674.62,0.58,0,0,0,0,0,0,
"2016-12-13T02:20:00Z","2016-12-13T02:25:00Z",674.62,0.58,0,0,0,0,0,0,
"2016-12-13T02:25:00Z","2016-12-13T02:30:00Z",674.57,0.58,0,0,0,0,0,0,
"2016-12-13T02:30:00Z","2016-12-13T02:35:00Z",674.60,0.58,0,0,0,0,0,0,
"2016-12-13T02:35:00Z","2016-12-13T02:40:00Z",674.60,0.58,0,0,0,0,0,0,
"2016-12-13T02:40:00Z","2016-12-13T02:45:00Z",674.59,0.58,0,0,0,0,0,0,
"2016-12-13T02:45:00Z","2016-12-13T02:50:00Z",674.62,0.58,0,0,0,0,0,0,
"2016-12-13T02:50:00Z","2016-12-13T02:55:00Z",674.51,0.58,0,0,0,0,0,0,
"2016-12-13T02:55:00Z","2016-12-13T03:00:00Z",674.61,0.58,0,0,0,0,0,0,
"2016-12-13T03:00:00Z","2016-12-13T03:05:00Z",674.66,0.58,0,0,0,0,0,0,
"2016-12-13T03:05:00Z","2016-12-13T03:10:00Z",674.68,0.58,0,0,0,0,0,0,
"2016-12-13T03:10:00Z","2016-12-13T03:15:00Z",674.63,0.58,0,0,0,0,0,0,
"2016-12-13T03:15:00Z","2016-12-13T03:20:00Z",674.69,0.58,0,0,0,0,0,0,
"2016-12-13T03:20:00Z","2016-12-13T03:25:00Z",674.62,0.58,0,0,0,0,0,0,
"2016-12-13T03:25:00Z","2016-12-13T03:30:00Z",674.63,0.58,0,0,0,0,0,0,
"2016-12-13T03:30:00Z","2016-12-13T03:35:00Z",674.62,0.58,0,0,0,0,0,0,
"2016-12-13T03:35:00Z","2016-12-13T03:40:00Z",674.67,0.58,0,0,0,0,0,0,
"2016-12-13T03:40:00Z","2016-12-13T03:45:00Z",674.64,0.58,0,0,0,0,0,0,
"2016-12-13T03:45:00Z","2016-12-13T03:50:00Z",674.69,0.58,0,0,0,0,0,0,
"2016-12-13T03:50:00Z","2016-12-13T03:55:00Z",674.69,0.58,0,0,0,0,0,0,
"2016-12-13T03:55:00Z","2016-12-13T04:00:00Z",674.60,0.58,0,0,0,0,0,0,
"2016-12-13T04:00:00Z","2016-12-13T04:05:00Z",674.60,0.58,0,0,0,0,0,0,
"2016-12-13T04:05:00Z","2016-12-13T04:10:00Z",674.65,0.58,0,0,0,0,0,0,
"2016-12-13T04:10:00Z","2016-12-13T04:15:00Z",674.59,0.58,0,0,0,0,0,0,
"2016-12-13T04:15:00Z","2016-12-13T04:20:00Z",674.66,0.58,0,0,0,0,0,0,
"2016-12-13T04:20:00Z","2016-12-13T04:25:00Z",674.66,0.58,0,0,0,0,0,0,
"2016-12-13T04:25:00Z","2016-12-13T04:30:00Z",674.67,0.58,0,0,0,0,0,0,
"2016-12-13T04:30:00Z","2016-12-13T04:35:00Z",674.65,0.58,0,0,0,0,0,0,
"2016-12-13T04:35:00Z","2016-12-13T04:40:00Z",674.66,0.58,0,0,0,0,0,0,
"2016-12-13T04:40:00Z","2016-12-13T04:45:00Z",674.66,0.58,0,0,0,0,0,0,
"2016-12-13T04:45:00Z","2016-12-13T04:50:00Z",674.73,0.58,0,0,0,0,0,0,
"2016-12-13T04:50:00Z","2016-12-13T04:55:00Z",674.62,0.58,0,0,0,0,0,0,
"2016-12-13T04:55:00Z","2016-12-13T05:00:00Z",674.71,0.58,0,0,0,0,0,0,
"2016-12-13T05:00:00Z","2016-12-13T05:05:00Z",674.72,0.58,0,0,0,0,0,0,
"2016-12-13T05:05:00Z","2016-12-13T05:10:00Z",674.77,0.58,0,0,0,0,0,0,
"2016-12-13T05:10:00Z","2016-12-13T05:15:00Z",674.70,0.58,0,0,0,0,0,0,
"2016-12-13T05:15:00Z","2016-12-13T05:20:00Z",674.76,0.58,0,0,0,0,0,0,
"2016-12-13T05:20:00Z","2016-12-13T05:25:00Z",674.71,0.58,0,0,0,0,0,0,
"2016-12-13T05:25:00Z","2016-12-13T05:30:00Z",674.72,0.58,0,0,0,0,0,0,
"2016-12-13T05:30:00Z","2016-12-13T05:35:00Z",674.80,0.58,0,0,0,0,0,0,
"2016-12-13T05:35:00Z","2016-12-13T05:40:00Z",674.77,0.58,0,0,0,0,0,0,
"2016-12-13T05:40:00Z","2016-12-13T05:45:00Z",674.80,0.58,0,0,0,0,0,0,
"2016-12-13T05:45:00Z","2016-12-13T05:50:00Z",674.77,0.58,0,0,0,0,0,0,
"2016-12-13T05:50:00Z","2016-12-13T05:55:00Z",674.81,0.58,0,0,0,0,0,0,
"2016-12-13T05:55:00Z","2016-12-13T06:00:00Z",674.74,0.58,0,0,0,0,0,0,
"2016-12-13T06:00:00Z","2016-12-13T06:05:00Z",674.79,0.58,0,0,0,0,0,0,
"2016-12-13T06:05:00Z","2016-12-13T06:10:00Z",674.85,0.58,0,0,0,0,0,0,
"2016-12-13T06:10:00Z","2016-12-13T06:15:00Z",674.77,0.58,0,0,0,0,0,0,
"2016-12-13T06:15:00Z","2016-12-13T06:20:00Z",674.78,0.58,0,0,0,0,0,0,
"2016-12-13T06:20:00Z","2016-12-13T06:25:00Z",674.75,0.58,0,0,0,0,0,0,
"2016-12-13T06:25:00Z","2016-12-13T06:30:00Z",674.79,0.58,0,0,0,0,0,0,
"2016-12-13T06:30:00Z","2016-12-13T06:35:00Z",674.76,0.58,0,0,0,0,0,0,
"2016-12-13T06:35:00Z","2016-12-13T06:40:00Z",674.78,0.58,0,0,0,0,0,0,
"2016-12-13T06:40:00Z","2016-12-13T06:45:00Z",674.77,0.58,0,0,0,0,0,0,
"2016-12-13T06:45:00Z","2016-12-13T06:50:00Z",674.84,0.58,0,0,0,0,0,0,
"2016-12-13T06:50:00Z","2016-12-13T06:55:00Z",674.76,0.58,0,0,0,0,0,0,
"2016-12-13T06:55:00Z","2016-12-13T07:00:00Z",674.76,0.58,0,0,0,0,0,0,
"2016-12-13T07:00:00Z","2016-12-13T07:05:00Z",674.74,0.58,0,0,0,0,0,0,
"2016-12-13T07:05:00Z","2016-12-13T07:10:00Z",674.79,0.58,0,0,0,0,0,0,
"2016-12-13T07:10:00Z","2016-12-13T07:15:00Z",674.78,0.58,0,0,0,0,0,0,
"2016-12-13T07:15:00Z","2016-12-13T07:20:00Z",674.79,0.58,0,0,0,0,0,0,
"2016-12-13T07:20:00Z","2016-12-13T07:25:00Z",674.75,0.58,0,0,0,0,0,0,
"2016-12-13T07:25:00Z","2016-12-13T07:30:00Z",674.79,0.58,0,0,0,0,0,0,
"2016-12-13T07:30:00Z","2016-12-13T07:35:00Z",674.85,0.58,0,0,0,0,0,0,
"2016-12-13T07:35:00Z","2016-12-13T07:40:00Z",674.83,0.58,0,0,0,0,0,0,
"2016-12-13T07:40:00Z","2016-12-13T07:45:00Z",674.83,0.58,0,0,0,0,0,0,
"2016-12-13T07:45:00Z","2016-12-13T07:50:00Z",674.86,0.58,0,0,0,0,0,0,
"2016-12-13T07:50:00Z","2016-12-13T07:55:00Z",674.82,0.58,0,0,0,0,0,0,
"2016-12-13T07:55:00Z","2016-12-13T08:00:00Z",674.90,0.58,0,0,0,0,0,0,
"2016-12-13T08:00:00Z","2016-12-13T08:05:00Z",674.86,0.58,0,0,0,0,0,0,
"2016-12-13T08:05:00Z","2016-12-13T08:10:00Z",674.88,0.58,0,0,0,0,0,0,
"2016-12-13T08:10:00Z","2016-12-13T08:15:00Z",674.77,0.58,0,0,0,0,0,0,
"2016-12-13T08:15:00Z","2016-12-13T08:20:00Z",674.85,0.58,0,0,0,0,0,0,
"2016-12-13T08:20:00Z","2016-12-13T08:25:00Z",674.85,0.58,0,0,0,0,0,0,
"2016-12-13T08:25:00Z","2016-12-13T08:30:00Z",674.84,0.58,0,0,0,0,0,0,
"2016-12-13T08:30:00Z","2016-12-13T08:35:00Z",674.91,0.58,0,0,0,0,0,0,
"2016-12-13T08:35:00Z","2016-12-13T08:40:00Z",674.97,0.58,0,0,0,0,0,0,
"2016-12-13T08:40:00Z","2016-12-13T08:45:00Z",674.88,0.58,0,0,0,0,0,0,
"2016-12-13T08:45:00Z","2016-12-13T08:50:00Z",674.87,0.58,0,0,0,0,0,0,
"2016-12-13T08:50:00Z","2016-12-13T08:55:00Z",674.82,0.58,0,0,0,0,0,0,
"2016-12-13T08:55:00Z","2016-12-13T09:00:00Z",674.86,0.58,0,0,0,0,0,0,
"2016-12-13T09:00:00Z","2016-12-13T09:05:00Z",674.95,0.58,0,0,0,0,0,0,
"2016-12-13T09:05:00Z","2016-12-13T09:10:00Z",674.85,0.58,0,0,0,0,0,0,
"2016-12-13T09:10:00Z","2016-12-13T09:15:00Z",674.83,0.58,0,0,0,0,0,0,
"2016-12-13T09:15:00Z","2016-12-13T09:20:00Z",674.79,0.58,0,0,0,0,0,0,
"2016-12-13T09:20:00Z","2016-12-13T09:25:00Z",674.85,0.58,0,0,0,0,0,0,
"2016-12-13T09:25:00Z","2016-12-13T09:30:00Z",674.87,0.58,0,0,0,0,0,0,
"2016-12-13T09:30:00Z","2016-12-13T09:35:00Z",674.92,0.58,0,0,0,0,0,0,
"2016-12-13T09:35:00Z","2016-12-13T09:40:00Z",674.86,0.58,0,0,0,0,0,0,
"2016-12-13T09:40:00Z","2016-12-13T09:45:00Z",674.88,0.58,0,0,0,0,0,0,
"2016-12-13T09:45:00Z","2016-12-13T09:50:00Z",674.94,0.58,0,0,0,0,0,0,
"2016-12-13T09:50:00Z","2016-12-13T09:55:00Z",674.93,0.58,0,0,0,0,0,0,
"2016-12-13T09:55:00Z","2016-12-13T10:00:00Z",674.95,0.58,0,0,0,0,0,0,
"2016-12-13T10:00:00Z","2016-12-13T10:05:00Z",674.90,0.58,0,0,0,0,0,0,
"2016-12-13T10:05:00Z","2016-12-13T10:10:00Z",674.89,0.58,0,0,0,0,0,0,
"2016-12-13T10:10:00Z","2016-12-13T10:15:00Z",674.88,0.58,0,0,0,0,0,0,
"2016-12-13T10:15:00Z","2016-12-13T10:20:00Z",674.86,0.58,0,0,0,0,0,0,
"2016-12-13T10:20:00Z","2016-12-13T10:25:00Z",675.01,0.58,0,0,0,0,0,0,
"2016-12-13T10:25:00Z","2016-12-13T10:30:00Z",674.89,0.58,0,0,0,0,0,0,
"2016-12-13T10:30:00Z","2016-12-13T10:35:00Z",674.97,0.58,0,0,0,0,0,0,
"2016-12-13T10:35:00Z","2016-12-13T10:40:00Z",675.00,0.58,0,0,0,0,0,0,
"2016-12-13T10:40:00Z","2016-12-13T10:45:00Z",674.84,0.58,0,0,0,0,0,0,
"2016-12-13T10:45:00Z","2016-12-13T10:50:00Z",675.03,0.58,0,0,0,0,0,0,
"2016-12-13T10:50:00Z","2016-12-13T10:55:00Z",674.88,0.58,0,0,0,0,0,0,
"2016-12-13T10:55:00Z","2016-12-13T11:00:00Z",674.96,0.58,0,0,0,0,0,0,
"2016-12-13T11:00:00Z","2016-12-13T11:05:00Z",674.93,0.58,0,0,0,0,0,0,
"2016-12-13T11:05:00Z","2016-12-13T11:10:00Z",674.99,0.58,0,0,0,0,0,0,
"2016-12-13T11:10:00Z","2016-12-13T11:15:00Z",675.04,0.58,0,0,0,0,0,0,
"2016-12-13T11:15:00Z","2016-12-13T11:20:00Z",674.88,0.58,0,0,0,0,0,0,
"2016-12-13T11:20:00Z","2016-12-13T11:25:00Z",674.95,0.58,0,0,0,0,0,0,
"2016-12-13T11:25:00Z","2016-12-13T11:30:00Z",674.93,0.58,0,0,0,0,0,0,
"2016-12-13T11:30:00Z","2016-12-13T11:35:00Z",674.95,0.58,0,0,0,0,0,0,
"2016-12-13T11:35:00Z","2016-12-13T11:40:00Z",674.92,0.58,0,0,0,0,0,0,
"2016-12-13T11:40:00Z","2016-12-13T11:45:00Z",674.90,0.58,0,0,0,0,0,0,
"2016-12-13T11:45:00Z","2016-12-13T11:50:00Z",674.90,0.58,0,0,0,0,0,0,
"2016-12-13T11:50:00Z","2016-12-13T11:55:00Z",674.87,0.58,0,0,0,0,0,0,
"2016-12-13T11:55:00Z","2016-12-13T12:00:00Z",674.90,0.58,0,0,0,0,0,0,
"2016-12-13T12:00:00Z","2016-12-13T12:05:00Z",674.87,0.58,0,0,0,0,0,0,
"2016-12-13T12:05:00Z","2016-12-13T12:10:00Z",674.76,0.58,0,0,0,0,0,0,
"2016-12-13T12:10:00Z","2016-12-13T12:15:00Z",674.89,0.58,0,0,0,0,0,0,
"2016-12-13T12:15:00Z","2016-12-13T12:20:00Z",674.85,0.58,0,0,0,0,0,0,
"2016-12-13T12:20:00Z","2016-12-13T12:25:00Z",674.90,0.58,0,0,0,0,0,0,
"2016-12-13T12:25:00Z","2016-12-13T12:30:00Z",674.97,0.58,0,0,0,0,0,0,
"2016-12-13T12:30:00Z","2016-12-13T12:35:00Z",674.87,0.58,0,0,0,0,0,0,
"2016-12-13T12:35:00Z","2016-12-13T12:40:00Z",674.85,0.58,0,0,0,0,0,0,
"2016-12-13T12:40:00Z","2016-12-13T12:45:00Z",674.90,0.58,0,0,0,0,0,0,
"2016-12-13T12:45:00Z","2016-12-13T12:50:00Z",674.83,0.58,0,0,0,0,0,0,
"2016-12-13T12:50:00Z","2016-12-13T12:55:00Z",674.98,0.58,0,0,0,0,0,0,
"2016-12-13T12:55:00Z","2016-12-13T13:00:00Z",674.84,0.58,0,0,0,0,0,0,
"2016-12-13T13:00:00Z","2016-12-13T13:05:00Z",674.86,0.58,0,0,0,0,0,0,
"2016-12-13T13:05:00Z","2016-12-13T13:10:00Z",674.88,0.58,0,0,0,0,0,0,
"2016-12-13T13:10:00Z","2016-12-13T13:15:00Z",674.96,0.58,0,0,0,0,0,0,
"2016-12-13T13:15:00Z","2016-12-13T13:20:00Z",674.96,0.58,0,0,0,0,0,0,
"2016-12-13T13:20:00Z","2016-12-13T13:25:00Z",674.89,0.58,0,0,0,0,0,0,
"2016-12-13T13:25:00Z","2016-12-13T13:30:00Z",674.91,0.58,0,0,0,0,0,0,
"2016-12-13T13:30:00Z","2016-12-13T13:35:00Z",674.90,0.58,0,0,0,0,0,0,
"2016-12-13T13:35:00Z","2016-12-13T13:40:00Z",674.89,0.58,0,0,0,0,0,0,
"2016-12-13T13:40:00Z","2016-12-13T13:45:00Z",674.84,0.58,0,0,0,0,0,0,
"2016-12-13T13:45:00Z","2016-12-13T13:50:00Z",674.88,0.58,0,0,0,0,0,0,
"2016-12-13T13:50:00Z","2016-12-13T13:55:00Z",674.88,0.58,0,0,0,0,0,0,
"2016-12-13T13:55:00Z","2016-12-13T14:00:00Z",674.90,0.58,0,0,0,0,0,0,
"2016-12-13T14:00:00Z","2016-12-13T14:05:00Z",674.81,0.58,0,0,0,0,0,0,
"2016-12-13T14:05:00Z","2016-12-13T14:10:00Z",674.94,0.58,0,0,0,0,0,0,
"2016-12-13T14:10:00Z","2016-12-13T14:15:00Z",674.99,0.58,0,0,0,0,0,0,
"2016-12-13T14:15:00Z","2016-12-13T14:20:00Z",674.92,0.58,0,0,0,0,0,0,
"2016-12-13T14:20:00Z","2016-12-13T14:25:00Z",674.86,0.58,0,0,0,0,0,0,
"2016-12-13T14:25:00Z","2016-12-13T14:30:00Z",674.89,0.58,0,0,0,0,0,0,
"2016-12-13T14:30:00Z","2016-12-13T14:35:00Z",674.83,0.58,0,0,0,0,0,0,
"2016-12-13T14:35:00Z","2016-12-13T14:40:00Z",674.83,0.58,0,0,0,0,0,0,
"2016-12-13T14:40:00Z","2016-12-13T14:45:00Z",674.94,0.58,0,0,0,0,0,0,
"2016-12-13T14:45:00Z","2016-12-13T14:50:00Z",674.87,0.58,0,0,0,0,0,0,
"2016-12-13T14:50:00Z","2016-12-13T14:55:00Z",674.91,0.58,0,0,0,0,0,0,
"2016-12-13T14:55:00Z","2016-12-13T15:00:00Z",674.86,0.58,0,0,0,0,0,0,
"2016-12-13T15:00:00Z","2016-12-13T15:05:00Z",674.87,0.58,0,0,0,0,0,0,
"2016-12-13T15:05:00Z","2016-12-13T15:10:00Z",674.89,0.58,0,0,0,0,0,0,
"2016-12-13T15:10:00Z","2016-12-13T15:15:00Z",674.76,0.58,0,0,0,0,0,0,
"2016-12-13T15:15:00Z","2016-12-13T15:20:00Z",674.81,0.58,0,0,0,0,0,0,
"2016-12-13T15:20:00Z","2016-12-13T15:25:00Z",674.89,0.58,0,0,0,0,0,0,
"2016-12-13T15:25:00Z","2016-12-13T15:30:00Z",674.78,0.58,0,0,0,0,0,0,
"2016-12-13T15:30:00Z","2016-12-13T15:35:00Z",674.86,0.58,0,0,0,0,0,0,
"2016-12-13T15:35:00Z","2016-12-13T15:40:00Z",674.91,0.58,0,0,0,0,0,0,
"2016-12-13T15:40:00Z","2016-12-13T15:45:00Z",674.93,0.58,0,0,0,0,0,0,
"2016-12-13T15:45:00Z","2016-12-13T15:50:00Z",674.75,0.58,0,0,0,0,0,0,
"2016-12-13T15:50:00Z","2016-12-13T15:55:00Z",674.77,0.58,0,0,0,0,0,0,
"2016-12-13T15:55:00Z","2016-12-13T16:00:00Z",674.86,0.58,0,0,0,0,0,0,
"2016-12-13T16:00:00Z","2016-12-13T16:05:00Z",674.81,0.58,0,0,0,0,0,0,
"2016-12-13T16:05:00Z","2016-12-13T16:10:00Z",674.75,0.58,0,0,0,0,0,0,
"2016-12-13T16:10:00Z","2016-12-13T16:15:00Z",674.86,0.58,0,0,0,0,0,0,
"2016-12-13T16:15:00Z","2016-12-13T16:20:00Z",674.88,0.58,0,0,0,0,0,0,
"2016-12-13T16:20:00Z","2016-12-13T16:25:00Z",674.71,0.58,0,0,0,0,0,0,
"2016-12-13T16:25:00Z","2016-12-13T16:30:00Z",674.76,0.58,0,0,0,0,0,0,
"2016-12-13T16:30:00Z","2016-12-13T16:35:00Z",674.76,0.58,0,0,0,0,0,0,
"2016-12-13T16:35:00Z","2016-12-13T16:40:00Z",674.86,0.58,0,0,0,0,0,0,
"2016-12-13T16:40:00Z","2016-12-13T16:45:00Z",674.72,0.58,0,0,0,0,0,0,
"2016-12-13T16:45:00Z","2016-12-13T16:50:00Z",674.79,0.58,0,0,0,0,0,0,
"2016-12-13T16:50:00Z","2016-12-13T16:55:00Z",674.71,0.58,0,0,0,0,0,0,
"2016-12-13T16:55:00Z","2016-12-13T17:00:00Z",674.82,0.58,0,0,0,0,0,0,
"2016-12-13T17:00:00Z","2016-12-13T17:05:00Z",674.77,0.58,0,0,0,0,0,0,
"2016-12-13T17:05:00Z","2016-12-13T17:10:00Z",674.80,0.58,0,0,0,0,0,0,
"2016-12-13T17:10:00Z","2016-12-13T17:15:00Z",674.73,0.58,0,0,0,0,0,0,
"2016-12-13T17:15:00Z","2016-12-13T17:20:00Z",674.72,0.58,0,0,0,0,0,0,
"2016-12-13T17:20:00Z","2016-12-13T17:25:00Z",674.79,0.58,0,0,0,0,0,0,
"2016-12-13T17:25:00Z","2016-12-13T17:30:00Z",674.67,0.58,0,0,0,0,0,0,
"2016-12-13T17:30:00Z","2016-12-13T17:35:00Z",674.75,0.58,0,0,0,0,0,0,
"2016-12-13T17:35:00Z","2016-12-13T17:40:00Z",674.71,0.58,0,0,0,0,0,0,
"2016-12-13T17:40:00Z","2016-12-13T17:45:00Z",674.81,0.58,0,0,0,0,0,0,
"2016-12-13T17:45:00Z","2016-12-13T17:50:00Z",674.78,0.58,0,0,0,0,0,0,
"2016-12-13T17:50:00Z","2016-12-13T17:55:00Z",674.71,0.58,0,0,0,0,0,0,
"2016-12-13T17:55:00Z","2016-12-13T18:00:00Z",674.78,0.58,0,0,0,0,0,0,
"2016-12-13T18:00:00Z","2016-12-13T18:05:00Z",674.79,0.58,0,0,0,0,0,0,
"2016-12-13T18:05:00Z","2016-12-13T18:10:00Z",674.90,0.58,0,0,0,0,0,0,
"2016-12-13T18:10:00Z","2016-12-13T18:15:00Z",674.81,0.58,0,0,0,0,0,0,
"2016-12-13T18:15:00Z","2016-12-13T18:20:00Z",674.74,0.58,0,0,0,0,0,0,
"2016-12-13T18:20:00Z","2016-12-13T18:25:00Z",674.70,0.58,0,0,0,0,0,0,
"2016-12-13T18:25:00Z","2016-12-13T18:30:00Z",674.71,0.58,0,0,0,0,0,0,
"2016-12-13T18:30:00Z","2016-12-13T18:35:00Z",674.71,0.58,0,0,0,0,0,0,
"2016-12-13T18:35:00Z","2016-12-13T18:40:00Z",674.76,0.58,0,0,0,0,0,0,
"2016-12-13T18:40:00Z","2016-12-13T18:45:00Z",674.60,0.58,0,0,0,0,0,0,
"2016-12-13T18:45:00Z","2016-12-13T18:50:00Z",674.68,0.58,0,0,0,0,0,0,
"2016-12-13T18:50:00Z","2016-12-13T18:55:00Z",674.67,0.58,0,0,0,0,0,0,
"2016-12-13T18:55:00Z","2016-12-13T19:00:00Z",674.68,0.58,0,0,0,0,0,0,
"2016-12-13T19:00:00Z","2016-12-13T19:05:00Z",674.71,0.58,0,0,0,0,0,0,
"2016-12-13T19:05:00Z","2016-12-13T19:10:00Z",674.69,0.58,0,0,0,0,0,0,
"2016-12-13T19:10:00Z","2016-12-13T19:15:00Z",674.63,0.58,0,0,0,0,0,0,
"2016-12-13T19:15:00Z","2016-12-13T19:20:00Z",674.57,0.58,0,0,0,0,0,0,
"2016-12-13T19:20:00Z","2016-12-13T19:25:00Z",674.65,0.58,0,0,0,0,0,0,
"2016-12-13T19:25:00Z","2016-12-13T19:30:00Z",674.66,0.58,0,0,0,0,0,0,
"2016-12-13T19:30:00Z","2016-12-13T19:35:00Z",674.62,0.58,0,0,0,0,0,0,
"2016-12-13T19:35:00Z","2016-12-13T19:40:00Z",674.60,0.58,0,0,0,0,0,0,
"2016-12-13T19:40:00Z","2016-12-13T19:45:00Z",674.62,0.58,0,0,0,0,0,0,
"2016-12-13T19:45:00Z","2016-12-13T19:50:00Z",674.58,0.58,0,0,0,0,0,0,
"2016-12-13T19:50:00Z","2016-12-13T19:55:00Z",674.68,0.58,0,0,0,0,0,0,
"2016-12-13T19:55:00Z","2016-12-13T20:00:00Z",674.48,0.58,0,0,0,0,0,0,
"2016-12-13T20:00:00Z","2016-12-13T20:05:00Z",674.61,0.58,0,0,0,0,0,0,
"2016-12-13T20:05:00Z","2016-12-13T20:10:00Z",674.55,0.58,0,0,0,0,0,0,
"2016-12-13T20:10:00Z","2016-12-13T20:15:00Z",674.59,0.58,0,0,0,0,0,0,
"2016-12-13T20:15:00Z","2016-12-13T20:20:00Z",674.61,0.58,0,0,0,0,0,0,
"2016-12-13T20:20:00Z","2016-12-13T20:25:00Z",674.61,0.58,0,0,0,0,0,0,
"2016-12-13T20:25:00Z","2016-12-13T20:30:00Z",674.60,0.58,0,0,0,0,0,0,
"2016-12-13T20:30:00Z","2016-12-13T20:35:00Z",674.52,0.58,0,0,0,0,0,0,
"2016-12-13T20:35:00Z","2016-12-13T20:40:00Z",674.55,0.58,0,0,0,0,0,0,
"2016-12-13T20:40:00Z","2016-12-13T20:45:00Z",674.57,0.58,0,0,0,0,0,0,
"2016-12-13T20:45:00Z","2016-12-13T20:50:00Z",674.42,0.58,0,0,0,0,0,0,
"2016-12-13T20:50:00Z","2016-12-13T20:55:00Z",674.56,0.58,0,0,0,0,0,0,
"2016-12-13T20:55:00Z","2016-12-13T21:00:00Z",674.51,0.58,0,0,0,0,0,0,
"2016-12-13T21:00:00Z","2016-12-13T21:05:00Z",674.54,0.58,0,0,0,0,0,0,
"2016-12-13T21:05:00Z","2016-12-13T21:10:00Z",674.52,0.58,0,0,0,0,0,0,
"2016-12-13T21:10:00Z","2016-12-13T21:15:00Z",674.51,0.58,0,0,0,0,0,0,
"2016-12-13T21:15:00Z","2016-12-13T21:20:00Z",674.36,0.58,0,0,0,0,0,0,
"2016-12-13T21:20:00Z","2016-12-13T21:25:00Z",674.58,0.58,0,0,0,0,0,0,
"2016-12-13T21:25:00Z","2016-12-13T21:30:00Z",674.47,0.58,0,0,0,0,0,0,
"2016-12-13T21:30:00Z","2016-12-13T21:35:00Z",674.54,0.58,0,0,0,0,0,0,
"2016-12-13T21:35:00Z","2016-12-13T21:40:00Z",674.44,0.58,0,0,0,0,0,0,
"2016-12-13T21:40:00Z","2016-12-13T21:45:00Z",674.45,0.58,0,0,0,0,0,0,
"2016-12-13T21:45:00Z","2016-12-13T21:50:00Z",674.42,0.58,0,0,0,0,0,0,
"2016-12-13T21:50:00Z","2016-12-13T21:55:00Z",674.44,0.58,0,0,0,0,0,0,
"2016-12-13T21:55:00Z","2016-12-13T22:00:00Z",674.48,0.58,0,0,0,0,0,0,
"2016-12-13T22:00:00Z","2016-12-13T22:05:00Z",674.46,0.58,0,0,0,0,0,0,
"2016-12-13T22:05:00Z","2016-12-13T22:10:00Z",674.43,0.58,0,0,0,0,0,0,
"2016-12-13T22:10:00Z","2016-12-13T22:15:00Z",674.51,0.58,0,0,0,0,0,0,
"2016-12-13T22:15:00Z","2016-12-13T22:20:00Z",674.39,0.58,0,0,0,0,0,0,
"2016-12-13T22:20:00Z","2016-12-13T22:25:00Z",674.49,0.58,0,0,0,0,0,0,
"2016-12-13T22:25:00Z","2016-12-13T22:30:00Z",674.39,0.58,0,0,0,0,0,0,
"2016-12-13T22:30:00Z","2016-12-13T22:35:00Z",674.44,0.58,0,0,0,0,0,0,
"2016-12-13T22:35:00Z","2016-12-13T22:40:00Z",674.35,0.58,0,0,0,0,0,0,
"2016-12-13T22:40:00Z","2016-12-13T22:45:00Z",674.46,0.58,0,0,0,0,0,0,
"2016-12-13T22:45:00Z","2016-12-13T22:50:00Z",674.37,0.58,0,0,0,0,0,0,
"2016-12-13T22:50:00Z","2016-12-13T22:55:00Z",674.44,0.58,0,0,0,0,0,0,
"2016-12-13T22:55:00Z","2016-12-13T23:00:00Z",674.46,0.58,0,0,0,0,0,0,
"2016-12-13T23:00:00Z","2016-12-13T23:05:00Z",674.39,0.58,0,0,0,0,0,0,
"2016-12-13T23:05:00Z","2016-12-13T23:10:00Z",674.36,0.58,0,0,0,0,0,0,
"2016-12-13T23:10:00Z","2016-12-13T23:15:00Z",674.37,0.58,0,0,0,0,0,0,
"2016-12-13T23:15:00Z","2016-12-13T23:20:00Z",674.50,0.58,0,0,0,0,0,0,
"2016-12-13T23:20:00Z","2016-12-13T23:25:00Z",674.44,0.58,0,0,0,0,0,0,
"2016-12-13T23:25:00Z","2016-12-13T23:30:00Z",674.50,0.58,0,0,0,0,0,0,
"2016-12-13T23:30:00Z","2016-12-13T23:35:00Z",674.49,0.58,0,0,0,0,0,0,
"2016-12-13T23:35:00Z","2016-12-13T23:40:00Z",674.42,0.58,0,0,0,0,0,0,
"2016-12-13T23:40:00Z","2016-12-13T23:45:00Z",674.46,0.58,0,0,0,0,0,0,
"2016-12-13T23:45:00Z","2016-12-13T23:50:00Z",674.47,0.58,0,0,0,0,0,0,
"2016-12-13T23:50:00Z","2016-12-13T23:55:00Z",674.40,0.58,0,0,0,0,0,0,
"2016-12-13T23:55:00Z","2016-12-14T00:00:00Z",674.40,0.58,0,0,0,0,0,0,
"2016-12-14T00:00:00Z","2016-12-14T00:05:00Z",674.42,0.58,0,0,0,0,0,0,
"2016-12-14T00:05:00Z","2016-12-14T00:10:00Z",674.46,0.58,0,0,0,0,0,0,
"2016-12-14T00:10:00Z","2016-12-14T00:15:00Z",674.47,0.58,0,0,0,0,0,0,
"2016-12-14T00:15:00Z","2016-12-14T00:20:00Z",674.44,0.58,0,0,0,0,0,0,
"2016-12-14T00:20:00Z","2016-12-14T00:25:00Z",674.35,0.58,0,0,0,0,0,0,
"2016-12-14T00:25:00Z","2016-12-14T00:30:00Z",674.48,0.58,0,0,0,0,0,0,
"2016-12-14T00:30:00Z","2016-12-14T00:35:00Z",674.48,0.58,0,0,0,0,0,0,
"2016-12-14T00:35:00Z","2016-12-14T00:40:00Z",674.37,0.58,0,0,0,0,0,0,
"2016-12-14T00:40:00Z","2016-12-14T00:45:00Z",674.43,0.58,0,0,0,0,0,0,
"2016-12-14T00:45:00Z","2016-12-14T00:50:00Z",674.38,0.58,0,0,0,0,0,0,
"2016-12-14T00:50:00Z","2016-12-14T00:55:00Z",674.49,0.58,0,0,0,0,0,0,
"2016-12-14T00:55:00Z","2016-12-14T01:00:00Z",674.33,0.58,0,0,0,0,0,0,
"2016-12-14T01:00:00Z","2016-12-14T01:05:00Z",674.45,0.58,0,0,0,0,0,0,
"2016-12-14T01:05:00Z","2016-12-14T01:10:00Z",674.46,0.58,0,0,0,0,0,0,
"2016-12-14T01:10:00Z","2016-12-14T01:15:00Z",674.32,0.58,0,0,0,0,0,0,
"2016-12-14T01:15:00Z","2016-12-14T01:20:00Z",674.37,0.58,0,0,0,0,0,0,
"2016-12-14T01:20:00Z","2016-12-14T01:25:00Z",674.42,0.58,0,0,0,0,0,0,
"2016-12-14T01:25:00Z","2016-12-14T01:30:00Z",674.34,0.58,0,0,0,0,0,0,
"2016-12-14T01:30:00Z","2016-12-14T01:35:00Z",674.38,0.58,0,0,0,0,0,0,
"2016-12-14T01:35:00Z","2016-12-14T01:40:00Z",674.32,0.58,0,0,0,0,0,0,
"2016-12-14T01:40:00Z","2016-12-14T01:45:00Z",674.22,0.58,0,0,0,0,0,0,
"2016-12-14T01:45:00Z","2016-12-14T01:50:00Z",674.27,0.58,0,0,0,0,0,0,
"2016-12-14T01:50:00Z","2016-12-14T01:55:00Z",674.20,0.58,0,0,0,0,0,0,
"2016-12-14T01:55:00Z","2016-12-14T02:00:00Z",674.32,0.58,0,0,0,0,0,0,
"2016-12-14T02:00:00Z","2016-12-14T02:05:00Z",674.30,0.58,0,0,0,0,0,0,
"2016-12-14T02:05:00Z","2016-12-14T02:10:00Z",674.29,0.58,0,0,0,0,0,0,
"2016-12-14T02:10:00Z","2016-12-14T02:15:00Z",674.22,0.58,0,0,0,0,0,0,
"2016-12-14T02:15:00Z","2016-12-14T02:20:00Z",674.23,0.58,0,0,0,0,0,0,
"2016-12-14T02:20:00Z","2016-12-14T02:25:00Z",674.28,0.58,0,0,0,0,0,0,
"2016-12-14T02:25:00Z","2016-12-14T02:30:00Z",674.31,0.58,0,0,0,0,0,0,
"2016-12-14T02:30:00Z","2016-12-14T02:35:00Z",674.30,0.58,0,0,0,0,0,0,
"2016-12-14T02:35:00Z","2016-12-14T02:40:00Z",674.27,0.58,0,0,0,0,0,0,
"2016-12-14T02:40:00Z","2016-12-14T02:45:00Z",674.29,0.58,0,0,0,0,0,0,
"2016-12-14T02:45:00Z","2016-12-14T02:50:00Z",674.32,0.58,0,0,0,0,0,0,
"2016-12-14T02:50:00Z","2016-12-14T02:55:00Z",674.31,0.58,0,0,0,0,0,0,
"2016-12-14T02:55:00Z","2016-12-14T03:00:00Z",674.30,0.58,0,0,0,0,0,0,
"2016-12-14T03:00:00Z","2016-12-14T03:05:00Z",674.27,0.58,0,0,0,0,0,0,
"2016-12-14T03:05:00Z","2016-12-14T03:10:00Z",674.32,0.58,0,0,0,0,0,0,
"2016-12-14T03:10:00Z","2016-12-14T03:15:00Z",674.21,0.58,0,0,0,0,0,0,
"2016-12-14T03:15:00Z","2016-12-14T03:20:00Z",674.18,0.58,0,0,0,0,0,0,
"2016-12-14T03:20:00Z","2016-12-14T03:25:00Z",674.16,0.58,0,0,0,0,0,0,
"2016-12-14T03:25:00Z","2016-12-14T03:30:00Z",674.32,0.58,0,0,0,0,0,0,
"2016-12-14T03:30:00Z","2016-12-14T03:35:00Z",674.28,0.58,0,0,0,0,0,0,
"2016-12-14T03:35:00Z","2016-12-14T03:40:00Z",674.29,0.58,0,0,0,0,0,0,
"2016-12-14T03:40:00Z","2016-12-14T03:45:00Z",674.19,0.58,0,0,0,0,0,0,
"2016-12-14T03:45:00Z","2016-12-14T03:50:00Z",674.18,0.58,0,0,0,0,0,0,
"2016-12-14T03:50:00Z","2016-12-14T03:55:00Z",674.22,0.58,0,0,0,0,0,0,
"2016-12-14T03:55:00Z","2016-12-14T04:00:00Z",674.34,0.58,0,0,0,0,0,0,
"2016-12-14T04:00:00Z","2016-12-14T04:05:00Z",674.30,0.58,0,0,0,0,0,0,
"2016-12-14T04:05:00Z","2016-12-14T04:10:00Z",674.31,0.58,0,0,0,0,0,0,
"2016-12-14T04:10:00Z","2016-12-14T04:15:00Z",674.26,0.58,0,0,0,0,0,0,
"2016-12-14T04:15:00Z","2016-12-14T04:20:00Z",674.32,0.58,0,0,0,0,0,0,
"2016-12-14T04:20:00Z","2016-12-14T04:25:00Z",674.40,0.58,0,0,0,0,0,0,
"2016-12-14T04:25:00Z","2016-12-14T04:30:00Z",674.26,0.58,0,0,0,0,0,0,
"2016-12-14T04:30:00Z","2016-12-14T04:35:00Z",674.31,0.58,0,0,0,0,0,0,
"2016-12-14T04:35:00Z","2016-12-14T04:40:00Z",674.30,0.58,0,0,0,0,0,0,
"2016-12-14T04:40:00Z","2016-12-14T04:45:00Z",674.36,0.58,0,0,0,0,0,0,
"2016-12-14T04:45:00Z","2016-12-14T04:50:00Z",674.23,0.58,0,0,0,0,0,0,
"2016-12-14T04:50:00Z","2016-12-14T04:55:00Z",674.29,0.58,0,0,0,0,0,0,
"2016-12-14T04:55:00Z","2016-12-14T05:00:00Z",674.33,0.58,0,0,0,0,0,0,
"2016-12-14T05:00:00Z","2016-12-14T05:05:00Z",674.35,0.58,0,0,0,0,0,0,
"2016-12-14T05:05:00Z","2016-12-14T05:10:00Z",674.29,0.58,0,0,0,0,0,0,
"2016-12-14T05:10:00Z","2016-12-14T05:15:00Z",674.32,0.58,0,0,0,0,0,0,
"2016-12-14T05:15:00Z","2016-12-14T05:20:00Z",674.39,0.58,0,0,0,0,0,0,
"2016-12-14T05:20:00Z","2016-12-14T05:25:00Z",674.39,0.58,0,0,0,0,0,0,
"2016-12-14T05:25:00Z","2016-12-14T05:30:00Z",674.33,0.58,0,0,0,0,0,0,
"2016-12-14T05:30:00Z","2016-12-14T05:35:00Z",674.30,0.58,0,0,0,0,0,0,
"2016-12-14T05:35:00Z","2016-12-14T05:40:00Z",674.39,0.58,0,0,0,0,0,0,
"2016-12-14T05:40:00Z","2016-12-14T05:45:00Z",674.36,0.58,0,0,0,0,0,0,
"2016-12-14T05:45:00Z","2016-12-14T05:50:00Z",674.35,0.58,0,0,0,0,0,0,
"2016-12-14T05:50:00Z","2016-12-14T05:55:00Z",674.33,0.58,0,0,0,0,0,0,
"2016-12-14T05:55:00Z","2016-12-14T06:00:00Z",674.25,0.58,0,0,0,0,0,0,
"2016-12-14T06:00:00Z","2016-12-14T06:05:00Z",674.34,0.58,0,0,0,0,0,0,
"2016-12-14T06:05:00Z","2016-12-14T06:10:00Z",674.39,0.59,0,0,0,0,0,0,
"2016-12-14T06:10:00Z","2016-12-14T06:15:00Z",674.30,0.58,0,0,0,0,0,0,
"2016-12-14T06:15:00Z","2016-12-14T06:20:00Z",674.38,0.59,0,0,0,0,0,0,
"2016-12-14T06:20:00Z","2016-12-14T06:25:00Z",674.34,0.59,0,0,0,0,0,0,
"2016-12-14T06:25:00Z","2016-12-14T06:30:00Z",674.29,0.58,0,0,0,0,0,0,
"2016-12-14T06:30:00Z","2016-12-14T06:35:00Z",674.41,0.59,0,0,0,0,0,0,
"2016-12-14T06:35:00Z","2016-12-14T06:40:00Z",674.34,0.59,0,0,0,0,0,0,
"2016-12-14T06:40:00Z","2016-12-14T06:45:00Z",674.33,0.59,0,0,0,0,0,0,
"2016-12-14T06:45:00Z","2016-12-14T06:50:00Z",674.24,0.58,0,0,0,0,0,0,
"2016-12-14T06:50:00Z","2016-12-14T06:55:00Z",674.36,0.59,0,0,0,0,0,0,
"2016-12-14T06:55:00Z","2016-12-14T07:00:00Z",674.36,0.59,0,0,0,0,0,0,
"2016-12-14T07:00:00Z","2016-12-14T07:05:00Z",674.44,0.59,0,0,0,0,0,0,
"2016-12-14T07:05:00Z","2016-12-14T07:10:00Z",674.39,0.59,0,0,0,0,0,0,
"2016-12-14T07:10:00Z","2016-12-14T07:15:00Z",674.32,0.59,0,0,0,0,0,0,
"2016-12-14T07:15:00Z","2016-12-14T07:20:00Z",674.41,0.59,0,0,0,0,0,0,
"2016-12-14T07:20:00Z","2016-12-14T07:25:00Z",674.26,0.59,0,0,0,0,0,0,
"2016-12-14T07:25:00Z","2016-12-14T07:30:00Z",674.28,0.59,0,0,0,0,0,0,
"2016-12-14T07:30:00Z","2016-12-14T07:35:00Z",674.46,0.59,0,0,0,0,0,0,
"2016-12-14T07:35:00Z","2016-12-14T07:40:00Z",674.45,0.59,0,0,0,0,0,0,
"2016-12-14T07:40:00Z","2016-12-14T07:45:00Z",674.36,0.59,0,0,0,0,0,0,
"2016-12-14T07:45:00Z","2016-12-14T07:50:00Z",674.27,0.59,0,0,0,0,0,0,
"2016-12-14T07:50:00Z","2016-12-14T07:55:00Z",674.34,0.59,0,0,0,0,0,0,
"2016-12-14T07:55:00Z","2016-12-14T08:00:00Z",674.42,0.59,0,0,0,0,0,0,
"2016-12-14T08:00:00Z","2016-12-14T08:05:00Z",674.44,0.59,0,0,0,0,0,0,
"2016-12-14T08:05:00Z","2016-12-14T08:10:00Z",674.43,0.59,0,0,0,0,0,0,
"2016-12-14T08:10:00Z","2016-12-14T08:15:00Z",674.39,0.59,0,0,0,0,0,0,
"2016-12-14T08:15:00Z","2016-12-14T08:20:00Z",674.46,0.59,0,0,0,0,0,0,
"2016-12-14T08:20:00Z","2016-12-14T08:25:00Z",674.44,0.59,0,0,0,0,0,0,
"2016-12-14T08:25:00Z","2016-12-14T08:30:00Z",674.41,0.59,0,0,0,0,0,0,
"2016-12-14T08:30:00Z","2016-12-14T08:35:00Z",674.40,0.59,0,0,0,0,0,0,
"2016-12-14T08:35:00Z","2016-12-14T08:40:00Z",674.46,0.59,0,0,0,0,0,0,
"2016-12-14T08:40:00Z","2016-12-14T08:45:00Z",674.39,0.59,0,0,0,0,0,0,
"2016-12-14T08:45:00Z","2016-12-14T08:50:00Z",674.39,0.59,0,0,0,0,0,0,
"2016-12-14T08:50:00Z","2016-12-14T08:55:00Z",674.41,0.59,0,0,0,0,0,0,
"2016-12-14T08:55:00Z","2016-12-14T09:00:00Z",674.48,0.59,0,0,0,0,0,0,
"2016-12-14T09:00:00Z","2016-12-14T09:05:00Z",674.40,0.59,0,0,0,0,0,0,
"2016-12-14T09:05:00Z","2016-12-14T09:10:00Z",674.33,0.59,0,0,0,0,0,0,
"2016-12-14T09:10:00Z","2016-12-14T09:15:00Z",674.39,0.59,0,0,0,0,0,0,
"2016-12-14T09:15:00Z","2016-12-14T09:20:00Z",674.38,0.59,0,0,0,0,0,0,
"2016-12-14T09:20:00Z","2016-12-14T09:25:00Z",674.38,0.59,0,0,0,0,0,0,
"2016-12-14T09:25:00Z","2016-12-14T09:30:00Z",674.34,0.59,0,0,0,0,0,0,
"2016-12-14T09:30:00Z","2016-12-14T09:35:00Z",674.41,0.59,0,0,0,0,0,0,
"2016-12-14T09:35:00Z","2016-12-14T09:40:00Z",674.42,0.59,0,0,0,0,0,0,
"2016-12-14T09:40:00Z","2016-12-14T09:45:00Z",674.40,0.59,0,0,0,0,0,0,
"2016-12-14T09:45:00Z","2016-12-14T09:50:00Z",674.39,0.59,0,0,0,0,0,0,
"2016-12-14T09:50:00Z","2016-12-14T09:55:00Z",674.38,0.59,0,0,0,0,0,0,
"2016-12-14T09:55:00Z","2016-12-14T10:00:00Z",674.43,0.59,0,0,0,0,0,0,
"2016-12-14T10:00:00Z","2016-12-14T10:05:00Z",674.37,0.59,0,0,0,0,0,0,
"2016-12-14T10:05:00Z","2016-12-14T10:10:00Z",674.40,0.59,0,0,0,0,0,0,
"2016-12-14T10:10:00Z","2016-12-14T10:15:00Z",674.46,0.59,0,0,0,0,0,0,
"2016-12-14T10:15:00Z","2016-12-14T10:20:00Z",674.43,0.59,0,0,0,0,0,0,
"2016-12-14T10:20:00Z","2016-12-14T10:25:00Z",674.54,0.59,0,0,0,0,0,0,
"2016-12-14T10:25:00Z","2016-12-14T10:30:00Z",674.43,0.59,0,0,0,0,0,0,
"2016-12-14T10:30:00Z","2016-12-14T10:35:00Z",674.42,0.59,0,0,0,0,0,0,
"2016-12-14T10:35:00Z","2016-12-14T10:40:00Z",674.45,0.59,0,0,0,0,0,0,
"2016-12-14T10:40:00Z","2016-12-14T10:45:00Z",674.52,0.59,0,0,0,0,0,0,
"2016-12-14T10:45:00Z","2016-12-14T10:50:00Z",674.43,0.59,0,0,0,0,0,0,
"2016-12-14T10:50:00Z","2016-12-14T10:55:00Z",674.35,0.59,0,0,0,0,0,0,
"2016-12-14T10:55:00Z","2016-12-14T11:00:00Z",674.35,0.59,0,0,0,0,0,0,
"2016-12-14T11:00:00Z","2016-12-14T11:05:00Z",674.44,0.59,0,0,0,0,0,0,
"2016-12-14T11:05:00Z","2016-12-14T11:10:00Z",674.42,0.59,0,0,0,0,0,0,
"2016-12-14T11:10:00Z","2016-12-14T11:15:00Z",674.36,0.59,0,0,0,0,0,0,
"2016-12-14T11:15:00Z","2016-12-14T11:20:00Z",674.38,0.59,0,0,0,0,0,0,
"2016-12-14T11:20:00Z","2016-12-14T11:25:00Z",674.36,0.59,0,0,0,0,0,0,
"2016-12-14T11:25:00Z","2016-12-14T11:30:00Z",674.30,0.59,0,0,0,0,0,0,
"2016-12-14T11:30:00Z","2016-12-14T11:35:00Z",674.35,0.59,0,0,0,0,0,0,
"2016-12-14T11:35:00Z","2016-12-14T11:40:00Z",674.37,0.59,0,0,0,0,0,0,
"2016-12-14T11:40:00Z","2016-12-14T11:45:00Z",674.40,0.59,0,0,0,0,0,0,
"2016-12-14T11:45:00Z","2016-12-14T11:50:00Z",674.40,0.59,0,0,0,0,0,0,
"2016-12-14T11:50:00Z","2016-12-14T11:55:00Z",674.35,0.59,0,0,0,0,0,0,
"2016-12-14T11:55:00Z","2016-12-14T12:00:00Z",674.30,0.59,0,0,0,0,0,0,
"2016-12-14T12:00:00Z","2016-12-14T12:05:00Z",674.40,0.59,0,0,0,0,0,0,
"2016-12-14T12:05:00Z","2016-12-14T12:10:00Z",674.32,0.59,0,0,0,0,0,0,
"2016-12-14T12:10:00Z","2016-12-14T12:15:00Z",674.38,0.59,0,0,0,0,0,0,
"2016-12-14T12:15:00Z","2016-12-14T12:20:00Z",674.32,0.59,0,0,0,0,0,0,
"2016-12-14T12:20:00Z","2016-12-14T12:25:00Z",674.38,0.59,0,0,0,0,0,0,
"2016-12-14T12:25:00Z","2016-12-14T12:30:00Z",674.39,0.59,0,0,0,0,0,0,
"2016-12-14T12:30:00Z","2016-12-14T12:35:00Z",674.39,0.59,0,0,0,0,0,0,
"2016-12-14T12:35:00Z","2016-12-14T12:40:00Z",674.35,0.59,0,0,0,0,0,0,
"2016-12-14T12:40:00Z","2016-12-14T12:45:00Z",674.27,0.59,0,0,0,0,0,0,
"2016-12-14T12:45:00Z","2016-12-14T12:50:00Z",674.32,0.59,0,0,0,0,0,0,
"2016-12-14T12:50:00Z","2016-12-14T12:55:00Z",674.35,0.59,0,0,0,0,0,0,
"2016-12-14T12:55:00Z","2016-12-14T13:00:00Z",674.25,0.59,0,0,0,0,0,0,
"2016-12-14T13:00:00Z","2016-12-14T13:05:00Z",674.36,0.59,0,0,0,0,0,0,
"2016-12-14T13:05:00Z","2016-12-14T13:10:00Z",674.37,0.59,0,0,0,0,0,0,
"2016-12-14T13:10:00Z","2016-12-14T13:15:00Z",674.33,0.59,0,0,0,0,0,0,
"2016-12-14T13:15:00Z","2016-12-14T13:20:00Z",674.27,0.59,0,0,0,0,0,0,
"2016-12-14T13:20:00Z","2016-12-14T13:25:00Z",674.31,0.59,0,0,0,0,0,0,
"2016-12-14T13:25:00Z","2016-12-14T13:30:00Z",674.35,0.59,0,0,0,0,0,0,
"2016-12-14T13:30:00Z","2016-12-14T13:35:00Z",674.33,0.59,0,0,0,0,0,0,
"2016-12-14T13:35:00Z","2016-12-14T13:40:00Z",674.38,0.59,0,0,0,0,0,0,
"2016-12-14T13:40:00Z","2016-12-14T13:45:00Z",674.38,0.59,0,0,0,0,0,0,
"2016-12-14T13:45:00Z","2016-12-14T13:50:00Z",674.41,0.59,0,0,0,0,0,0,
"2016-12-14T13:50:00Z","2016-12-14T13:55:00Z",674.30,0.59,0,0,0,0,0,0,
"2016-12-14T13:55:00Z","2016-12-14T14:00:00Z",674.35,0.59,0,0,0,0,0,0,
"2016-12-14T14:00:00Z","2016-12-14T14:05:00Z",674.39,0.59,0,0,0,0,0,0,
"2016-12-14T14:05:00Z","2016-12-14T14:10:00Z",674.24,0.59,0,0,0,0,0,0,
"2016-12-14T14:10:00Z","2016-12-14T14:15:00Z",674.29,0.59,0,0,0,0,0,0,
"2016-12-14T14:15:00Z","2016-12-14T14:20:00Z",674.29,0.59,0,0,0,0,0,0,
"2016-12-14T14:20:00Z","2016-12-14T14:25:00Z",674.30,0.59,0,0,0,0,0,0,
"2016-12-14T14:25:00Z","2016-12-14T14:30:00Z",674.41,0.59,0,0,0,0,0,0,
"2016-12-14T14:30:00Z","2016-12-14T14:35:00Z",674.34,0.59,0,0,0,0,0,0,
"2016-12-14T14:35:00Z","2016-12-14T14:40:00Z",674.37,0.59,0,0,0,0,0,0,
"2016-12-14T14:40:00Z","2016-12-14T14:45:00Z",674.30,0.59,0,0,0,0,0,0,
"2016-12-14T14:45:00Z","2016-12-14T14:50:00Z",674.34,0.59,0,0,0,0,0,0,
"2016-12-14T14:50:00Z","2016-12-14T14:55:00Z",674.37,0.59,0,0,0,0,0,0,
"2016-12-14T14:55:00Z","2016-12-14T15:00:00Z",674.36,0.59,0,0,0,0,0,0,
"2016-12-14T15:00:00Z","2016-12-14T15:05:00Z",674.31,0.59,0,0,0,0,0,0,
"2016-12-14T15:05:00Z","2016-12-14T15:10:00Z",674.33,0.59,0,0,0,0,0,0,
"2016-12-14T15:10:00Z","2016-12-14T15:15:00Z",674.30,0.59,0,0,0,0,0,0,
"2016-12-14T15:15:00Z","2016-12-14T15:20:00Z",674.40,0.59,0,0,0,0,0,0,
"2016-12-14T15:20:00Z","2016-12-14T15:25:00Z",674.32,0.59,0,0,0,0,0,0,
"2016-12-14T15:25:00Z","2016-12-14T15:30:00Z",674.48,0.59,0,0,0,0,0,0,
"2016-12-14T15:30:00Z","2016-12-14T15:35:00Z",674.33,0.59,0,0,0,0,0,0,
"2016-12-14T15:35:00Z","2016-12-14T15:40:00Z",674.37,0.59,0,0,0,0,0,0,
"2016-12-14T15:40:00Z","2016-12-14T15:45:00Z",674.26,0.59,0,0,0,0,0,0,
"2016-12-14T15:45:00Z","2016-12-14T15:50:00Z",674.36,0.59,0,0,0,0,0,0,
"2016-12-14T15:50:00Z","2016-12-14T15:55:00Z",674.35,0.59,0,0,0,0,0,0,
"2016-12-14T15:55:00Z","2016-12-14T16:00:00Z",674.40,0.59,0,0,0,0,0,0,
"2016-12-14T16:00:00Z","2016-12-14T16:05:00Z",674.44,0.59,0,0,0,0,0,0,
"2016-12-14T16:05:00Z","2016-12-14T16:10:00Z",674.37,0.59,0,0,0,0,0,0,
"2016-12-14T16:10:00Z","2016-12-14T16:15:00Z",674.46,0.59,0,0,0,0,0,0,
"2016-12-14T16:15:00Z","2016-12-14T16:20:00Z",674.30,0.59,0,0,0,0,0,0,
"2016-12-14T16:20:00Z","2016-12-14T16:25:00Z",674.45,0.59,0,0,0,0,0,0,
"2016-12-14T16:25:00Z","2016-12-14T16:30:00Z",674.37,0.59,0,0,0,0,0,0,
"2016-12-14T16:30:00Z","2016-12-14T16:35:00Z",674.42,0.59,0,0,0,0,0,0,
"2016-12-14T16:35:00Z","2016-12-14T16:40:00Z",674.41,0.59,0,0,0,0,0,0,
"2016-12-14T16:40:00Z","2016-12-14T16:45:00Z",674.35,0.59,0,0,0,0,0,0,
"2016-12-14T16:45:00Z","2016-12-14T16:50:00Z",674.37,0.59,0,0,0,0,0,0,
"2016-12-14T16:50:00Z","2016-12-14T16:55:00Z",674.43,0.59,0,0,0,0,0,0,
"2016-12-14T16:55:00Z","2016-12-14T17:00:00Z",674.43,0.59,0,0,0,0,0,0,
"2016-12-14T17:00:00Z","2016-12-14T17:05:00Z",674.42,0.59,0,0,0,0,0,0,
"2016-12-14T17:05:00Z","2016-12-14T17:10:00Z",674.51,0.59,0,0,0,0,0,0,
"2016-12-14T17:10:00Z","2016-12-14T17:15:00Z",674.35,0.59,0,0,0,0,0,0,
"2016-12-14T17:15:00Z","2016-12-14T17:20:00Z",674.41,0.59,0,0,0,0,0,0,
"2016-12-14T17:20:00Z","2016-12-14T17:25:00Z",674.48,0.59,0,0,0,0,0,0,
"2016-12-14T17:25:00Z","2016-12-14T17:30:00Z",674.38,0.59,0,0,0,0,0,0,
"2016-12-14T17:30:00Z","2016-12-14T17:35:00Z",674.42,0.59,0,0,0,0,0,0,
"2016-12-14T17:35:00Z","2016-12-14T17:40:00Z",674.40,0.59,0,0,0,0,0,0,
"2016-12-14T17:40:00Z","2016-12-14T17:45:00Z",674.37,0.59,0,0,0,0,0,0,
"2016-12-14T17:45:00Z","2016-12-14T17:50:00Z",674.36,0.59,0,0,0,0,0,0,
"2016-12-14T17:50:00Z","2016-12-14T17:55:00Z",674.39,0.59,0,0,0,0,0,0,
"2016-12-14T17:55:00Z","2016-12-14T18:00:00Z",674.52,0.59,0,0,0,0,0,0,
"2016-12-14T18:00:00Z","2016-12-14T18:05:00Z",674.38,0.59,0,0,0,0,0,0,
"2016-12-14T18:05:00Z","2016-12-14T18:10:00Z",674.49,0.59,0,0,0,0,0,0,
"2016-12-14T18:10:00Z","2016-12-14T18:15:00Z",674.42,0.59,0,0,0,0,0,0,
"2016-12-14T18:15:00Z","2016-12-14T18:20:00Z",674.43,0.59,0,0,0,0,0,0,
"2016-12-14T18:20:00Z","2016-12-14T18:25:00Z",674.43,0.59,0,0,0,0,0,0,
"2016-12-14T18:25:00Z","2016-12-14T18:30:00Z",674.41,0.59,0,0,0,0,0,0,
"2016-12-14T18:30:00Z","2016-12-14T18:35:00Z",674.41,0.59,0,0,0,0,0,0,
"2016-12-14T18:35:00Z","2016-12-14T18:40:00Z",674.52,0.59,0,0,0,0,0,0,
"2016-12-14T18:40:00Z","2016-12-14T18:45:00Z",674.45,0.59,0,0,0,0,0,0,
"2016-12-14T18:45:00Z","2016-12-14T18:50:00Z",674.47,0.59,0,0,0,0,0,0,
"2016-12-14T18:50:00Z","2016-12-14T18:55:00Z",674.46,0.59,0,0,0,0,0,0,
"2016-12-14T18:55:00Z","2016-12-14T19:00:00Z",674.45,0.59,0,0,0,0,0,0,
"2016-12-14T19:00:00Z","2016-12-14T19:05:00Z",674.43,0.59,0,0,0,0,0,0,
"2016-12-14T19:05:00Z","2016-12-14T19:10:00Z",674.38,0.59,0,0,0,0,0,0,
"2016-12-14T19:10:00Z","2016-12-14T19:15:00Z",674.48,0.59,0,0,0,0,0,0,
"2016-12-14T19:15:00Z","2016-12-14T19:20:00Z",674.41,0.59,0,0,0,0,0,0,
"2016-12-14T19:20:00Z","2016-12-14T19:25:00Z",674.40,0.59,0,0,0,0,0,0,
"2016-12-14T19:25:00Z","2016-12-14T19:30:00Z",674.34,0.59,0,0,0,0,0,0,
"2016-12-14T19:30:00Z","2016-12-14T19:35:00Z",674.41,0.59,0,0,0,0,0,0,
"2016-12-14T19:35:00Z","2016-12-14T19:40:00Z",674.35,0.59,0,0,0,0,0,0,
"2016-12-14T19:40:00Z","2016-12-14T19:45:00Z",674.37,0.59,0,0,0,0,0,0,
"2016-12-14T19:45:00Z","2016-12-14T19:50:00Z",674.49,0.59,0,0,0,0,0,0,
"2016-12-14T19:50:00Z","2016-12-14T19:55:00Z",674.41,0.59,0,0,0,0,0,0,
"2016-12-14T19:55:00Z","2016-12-14T20:00:00Z",674.42,0.59,0,0,0,0,0,0,
"2016-12-14T20:00:00Z","2016-12-14T20:05:00Z",674.44,0.59,0,0,0,0,0,0,
"2016-12-14T20:05:00Z","2016-12-14T20:10:00Z",674.34,0.59,0,0,0,0,0,0,
"2016-12-14T20:10:00Z","2016-12-14T20:15:00Z",674.37,0.59,0,0,0,0,0,0,
"2016-12-14T20:15:00Z","2016-12-14T20:20:00Z",674.33,0.59,0,0,0,0,0,0,
"2016-12-14T20:20:00Z","2016-12-14T20:25:00Z",674.36,0.59,0,0,0,0,0,0,
"2016-12-14T20:25:00Z","2016-12-14T20:30:00Z",674.36,0.59,0,0,0,0,0,0,
"2016-12-14T20:30:00Z","2016-12-14T20:35:00Z",674.40,0.59,0,0,0,0,0,0,
"2016-12-14T20:35:00Z","2016-12-14T20:40:00Z",674.29,0.59,0,0,0,0,0,0,
"2016-12-14T20:40:00Z","2016-12-14T20:45:00Z",674.26,0.59,0,0,0,0,0,0,
"2016-12-14T20:45:00Z","2016-12-14T20:50:00Z",674.26,0.59,0,0,0,0,0,0,
"2016-12-14T20:50:00Z","2016-12-14T20:55:00Z",674.21,0.59,0,0,0,0,0,0,
"2016-12-14T20:55:00Z","2016-12-14T21:00:00Z",674.30,0.59,0,0,0,0,0,0,
"2016-12-14T21:00:00Z","2016-12-14T21:05:00Z",674.28,0.59,0,0,0,0,0,0,
"2016-12-14T21:05:00Z","2016-12-14T21:10:00Z",674.23,0.59,0,0,0,0,0,0,
"2016-12-14T21:10:00Z","2016-12-14T21:15:00Z",674.27,0.59,0,0,0,0,0,0,
"2016-12-14T21:15:00Z","2016-12-14T21:20:00Z",674.18,0.59,0,0,0,0,0,0,
"2016-12-14T21:20:00Z","2016-12-14T21:25:00Z",674.24,0.59,0,0,0,0,0,0,
"2016-12-14T21:25:00Z","2016-12-14T21:30:00Z",674.25,0.59,0,0,0,0,0,0,
"2016-12-14T21:30:00Z","2016-12-14T21:35:00Z",674.22,0.59,0,0,0,0,0,0,
"2016-12-14T21:35:00Z","2016-12-14T21:40:00Z",674.29,0.59,0,0,0,0,0,0,
"2016-12-14T21:40:00Z","2016-12-14T21:45:00Z",674.23,0.59,0,0,0,0,0,0,
"2016-12-14T21:45:00Z","2016-12-14T21:50:00Z",674.17,0.59,0,0,0,0,0,0,
"2016-12-14T21:50:00Z","2016-12-14T21:55:00Z",674.24,0.59,0,0,0,0,0,0,
"2016-12-14T21:55:00Z","2016-12-14T22:00:00Z",674.24,0.59,0,0,0,0,0,0,
"2016-12-14T22:00:00Z","2016-12-14T22:05:00Z",674.17,0.59,0,0,0,0,0,0,
"2016-12-14T22:05:00Z","2016-12-14T22:10:00Z",674.26,0.59,0,0,0,0,0,0,
"2016-12-14T22:10:00Z","2016-12-14T22:15:00Z",674.11,0.59,0,0,0,0,0,0,
"2016-12-14T22:15:00Z","2016-12-14T22:20:00Z",674.27,0.59,0,0,0,0,0,0,
"2016-12-14T22:20:00Z","2016-12-14T22:25:00Z",674.31,0.59,0,0,0,0,0,0,
"2016-12-14T22:25:00Z","2016-12-14T22:30:00Z",674.23,0.59,0,0,0,0,0,0,
"2016-12-14T22:30:00Z","2016-12-14T22:35:00Z",674.12,0.59,0,0,0,0,0,0,
"2016-12-14T22:35:00Z","2016-12-14T22:40:00Z",674.14,0.59,0,0,0,0,0,0,
"2016-12-14T22:40:00Z","2016-12-14T22:45:00Z",674.20,0.59,0,0,0,0,0,0,
"2016-12-14T22:45:00Z","2016-12-14T22:50:00Z",674.23,0.59,0,0,0,0,0,0,
"2016-12-14T22:50:00Z","2016-12-14T22:55:00Z",674.12,0.59,0,0,0,0,0,0,
"2016-12-14T22:55:00Z","2016-12-14T23:00:00Z",674.21,0.59,0,0,0,0,0,0,
"2016-12-14T23:00:00Z","2016-12-14T23:05:00Z",674.22,0.59,0,0,0,0,0,0,
"2016-12-14T23:05:00Z","2016-12-14T23:10:00Z",674.16,0.59,0,0,0,0,0,0,
"2016-12-14T23:10:00Z","2016-12-14T23:15:00Z",674.11,0.59,0,0,0,0,0,0,
"2016-12-14T23:15:00Z","2016-12-14T23:20:00Z",674.16,0.59,0,0,0,0,0,0,
"2016-12-14T23:20:00Z","2016-12-14T23:25:00Z",674.09,0.59,0,0,0,0,0,0,
"2016-12-14T23:25:00Z","2016-12-14T23:30:00Z",674.07,0.59,0,0,0,0,0,0,
"2016-12-14T23:30:00Z","2016-12-14T23:35:00Z",674.09,0.59,0,0,0,0,0,0,
"2016-12-14T23:35:00Z","2016-12-14T23:40:00Z",674.12,0.59,0,0,0,0,0,0,
"2016-12-14T23:40:00Z","2016-12-14T23:45:00Z",674.12,0.59,0,0,0,0,0,0,
"2016-12-14T23:45:00Z","2016-12-14T23:50:00Z",674.18,0.59,0,0,0,0,0,0,
"2016-12-14T23:50:00Z","2016-12-14T23:55:00Z",674.12,0.59,0,0,0,0,0,0,
"2016-12-14T23:55:00Z","2016-12-15T00:00:00Z",674.11,0.59,0,0,0,0,0,0,
"2016-12-15T00:00:00Z","2016-12-15T00:05:00Z",674.04,0.59,0,0,0,0,0,0,
"2016-12-15T00:05:00Z","2016-12-15T00:10:00Z",673.99,0.59,0,0,0,0,0,0,
"2016-12-15T00:10:00Z","2016-12-15T00:15:00Z",674.04,0.59,0,0,0,0,0,0,
"2016-12-15T00:15:00Z","2016-12-15T00:20:00Z",674.02,0.59,0,0,0,0,0,0,
"2016-12-15T00:20:00Z","2016-12-15T00:25:00Z",674.05,0.59,0,0,0,0,0,0,
"2016-12-15T00:25:00Z","2016-12-15T00:30:00Z",674.05,0.59,0,0,0,0,0,0,
"2016-12-15T00:30:00Z","2016-12-15T00:35:00Z",674.06,0.59,0,0,0,0,0,0,
"2016-12-15T00:35:00Z","2016-12-15T00:40:00Z",674.04,0.59,0,0,0,0,0,0,
"2016-12-15T00:40:00Z","2016-12-15T00:45:00Z",674.04,0.59,0,0,0,0,0,0,
"2016-12-15T00:45:00Z","2016-12-15T00:50:00Z",674.01,0.59,0,0,0,0,0,0,
"2016-12-15T00:50:00Z","2016-12-15T00:55:00Z",674.05,0.59,0,0,0,0,0,0,
"2016-12-15T00:55:00Z","2016-12-15T01:00:00Z",674.14,0.59,0,0,0,0,0,0,
"2016-12-15T01:00:00Z","2016-12-15T01:05:00Z",674.07,0.59,0,0,0,0,0,0,
"2016-12-15T01:05:00Z","2016-12-15T01:10:00Z",673.99,0.59,0,0,0,0,0,0,
"2016-12-15T01:10:00Z","2016-12-15T01:15:00Z",674.11,0.59,0,0,0,0,0,0,
"2016-12-15T01:15:00Z","2016-12-15T01:20:00Z",674.08,0.59,0,0,0,0,0,0,
"2016-12-15T01:20:00Z","2016-12-15T01:25:00Z",674.05,0.59,0,0,0,0,0,0,
"2016-12-15T01:25:00Z","2016-12-15T01:30:00Z",673.98,0.59,0,0,0,0,0,0,
"2016-12-15T01:30:00Z","2016-12-15T01:35:00Z",674.05,0.59,0,0,0,0,0,0,
"2016-12-15T01:35:00Z","2016-12-15T01:40:00Z",674.08,0.59,0,0,0,0,0,0,
"2016-12-15T01:40:00Z","2016-12-15T01:45:00Z",673.99,0.59,0,0,0,0,0,0,
"2016-12-15T01:45:00Z","2016-12-15T01:50:00Z",674.03,0.59,0,0,0,0,0,0,
"2016-12-15T01:50:00Z","2016-12-15T01:55:00Z",674.10,0.59,0,0,0,0,0,0,
"2016-12-15T01:55:00Z","2016-12-15T02:00:00Z",673.93,0.59,0,0,0,0,0,0,
"2016-12-15T02:00:00Z","2016-12-15T02:05:00Z",674.14,0.59,0,0,0,0,0,0,
"2016-12-15T02:05:00Z","2016-12-15T02:10:00Z",674.07,0.59,0,0,0,0,0,0,
"2016-12-15T02:10:00Z","2016-12-15T02:15:00Z",674.04,0.59,0,0,0,0,0,0,
"2016-12-15T02:15:00Z","2016-12-15T02:20:00Z",673.96,0.59,0,0,0,0,0,0,
"2016-12-15T02:20:00Z","2016-12-15T02:25:00Z",674.07,0.59,0,0,0,0,0,0,
"2016-12-15T02:25:00Z","2016-12-15T02:30:00Z",674.02,0.59,0,0,0,0,0,0,
"2016-12-15T02:30:00Z","2016-12-15T02:35:00Z",674.09,0.59,0,0,0,0,0,0,
"2016-12-15T02:35:00Z","2016-12-15T02:40:00Z",674.04,0.59,0,0,0,0,0,0,
"2016-12-15T02:40:00Z","2016-12-15T02:45:00Z",674.09,0.59,0,0,0,0,0,0,
"2016-12-15T02:45:00Z","2016-12-15T02:50:00Z",674.08,0.59,0,0,0,0,0,0,
"2016-12-15T02:50:00Z","2016-12-15T02:55:00Z",674.06,0.59,0,0,0,0,0,0,
"2016-12-15T02:55:00Z","2016-12-15T03:00:00Z",674.03,0.59,0,0,0,0,0,0,
"2016-12-15T03:00:00Z","2016-12-15T03:05:00Z",674.04,0.59,0,0,0,0,0,0,
"2016-12-15T03:05:00Z","2016-12-15T03:10:00Z",674.09,0.59,0,0,0,0,0,0,
"2016-12-15T03:10:00Z","2016-12-15T03:15:00Z",673.99,0.59,0,0,0,0,0,0,
"2016-12-15T03:15:00Z","2016-12-15T03:20:00Z",674.11,0.59,0,0,0,0,0,0,
"2016-12-15T03:20:00Z","2016-12-15T03:25:00Z",674.05,0.59,0,0,0,0,0,0,
"2016-12-15T03:25:00Z","2016-12-15T03:30:00Z",674.11,0.59,0,0,0,0,0,0,
"2016-12-15T03:30:00Z","2016-12-15T03:35:00Z",674.05,0.59,0,0,0,0,0,0,
"2016-12-15T03:35:00Z","2016-12-15T03:40:00Z",673.94,0.59,0,0,0,0,0,0,
"2016-12-15T03:40:00Z","2016-12-15T03:45:00Z",674.04,0.59,0,0,0,0,0,0,
"2016-12-15T03:45:00Z","2016-12-15T03:50:00Z",674.02,0.59,0,0,0,0,0,0,
"2016-12-15T03:50:00Z","2016-12-15T03:55:00Z",673.95,0.59,0,0,0,0,0,0,
"2016-12-15T03:55:00Z","2016-12-15T04:00:00Z",674.03,0.59,0,0,0,0,0,0,
"2016-12-15T04:00:00Z","2016-12-15T04:05:00Z",674.04,0.59,0,0,0,0,0,0,
"2016-12-15T04:05:00Z","2016-12-15T04:10:00Z",674.01,0.59,0,0,0,0,0,0,
"2016-12-15T04:10:00Z","2016-12-15T04:15:00Z",673.99,0.59,0,0,0,0,0,0,
"2016-12-15T04:15:00Z","2016-12-15T04:20:00Z",674.00,0.59,0,0,0,0,0,0,
"2016-12-15T04:20:00Z","2016-12-15T04:25:00Z",674.04,0.59,0,0,0,0,0,0,
"2016-12-15T04:25:00Z","2016-12-15T04:30:00Z",673.98,0.59,0,0,0,0,0,0,
"2016-12-15T04:30:00Z","2016-12-15T04:35:00Z",674.02,0.59,0,0,0,0,0,0,
"2016-12-15T04:35:00Z","2016-12-15T04:40:00Z",673.94,0.59,0,0,0,0,0,0,
"2016-12-15T04:40:00Z","2016-12-15T04:45:00Z",673.95,0.59,0,0,0,0,0,0,
"2016-12-15T04:45:00Z","2016-12-15T04:50:00Z",673.95,0.59,0,0,0,0,0,0,
"2016-12-15T04:50:00Z","2016-12-15T04:55:00Z",673.94,0.59,0,0,0,0,0,0,
"2016-12-15T04:55:00Z","2016-12-15T05:00:00Z",674.03,0.59,0,0,0,0,0,0,
"2016-12-15T05:00:00Z","2016-12-15T05:05:00Z",674.07,0.59,0,0,0,0,0,0,
"2016-12-15T05:05:00Z","2016-12-15T05:10:00Z",674.06,0.59,0,0,0,0,0,0,
"2016-12-15T05:10:00Z","2016-12-15T05:15:00Z",674.05,0.59,0,0,0,0,0,0,
"2016-12-15T05:15:00Z","2016-12-15T05:20:00Z",673.95,0.59,0,0,0,0,0,0,
"2016-12-15T05:20:00Z","2016-12-15T05:25:00Z",673.96,0.59,0,0,0,0,0,0,
"2016-12-15T05:25:00Z","2016-12-15T05:30:00Z",673.99,0.59,0,0,0,0,0,0,
"2016-12-15T05:30:00Z","2016-12-15T05:35:00Z",673.92,0.59,0,0,0,0,0,0,
"2016-12-15T05:35:00Z","2016-12-15T05:40:00Z",673.92,0.59,0,0,0,0,0,0,
"2016-12-15T05:40:00Z","2016-12-15T05:45:00Z",673.90,0.59,0,0,0,0,0,0,
"2016-12-15T05:45:00Z","2016-12-15T05:50:00Z",674.02,0.59,0,0,0,0,0,0,
"2016-12-15T05:50:00Z","2016-12-15T05:55:00Z",674.04,0.59,0,0,0,0,0,0,
"2016-12-15T05:55:00Z","2016-12-15T06:00:00Z",674.00,0.59,0,0,0,0,0,0,
"2016-12-15T06:00:00Z","2016-12-15T06:05:00Z",673.97,0.59,0,0,0,0,0,0,
"2016-12-15T06:05:00Z","2016-12-15T06:10:00Z",673.94,0.59,0,0,0,0,0,0,
"2016-12-15T06:10:00Z","2016-12-15T06:15:00Z",674.07,0.59,0,0,0,0,0,0,
"2016-12-15T06:15:00Z","2016-12-15T06:20:00Z",673.98,0.59,0,0,0,0,0,0,
"2016-12-15T06:20:00Z","2016-12-15T06:25:00Z",674.03,0.59,0,0,0,0,0,0,
"2016-12-15T06:25:00Z","2016-12-15T06:30:00Z",674.01,0.59,0,0,0,0,0,0,
"2016-12-15T06:30:00Z","2016-12-15T06:35:00Z",674.01,0.59,0,0,0,0,0,0,
"2016-12-15T06:35:00Z","2016-12-15T06:40:00Z",674.04,0.59,0,0,0,0,0,0,
"2016-12-15T06:40:00Z","2016-12-15T06:45:00Z",673.92,0.59,0,0,0,0,0,0,
"2016-12-15T06:45:00Z","2016-12-15T06:50:00Z",673.93,0.59,0,0,0,0,0,0,
"2016-12-15T06:50:00Z","2016-12-15T06:55:00Z",673.96,0.59,0,0,0,0,0,0,
"2016-12-15T06:55:00Z","2016-12-15T07:00:00Z",673.97,0.59,0,0,0,0,0,0,
"2016-12-15T07:00:00Z","2016-12-15T07:05:00Z",674.02,0.59,0,0,0,0,0,0,
"2016-12-15T07:05:00Z","2016-12-15T07:10:00Z",673.99,0.59,0,0,0,0,0,0,
"2016-12-15T07:10:00Z","2016-12-15T07:15:00Z",673.97,0.59,0,0,0,0,0,0,
"2016-12-15T07:15:00Z","2016-12-15T07:20:00Z",673.96,0.59,0,0,0,0,0,0,
"2016-12-15T07:20:00Z","2016-12-15T07:25:00Z",673.94,0.59,0,0,0,0,0,0,
"2016-12-15T07:25:00Z","2016-12-15T07:30:00Z",673.95,0.59,0,0,0,0,0,0,
"2016-12-15T07:30:00Z","2016-12-15T07:35:00Z",673.98,0.59,0,0,0,0,0,0,
"2016-12-15T07:35:00Z","2016-12-15T07:40:00Z",673.91,0.59,0,0,0,0,0,0,
"2016-12-15T07:40:00Z","2016-12-15T07:45:00Z",674.01,0.59,0,0,0,0,0,0,
"2016-12-15T07:45:00Z","2016-12-15T07:50:00Z",673.92,0.59,0,0,0,0,0,0,
"2016-12-15T07:50:00Z","2016-12-15T07:55:00Z",673.88,0.59,0,0,0,0,0,0,
"2016-12-15T07:55:00Z","2016-12-15T08:00:00Z",673.94,0.59,0,0,0,0,0,0,
"2016-12-15T08:00:00Z","2016-12-15T08:05:00Z",673.97,0.59,0,0,0,0,0,0,
"2016-12-15T08:05:00Z","2016-12-15T08:10:00Z",673.93,0.59,0,0,0,0,0,0,
"2016-12-15T08:10:00Z","2016-12-15T08:15:00Z",673.99,0.59,0,0,0,0,0,0,
"2016-12-15T08:15:00Z","2016-12-15T08:20:00Z",673.91,0.59,0,0,0,0,0,0,
"2016-12-15T08:20:00Z","2016-12-15T08:25:00Z",674.05,0.59,0,0,0,0,0,0,
"2016-12-15T08:25:00Z","2016-12-15T08:30:00Z",673.97,0.59,0,0,0,0,0,0,
"2016-12-15T08:30:00Z","2016-12-15T08:35:00Z",673.92,0.59,0,0,0,0,0,0,
"2016-12-15T08:35:00Z","2016-12-15T08:40:00Z",673.89,0.59,0,0,0,0,0,0,
"2016-12-15T08:40:00Z","2016-12-15T08:45:00Z",673.95,0.59,0,0,0,0,0,0,
"2016-12-15T08:45:00Z","2016-12-15T08:50:00Z",674.00,0.59,0,0,0,0,0,0,
"2016-12-15T08:50:00Z","2016-12-15T08:55:00Z",673.99,0.59,0,0,0,0,0,0,
"2016-12-15T08:55:00Z","2016-12-15T09:00:00Z",673.93,0.59,0,0,0,0,0,0,
"2016-12-15T09:00:00Z","2016-12-15T09:05:00Z",673.93,0.59,0,0,0,0,0,0,
"2016-12-15T09:05:00Z","2016-12-15T09:10:00Z",673.95,0.59,0,0,0,0,0,0,
"2016-12-15T09:10:00Z","2016-12-15T09:15:00Z",673.89,0.59,0,0,0,0,0,0,
"2016-12-15T09:15:00Z","2016-12-15T09:20:00Z",673.98,0.59,0,0,0,0,0,0,
"2016-12-15T09:20:00Z","2016-12-15T09:25:00Z",673.98,0.59,0,0,0,0,0,0,
"2016-12-15T09:25:00Z","2016-12-15T09:30:00Z",673.93,0.59,0,0,0,0,0,0,
"2016-12-15T09:30:00Z","2016-12-15T09:35:00Z",673.90,0.59,0,0,0,0,0,0,
"2016-12-15T09:35:00Z","2016-12-15T09:40:00Z",673.87,0.59,0,0,0,0,0,0,
"2016-12-15T09:40:00Z","2016-12-15T09:45:00Z",673.93,0.59,0,0,0,0,0,0,
"2016-12-15T09:45:00Z","2016-12-15T09:50:00Z",673.94,0.59,0,0,0,0,0,0,
"2016-12-15T09:50:00Z","2016-12-15T09:55:00Z",673.90,0.59,0,0,0,0,0,0,
"2016-12-15T09:55:00Z","2016-12-15T10:00:00Z",674.06,0.59,0,0,0,0,0,0,
"2016-12-15T10:00:00Z","2016-12-15T10:05:00Z",673.99,0.59,0,0,0,0,0,0,
"2016-12-15T10:05:00Z","2016-12-15T10:10:00Z",673.98,0.59,0,0,0,0,0,0,
"2016-12-15T10:10:00Z","2016-12-15T10:15:00Z",673.97,0.59,0,0,0,0,0,0,
"2016-12-15T10:15:00Z","2016-12-15T10:20:00Z",673.99,0.59,0,0,0,0,0,0,
"2016-12-15T10:20:00Z","2016-12-15T10:25:00Z",673.93,0.59,0,0,0,0,0,0,
"2016-12-15T10:25:00Z","2016-12-15T10:30:00Z",673.92,0.59,0,0,0,0,0,0,
"2016-12-15T10:30:00Z","2016-12-15T10:35:00Z",673.96,0.59,0,0,0,0,0,0,
"2016-12-15T10:35:00Z","2016-12-15T10:40:00Z",673.88,0.59,0,0,0,0,0,0,
"2016-12-15T10:40:00Z","2016-12-15T10:45:00Z",673.91,0.59,0,0,0,0,0,0,
"2016-12-15T10:45:00Z","2016-12-15T10:50:00Z",673.90,0.59,0,0,0,0,0,0,
"2016-12-15T10:50:00Z","2016-12-15T10:55:00Z",673.92,0.59,0,0,0,0,0,0,
"2016-12-15T10:55:00Z","2016-12-15T11:00:00Z",673.91,0.59,0,0,0,0,0,0,
"2016-12-15T11:00:00Z","2016-12-15T11:05:00Z",673.88,0.59,0,0,0,0,0,0,
"2016-12-15T11:05:00Z","2016-12-15T11:10:00Z",673.87,0.59,0,0,0,0,0,0,
"2016-12-15T11:10:00Z","2016-12-15T11:15:00Z",673.89,0.59,0,0,0,0,0,0,
"2016-12-15T11:15:00Z","2016-12-15T11:20:00Z",673.84,0.59,0,0,0,0,0,0,
"2016-12-15T11:20:00Z","2016-12-15T11:25:00Z",673.90,0.59,0,0,0,0,0,0,
"2016-12-15T11:25:00Z","2016-12-15T11:30:00Z",673.91,0.59,0,0,0,0,0,0,
"2016-12-15T11:30:00Z","2016-12-15T11:35:00Z",673.94,0.59,0,0,0,0,0,0,
"2016-12-15T11:35:00Z","2016-12-15T11:40:00Z",673.92,0.59,0,0,0,0,0,0,
"2016-12-15T11:40:00Z","2016-12-15T11:45:00Z",673.89,0.59,0,0,0,0,0,0,
"2016-12-15T11:45:00Z","2016-12-15T11:50:00Z",673.89,0.59,0,0,0,0,0,0,
"2016-12-15T11:50:00Z","2016-12-15T11:55:00Z",673.93,0.59,0,0,0,0,0,0,
"2016-12-15T11:55:00Z","2016-12-15T12:00:00Z",673.91,0.59,0,0,0,0,0,0,
"2016-12-15T12:00:00Z","2016-12-15T12:05:00Z",673.94,0.59,0,0,0,0,0,0,
"2016-12-15T12:05:00Z","2016-12-15T12:10:00Z",673.96,0.59,0,0,0,0,0,0,
"2016-12-15T12:10:00Z","2016-12-15T12:15:00Z",673.89,0.59,0,0,0,0,0,0,
"2016-12-15T12:15:00Z","2016-12-15T12:20:00Z",673.98,0.59,0,0,0,0,0,0,
"2016-12-15T12:20:00Z","2016-12-15T12:25:00Z",673.88,0.59,0,0,0,0,0,0,
"2016-12-15T12:25:00Z","2016-12-15T12:30:00Z",673.93,0.59,0,0,0,0,0,0,
"2016-12-15T12:30:00Z","2016-12-15T12:35:00Z",673.85,0.59,0,0,0,0,0,0,
"2016-12-15T12:35:00Z","2016-12-15T12:40:00Z",673.91,0.59,0,0,0,0,0,0,
"2016-12-15T12:40:00Z","2016-12-15T12:45:00Z",673.90,0.59,0,0,0,0,0,0,
"2016-12-15T12:45:00Z","2016-12-15T12:50:00Z",673.87,0.59,0,0,0,0,0,0,
"2016-12-15T12:50:00Z","2016-12-15T12:55:00Z",673.92,0.59,0,0,0,0,0,0,
"2016-12-15T12:55:00Z","2016-12-15T13:00:00Z",673.87,0.59,0,0,0,0,0,0,
"2016-12-15T13:00:00Z","2016-12-15T13:05:00Z",673.80,0.59,0,0,0,0,0,0,
"2016-12-15T13:05:00Z","2016-12-15T13:10:00Z",673.89,0.59,0,0,0,0,0,0,
"2016-12-15T13:10:00Z","2016-12-15T13:15:00Z",673.76,0.59,0,0,0,0,0,0,
"2016-12-15T13:15:00Z","2016-12-15T13:20:00Z",673.89,0.59,0,0,0,0,0,0,
"2016-12-15T13:20:00Z","2016-12-15T13:25:00Z",673.79,0.59,0,0,0,0,0,0,
"2016-12-15T13:25:00Z","2016-12-15T13:30:00Z",673.85,0.59,0,0,0,0,0,0,
"2016-12-15T13:30:00Z","2016-12-15T13:35:00Z",673.80,0.59,0,0,0,0,0,0,
"2016-12-15T13:35:00Z","2016-12-15T13:40:00Z",673.72,0.59,0,0,0,0,0,0,
"2016-12-15T13:40:00Z","2016-12-15T13:45:00Z",673.87,0.59,0,0,0,0,0,0,
"2016-12-15T13:45:00Z","2016-12-15T13:50:00Z",673.83,0.59,0,0,0,0,0,0,
"2016-12-15T13:50:00Z","2016-12-15T13:55:00Z",673.74,0.59,0,0,0,0,0,0,
"2016-12-15T13:55:00Z","2016-12-15T14:00:00Z",673.84,0.59,0,0,0,0,0,0,
"2016-12-15T14:00:00Z","2016-12-15T14:05:00Z",673.70,0.59,0,0,0,0,0,0,
"2016-12-15T14:05:00Z","2016-12-15T14:10:00Z",673.80,0.59,0,0,0,0,0,0,
"2016-12-15T14:10:00Z","2016-12-15T14:15:00Z",673.65,0.59,0,0,0,0,0,0,
"2016-12-15T14:15:00Z","2016-12-15T14:20:00Z",673.82,0.59,0,0,0,0,0,0,
"2016-12-15T14:20:00Z","2016-12-15T14:25:00Z",673.66,0.59,0,0,0,0,0,0,
"2016-12-15T14:25:00Z","2016-12-15T14:30:00Z",673.81,0.59,0,0,0,0,0,0,
"2016-12-15T14:30:00Z","2016-12-15T14:35:00Z",673.75,0.59,0,0,0,0,0,0,
"2016-12-15T14:35:00Z","2016-12-15T14:40:00Z",673.74,0.59,0,0,0,0,0,0,
"2016-12-15T14:40:00Z","2016-12-15T14:45:00Z",673.59,0.59,0,0,0,0,0,0,
"2016-12-15T14:45:00Z","2016-12-15T14:50:00Z",673.61,0.59,0,0,0,0,0,0,
"2016-12-15T14:50:00Z","2016-12-15T14:55:00Z",673.71,0.59,0,0,0,0,0,0,
"2016-12-15T14:55:00Z","2016-12-15T15:00:00Z",673.67,0.59,0,0,0,0,0,0,
"2016-12-15T15:00:00Z","2016-12-15T15:05:00Z",673.68,0.59,0,0,0,0,0,0,
"2016-12-15T15:05:00Z","2016-12-15T15:10:00Z",673.66,0.59,0,0,0,0,0,0,
"2016-12-15T15:10:00Z","2016-12-15T15:15:00Z",673.75,0.59,0,0,0,0,0,0,
"2016-12-15T15:15:00Z","2016-12-15T15:20:00Z",673.70,0.59,0,0,0,0,0,0,
"2016-12-15T15:20:00Z","2016-12-15T15:25:00Z",673.66,0.59,0,0,0,0,0,0,
"2016-12-15T15:25:00Z","2016-12-15T15:30:00Z",673.53,0.59,0,0,0,0,0,0,
"2016-12-15T15:30:00Z","2016-12-15T15:35:00Z",673.60,0.59,0,0,0,0,0,0,
"2016-12-15T15:35:00Z","2016-12-15T15:40:00Z",673.67,0.59,0,0,0,0,0,0,
"2016-12-15T15:40:00Z","2016-12-15T15:45:00Z",673.65,0.59,0,0,0,0,0,0,
"2016-12-15T15:45:00Z","2016-12-15T15:50:00Z",673.62,0.59,0,0,0,0,0,0,
"2016-12-15T15:50:00Z","2016-12-15T15:55:00Z",673.60,0.59,0,0,0,0,0,0,
"2016-12-15T15:55:00Z","2016-12-15T16:00:00Z",673.64,0.59,0,0,0,0,0,0,
"2016-12-15T16:00:00Z","2016-12-15T16:05:00Z",673.68,0.59,0,0,0,0,0,0,
"2016-12-15T16:05:00Z","2016-12-15T16:10:00Z",673.63,0.59,0,0,0,0,0,0,
"2016-12-15T16:10:00Z","2016-12-15T16:15:00Z",673.56,0.59,0,0,0,0,0,0,
"2016-12-15T16:15:00Z","2016-12-15T16:20:00Z",673.61,0.59,0,0,0,0,0,0,
"2016-12-15T16:20:00Z","2016-12-15T16:25:00Z",673.61,0.59,0,0,0,0,0,0,
"2016-12-15T16:25:00Z","2016-12-15T16:30:00Z",673.60,0.59,0,0,0,0,0,0,
"2016-12-15T16:30:00Z","2016-12-15T16:35:00Z",673.60,0.59,0,0,0,0,0,0,
"2016-12-15T16:35:00Z","2016-12-15T16:40:00Z",673.65,0.59,0,0,0,0,0,0,
"2016-12-15T16:40:00Z","2016-12-15T16:45:00Z",673.64,0.59,0,0,0,0,0,0,
"2016-12-15T16:45:00Z","2016-12-15T16:50:00Z",673.62,0.59,0,0,0,0,0,0,
"2016-12-15T16:50:00Z","2016-12-15T16:55:00Z",673.57,0.59,0,0,0,0,0,0,
"2016-12-15T16:55:00Z","2016-12-15T17:00:00Z",673.63,0.59,0,0,0,0,0,0,
"2016-12-15T17:00:00Z","2016-12-15T17:05:00Z",673.63,0.59,0,0,0,0,0,0,
"2016-12-15T17:05:00Z","2016-12-15T17:10:00Z",673.61,0.59,0,0,0,0,0,0,
"2016-12-15T17:10:00Z","2016-12-15T17:15:00Z",673.69,0.59,0,0,0,0,0,0,
"2016-12-15T17:15:00Z","2016-12-15T17:20:00Z",673.73,0.59,0,0,0,0,0,0,
"2016-12-15T17:20:00Z","2016-12-15T17:25:00Z",673.69,0.59,0,0,0,0,0,0,
"2016-12-15T17:25:00Z","2016-12-15T17:30:00Z",673.68,0.59,0,0,0,0,0,0,
"2016-12-15T17:30:00Z","2016-12-15T17:35:00Z",673.59,0.59,0,0,0,0,0,0,
"2016-12-15T17:35:00Z","2016-12-15T17:40:00Z",673.60,0.59,0,0,0,0,0,0,
"2016-12-15T17:40:00Z","2016-12-15T17:45:00Z",673.65,0.59,0,0,0,0,0,0,
"2016-12-15T17:45:00Z","2016-12-15T17:50:00Z",673.57,0.59,0,0,0,0,0,0,
"2016-12-15T17:50:00Z","2016-12-15T17:55:00Z",673.66,0.59,0,0,0,0,0,0,
"2016-12-15T17:55:00Z","2016-12-15T18:00:00Z",673.69,0.59,0,0,0,0,0,0,
"2016-12-15T18:00:00Z","2016-12-15T18:05:00Z",673.66,0.59,0,0,0,0,0,0,
"2016-12-15T18:05:00Z","2016-12-15T18:10:00Z",673.74,0.59,0,0,0,0,0,0,
"2016-12-15T18:10:00Z","2016-12-15T18:15:00Z",673.62,0.59,0,0,0,0,0,0,
"2016-12-15T18:15:00Z","2016-12-15T18:20:00Z",673.66,0.59,0,0,0,0,0,0,
"2016-12-15T18:20:00Z","2016-12-15T18:25:00Z",673.68,0.59,0,0,0,0,0,0,
"2016-12-15T18:25:00Z","2016-12-15T18:30:00Z",673.66,0.59,0,0,0,0,0,0,
"2016-12-15T18:30:00Z","2016-12-15T18:35:00Z",673.68,0.59,0,0,0,0,0,0,
"2016-12-15T18:35:00Z","2016-12-15T18:40:00Z",673.59,0.59,0,0,0,0,0,0,
"2016-12-15T18:40:00Z","2016-12-15T18:45:00Z",673.71,0.59,0,0,0,0,0,0,
"2016-12-15T18:45:00Z","2016-12-15T18:50:00Z",673.79,0.59,0,0,0,0,0,0,
"2016-12-15T18:50:00Z","2016-12-15T18:55:00Z",673.63,0.59,0,0,0,0,0,0,
"2016-12-15T18:55:00Z","2016-12-15T19:00:00Z",673.82,0.59,0,0,0,0,0,0,
"2016-12-15T19:00:00Z","2016-12-15T19:05:00Z",673.72,0.59,0,0,0,0,0,0,
"2016-12-15T19:05:00Z","2016-12-15T19:10:00Z",673.68,0.59,0,0,0,0,0,0,
"2016-12-15T19:10:00Z","2016-12-15T19:15:00Z",673.70,0.59,0,0,0,0,0,0,
"2016-12-15T19:15:00Z","2016-12-15T19:20:00Z",673.61,0.59,0,0,0,0,0,0,
"2016-12-15T19:20:00Z","2016-12-15T19:25:00Z",673.62,0.59,0,0,0,0,0,0,
"2016-12-15T19:25:00Z","2016-12-15T19:30:00Z",673.64,0.59,0,0,0,0,0,0,
"2016-12-15T19:30:00Z","2016-12-15T19:35:00Z",673.71,0.59,0,0,0,0,0,0,
"2016-12-15T19:35:00Z","2016-12-15T19:40:00Z",673.61,0.59,0,0,0,0,0,0,
"2016-12-15T19:40:00Z","2016-12-15T19:45:00Z",673.61,0.59,0,0,0,0,0,0,
"2016-12-15T19:45:00Z","2016-12-15T19:50:00Z",673.62,0.59,0,0,0,0,0,0,
"2016-12-15T19:50:00Z","2016-12-15T19:55:00Z",673.67,0.59,0,0,0,0,0,0,
"2016-12-15T19:55:00Z","2016-12-15T20:00:00Z",673.62,0.59,0,0,0,0,0,0,
"2016-12-15T20:00:00Z","2016-12-15T20:05:00Z",673.64,0.59,0,0,0,0,0,0,
"2016-12-15T20:05:00Z","2016-12-15T20:10:00Z",673.57,0.59,0,0,0,0,0,0,
"2016-12-15T20:10:00Z","2016-12-15T20:15:00Z",673.64,0.59,0,0,0,0,0,0,
"2016-12-15T20:15:00Z","2016-12-15T20:20:00Z",673.63,0.59,0,0,0,0,0,0,
"2016-12-15T20:20:00Z","2016-12-15T20:25:00Z",673.63,0.59,0,0,0,0,0,0,
"2016-12-15T20:25:00Z","2016-12-15T20:30:00Z",673.66,0.59,0,0,0,0,0,0,
"2016-12-15T20:30:00Z","2016-12-15T20:35:00Z",673.53,0.59,0,0,0,0,0,0,
"2016-12-15T20:35:00Z","2016-12-15T20:40:00Z",673.72,0.59,0,0,0,0,0,0,
"2016-12-15T20:40:00Z","2016-12-15T20:45:00Z",673.77,0.59,0,0,0,0,0,0,
"2016-12-15T20:45:00Z","2016-12-15T20:50:00Z",673.64,0.59,0,0,0,0,0,0,
"2016-12-15T20:50:00Z","2016-12-15T20:55:00Z",673.56,0.59,0,0,0,0,0,0,
"2016-12-15T20:55:00Z","2016-12-15T21:00:00Z",673.65,0.59,0,0,0,0,0,0,
"2016-12-15T21:00:00Z","2016-12-15T21:05:00Z",673.62,0.59,0,0,0,0,0,0,
"2016-12-15T21:05:00Z","2016-12-15T21:10:00Z",673.64,0.59,0,0,0,0,0,0,
"2016-12-15T21:10:00Z","2016-12-15T21:15:00Z",673.65,0.59,0,0,0,0,0,0,
"2016-12-15T21:15:00Z","2016-12-15T21:20:00Z",673.58,0.59,0,0,0,0,0,0,
"2016-12-15T21:20:00Z","2016-12-15T21:25:00Z",673.67,0.59,0,0,0,0,0,0,
"2016-12-15T21:25:00Z","2016-12-15T21:30:00Z",673.66,0.59,0,0,0,0,0,0,
"2016-12-15T21:30:00Z","2016-12-15T21:35:00Z",673.59,0.59,0,0,0,0,0,0,
"2016-12-15T21:35:00Z","2016-12-15T21:40:00Z",673.65,0.59,0,0,0,0,0,0,
"2016-12-15T21:40:00Z","2016-12-15T21:45:00Z",673.57,0.59,0,0,0,0,0,0,
"2016-12-15T21:45:00Z","2016-12-15T21:50:00Z",673.65,0.59,0,0,0,0,0,0,
"2016-12-15T21:50:00Z","2016-12-15T21:55:00Z",673.52,0.59,0,0,0,0,0,0,
"2016-12-15T21:55:00Z","2016-12-15T22:00:00Z",673.57,0.59,0,0,0,0,0,0,
"2016-12-15T22:00:00Z","2016-12-15T22:05:00Z",673.61,0.59,0,0,0,0,0,0,
"2016-12-15T22:05:00Z","2016-12-15T22:10:00Z",673.48,0.59,0,0,0,0,0,0,
"2016-12-15T22:10:00Z","2016-12-15T22:15:00Z",673.53,0.59,0,0,0,0,0,0,
"2016-12-15T22:15:00Z","2016-12-15T22:20:00Z",673.65,0.59,0,0,0,0,0,0,
"2016-12-15T22:20:00Z","2016-12-15T22:25:00Z",673.65,0.59,0,0,0,0,0,0,
"2016-12-15T22:25:00Z","2016-12-15T22:30:00Z",673.56,0.59,0,0,0,0,0,0,
"2016-12-15T22:30:00Z","2016-12-15T22:35:00Z",673.61,0.59,0,0,0,0,0,0,
"2016-12-15T22:35:00Z","2016-12-15T22:40:00Z",673.54,0.59,0,0,0,0,0,0,
"2016-12-15T22:40:00Z","2016-12-15T22:45:00Z",673.49,0.59,0,0,0,0,0,0,
"2016-12-15T22:45:00Z","2016-12-15T22:50:00Z",673.60,0.59,0,0,0,0,0,0,
"2016-12-15T22:50:00Z","2016-12-15T22:55:00Z",673.48,0.59,0,0,0,0,0,0,
"2016-12-15T22:55:00Z","2016-12-15T23:00:00Z",673.54,0.59,0,0,0,0,0,0,
"2016-12-15T23:00:00Z","2016-12-15T23:05:00Z",673.49,0.59,0,0,0,0,0,0,
"2016-12-15T23:05:00Z","2016-12-15T23:10:00Z",673.42,0.59,0,0,0,0,0,0,
"2016-12-15T23:10:00Z","2016-12-15T23:15:00Z",673.52,0.59,0,0,0,0,0,0,
"2016-12-15T23:15:00Z","2016-12-15T23:20:00Z",673.57,0.59,0,0,0,0,0,0,
"2016-12-15T23:20:00Z","2016-12-15T23:25:00Z",673.46,0.59,0,0,0,0,0,0,
"2016-12-15T23:25:00Z","2016-12-15T23:30:00Z",673.50,0.59,0,0,0,0,0,0,
"2016-12-15T23:30:00Z","2016-12-15T23:35:00Z",673.59,0.59,0,0,0,0,0,0,
"2016-12-15T23:35:00Z","2016-12-15T23:40:00Z",673.53,0.59,0,0,0,0,0,0,
"2016-12-15T23:40:00Z","2016-12-15T23:45:00Z",673.51,0.59,0,0,0,0,0,0,
"2016-12-15T23:45:00Z","2016-12-15T23:50:00Z",673.48,0.59,0,0,0,0,0,0,
"2016-12-15T23:50:00Z","2016-12-15T23:55:00Z",673.43,0.59,0,0,0,0,0,0,
"2016-12-15T23:55:00Z","2016-12-16T00:00:00Z",673.48,0.59,0,0,0,0,0,0,
"2016-12-16T00:00:00Z","2016-12-16T00:05:00Z",673.48,0.59,0,0,0,0,0,0,
"2016-12-16T00:05:00Z","2016-12-16T00:10:00Z",673.51,0.59,0,0,0,0,0,0,
"2016-12-16T00:10:00Z","2016-12-16T00:15:00Z",673.50,0.59,0,0,0,0,0,0,
"2016-12-16T00:15:00Z","2016-12-16T00:20:00Z",673.51,0.59,0,0,0,0,0,0,
"2016-12-16T00:20:00Z","2016-12-16T00:25:00Z",673.50,0.59,0,0,0,0,0,0,
"2016-12-16T00:25:00Z","2016-12-16T00:30:00Z",673.54,0.59,0,0,0,0,0,0,
"2016-12-16T00:30:00Z","2016-12-16T00:35:00Z",673.43,0.59,0,0,0,0,0,0,
"2016-12-16T00:35:00Z","2016-12-16T00:40:00Z",673.44,0.59,0,0,0,0,0,0,
"2016-12-16T00:40:00Z","2016-12-16T00:45:00Z",673.39,0.59,0,0,0,0,0,0,
"2016-12-16T00:45:00Z","2016-12-16T00:50:00Z",673.47,0.59,0,0,0,0,0,0,
"2016-12-16T00:50:00Z","2016-12-16T00:55:00Z",673.46,0.59,0,0,0,0,0,0,
"2016-12-16T00:55:00Z","2016-12-16T01:00:00Z",673.45,0.59,0,0,0,0,0,0,
"2016-12-16T01:00:00Z","2016-12-16T01:05:00Z",673.54,0.59,0,0,0,0,0,0,
"2016-12-16T01:05:00Z","2016-12-16T01:10:00Z",673.48,0.59,0,0,0,0,0,0,
"2016-12-16T01:10:00Z","2016-12-16T01:15:00Z",673.52,0.59,0,0,0,0,0,0,
"2016-12-16T01:15:00Z","2016-12-16T01:20:00Z",673.42,0.59,0,0,0,0,0,0,
"2016-12-16T01:20:00Z","2016-12-16T01:25:00Z",673.62,0.59,0,0,0,0,0,0,
"2016-12-16T01:25:00Z","2016-12-16T01:30:00Z",673.49,0.59,0,0,0,0,0,0,
"2016-12-16T01:30:00Z","2016-12-16T01:35:00Z",673.52,0.59,0,0,0,0,0,0,
"2016-12-16T01:35:00Z","2016-12-16T01:40:00Z",673.49,0.59,0,0,0,0,0,0,
"2016-12-16T01:40:00Z","2016-12-16T01:45:00Z",673.39,0.59,0,0,0,0,0,0,
"2016-12-16T01:45:00Z","2016-12-16T01:50:00Z",673.49,0.59,0,0,0,0,0,0,
"2016-12-16T01:50:00Z","2016-12-16T01:55:00Z",673.42,0.59,0,0,0,0,0,0,
"2016-12-16T01:55:00Z","2016-12-16T02:00:00Z",673.51,0.59,0,0,0,0,0,0,
"2016-12-16T02:00:00Z","2016-12-16T02:05:00Z",673.48,0.59,0,0,0,0,0,0,
"2016-12-16T02:05:00Z","2016-12-16T02:10:00Z",673.41,0.59,0,0,0,0,0,0,
"2016-12-16T02:10:00Z","2016-12-16T02:15:00Z",673.33,0.59,0,0,0,0,0,0,
"2016-12-16T02:15:00Z","2016-12-16T02:20:00Z",673.45,0.59,0,0,0,0,0,0,
"2016-12-16T02:20:00Z","2016-12-16T02:25:00Z",673.48,0.59,0,0,0,0,0,0,
"2016-12-16T02:25:00Z","2016-12-16T02:30:00Z",673.44,0.59,0,0,0,0,0,0,
"2016-12-16T02:30:00Z","2016-12-16T02:35:00Z",673.45,0.59,0,0,0,0,0,0,
"2016-12-16T02:35:00Z","2016-12-16T02:40:00Z",673.46,0.59,0,0,0,0,0,0,
"2016-12-16T02:40:00Z","2016-12-16T02:45:00Z",673.47,0.59,0,0,0,0,0,0,
"2016-12-16T02:45:00Z","2016-12-16T02:50:00Z",673.48,0.59,0,0,0,0,0,0,
"2016-12-16T02:50:00Z","2016-12-16T02:55:00Z",673.44,0.59,0,0,0,0,0,0,
"2016-12-16T02:55:00Z","2016-12-16T03:00:00Z",673.41,0.59,0,0,0,0,0,0,
"2016-12-16T03:00:00Z","2016-12-16T03:05:00Z",673.55,0.59,0,0,0,0,0,0,
"2016-12-16T03:05:00Z","2016-12-16T03:10:00Z",673.59,0.59,0,0,0,0,0,0,
"2016-12-16T03:10:00Z","2016-12-16T03:15:00Z",673.49,0.59,0,0,0,0,0,0,
"2016-12-16T03:15:00Z","2016-12-16T03:20:00Z",673.54,0.59,0,0,0,0,0,0,
"2016-12-16T03:20:00Z","2016-12-16T03:25:00Z",673.45,0.59,0,0,0,0,0,0,
"2016-12-16T03:25:00Z","2016-12-16T03:30:00Z",673.57,0.59,0,0,0,0,0,0,
"2016-12-16T03:30:00Z","2016-12-16T03:35:00Z",673.60,0.59,0,0,0,0,0,0,
"2016-12-16T03:35:00Z","2016-12-16T03:40:00Z",673.50,0.59,0,0,0,0,0,0,
"2016-12-16T03:40:00Z","2016-12-16T03:45:00Z",673.53,0.59,0,0,0,0,0,0,
"2016-12-16T03:45:00Z","2016-12-16T03:50:00Z",673.47,0.59,0,0,0,0,0,0,
"2016-12-16T03:50:00Z","2016-12-16T03:55:00Z",673.52,0.59,0,0,0,0,0,0,
"2016-12-16T03:55:00Z","2016-12-16T04:00:00Z",673.53,0.59,0,0,0,0,0,0,
"2016-12-16T04:00:00Z","2016-12-16T04:05:00Z",673.53,0.59,0,0,0,0,0,0,
"2016-12-16T04:05:00Z","2016-12-16T04:10:00Z",673.52,0.59,0,0,0,0,0,0,
"2016-12-16T04:10:00Z","2016-12-16T04:15:00Z",673.42,,0,0,0,0,0,0,
"2016-12-16T04:15:00Z","2016-12-16T04:20:00Z",673.49,0.59,0,0,0,0,0,0,
"2016-12-16T04:20:00Z","2016-12-16T04:25:00Z",673.50,0.59,0,0,0,0,0,0,
"2016-12-16T04:25:00Z","2016-12-16T04:30:00Z",673.51,0.59,0,0,0,0,0,0,
"2016-12-16T04:30:00Z","2016-12-16T04:35:00Z",673.49,0.59,0,0,0,0,0,0,
"2016-12-16T04:35:00Z","2016-12-16T04:40:00Z",673.37,0.59,0,0,0,0,0,0,
"2016-12-16T04:40:00Z","2016-12-16T04:45:00Z",673.42,0.59,0,0,0,0,0,0,
"2016-12-16T04:45:00Z","2016-12-16T04:50:00Z",673.46,0.59,0,0,0,0,0,0,
"2016-12-16T04:50:00Z","2016-12-16T04:55:00Z",673.40,0.59,0,0,0,0,0,0,
"2016-12-16T04:55:00Z","2016-12-16T05:00:00Z",673.40,0.59,0,0,0,0,0,0,
"2016-12-16T05:00:00Z","2016-12-16T05:05:00Z",673.31,0.59,0,0,0,0,0,0,
"2016-12-16T05:05:00Z","2016-12-16T05:10:00Z",673.38,0.59,0,0,0,0,0,0,
"2016-12-16T05:10:00Z","2016-12-16T05:15:00Z",673.33,0.59,0,0,0,0,0,0,
"2016-12-16T05:15:00Z","2016-12-16T05:20:00Z",673.42,0.59,0,0,0,0,0,0,
"2016-12-16T05:20:00Z","2016-12-16T05:25:00Z",673.36,0.59,0,0,0,0,0,0,
"2016-12-16T05:25:00Z","2016-12-16T05:30:00Z",673.28,0.59,0,0,0,0,0,0,
"2016-12-16T05:30:00Z","2016-12-16T05:35:00Z",673.32,0.59,0,0,0,0,0,0,
"2016-12-16T05:35:00Z","2016-12-16T05:40:00Z",673.30,0.59,0,0,0,0,0,0,
"2016-12-16T05:40:00Z","2016-12-16T05:45:00Z",673.32,0.59,0,0,0,0,0,0,
"2016-12-16T05:45:00Z","2016-12-16T05:50:00Z",673.31,0.59,0,0,0,0,0,0,
"2016-12-16T05:50:00Z","2016-12-16T05:55:00Z",673.34,0.59,0,0,0,0,0,0,
"2016-12-16T05:55:00Z","2016-12-16T06:00:00Z",673.34,0.59,0,0,0,0,0,0,
"2016-12-16T06:00:00Z","2016-12-16T06:05:00Z",673.37,0.59,0,0,0,0,0,0,
"2016-12-16T06:05:00Z","2016-12-16T06:10:00Z",673.31,0.59,0,0,0,0,0,0,
"2016-12-16T06:10:00Z","2016-12-16T06:15:00Z",673.33,0.59,0,0,0,0,0,0,
"2016-12-16T06:15:00Z","2016-12-16T06:20:00Z",673.31,0.59,0,0,0,0,0,0,
"2016-12-16T06:20:00Z","2016-12-16T06:25:00Z",673.35,0.59,0,0,0,0,0,0,
"2016-12-16T06:25:00Z","2016-12-16T06:30:00Z",673.37,0.59,0,0,0,0,0,0,
"2016-12-16T06:30:00Z","2016-12-16T06:35:00Z",673.33,0.59,0,0,0,0,0,0,
"2016-12-16T06:35:00Z","2016-12-16T06:40:00Z",673.35,0.59,0,0,0,0,0,0,
"2016-12-16T06:40:00Z","2016-12-16T06:45:00Z",673.29,0.59,0,0,0,0,0,0,
"2016-12-16T06:45:00Z","2016-12-16T06:50:00Z",673.31,0.59,0,0,0,0,0,0,
"2016-12-16T06:50:00Z","2016-12-16T06:55:00Z",673.37,0.59,0,0,0,0,0,0,
"2016-12-16T06:55:00Z","2016-12-16T07:00:00Z",673.28,0.59,0,0,0,0,0,0,
"2016-12-16T07:00:00Z","2016-12-16T07:05:00Z",673.37,0.59,0,0,0,0,0,0,
"2016-12-16T07:05:00Z","2016-12-16T07:10:00Z",673.24,0.59,0,0,0,0,0,0,
"2016-12-16T07:10:00Z","2016-12-16T07:15:00Z",673.20,0.59,0,0,0,0,0,0,
"2016-12-16T07:15:00Z","2016-12-16T07:20:00Z",673.23,0.59,0,0,0,0,0,0,
"2016-12-16T07:20:00Z","2016-12-16T07:25:00Z",673.32,0.59,0,0,0,0,0,0,
"2016-12-16T07:25:00Z","2016-12-16T07:30:00Z",673.29,0.59,0,0,0,0,0,0,
"2016-12-16T07:30:00Z","2016-12-16T07:35:00Z",673.30,0.59,0,0,0,0,0,0,
"2016-12-16T07:35:00Z","2016-12-16T07:40:00Z",673.33,0.59,0,0,0,0,0,0,
"2016-12-16T07:40:00Z","2016-12-16T07:45:00Z",673.26,0.59,0,0,0,0,0,0,
"2016-12-16T07:45:00Z","2016-12-16T07:50:00Z",673.34,0.59,0,0,0,0,0,0,
"2016-12-16T07:50:00Z","2016-12-16T07:55:00Z",673.27,0.59,0,0,0,0,0,0,
"2016-12-16T07:55:00Z","2016-12-16T08:00:00Z",673.20,0.59,0,0,0,0,0,0,
"2016-12-16T08:00:00Z","2016-12-16T08:05:00Z",673.22,0.59,0,0,0,0,0,0,
"2016-12-16T08:05:00Z","2016-12-16T08:10:00Z",673.27,0.59,0,0,0,0,0,0,
"2016-12-16T08:10:00Z","2016-12-16T08:15:00Z",673.30,0.59,0,0,0,0,0,0,
"2016-12-16T08:15:00Z","2016-12-16T08:20:00Z",673.29,0.59,0,0,0,0,0,0,
"2016-12-16T08:20:00Z","2016-12-16T08:25:00Z",673.36,0.59,0,0,0,0,0,0,
"2016-12-16T08:25:00Z","2016-12-16T08:30:00Z",673.29,0.59,0,0,0,0,0,0,
"2016-12-16T08:30:00Z","2016-12-16T08:35:00Z",673.29,0.59,0,0,0,0,0,0,
"2016-12-16T08:35:00Z","2016-12-16T08:40:00Z",673.22,0.59,0,0,0,0,0,0,
"2016-12-16T08:40:00Z","2016-12-16T08:45:00Z",673.35,0.59,0,0,0,0,0,0,
"2016-12-16T08:45:00Z","2016-12-16T08:50:00Z",673.25,0.59,0,0,0,0,0,0,
"2016-12-16T08:50:00Z","2016-12-16T08:55:00Z",673.35,0.59,0,0,0,0,0,0,
"2016-12-16T08:55:00Z","2016-12-16T09:00:00Z",673.29,0.59,0,0,0,0,0,0,
"2016-12-16T09:00:00Z","2016-12-16T09:05:00Z",673.35,0.59,0,0,0,0,0,0,
"2016-12-16T09:05:00Z","2016-12-16T09:10:00Z",673.36,0.59,0,0,0,0,0,0,
"2016-12-16T09:10:00Z","2016-12-16T09:15:00Z",673.23,0.59,0,0,0,0,0,0,
"2016-12-16T09:15:00Z","2016-12-16T09:20:00Z",673.35,0.59,0,0,0,0,0,0,
"2016-12-16T09:20:00Z","2016-12-16T09:25:00Z",673.29,0.59,0,0,0,0,0,0,
"2016-12-16T09:25:00Z","2016-12-16T09:30:00Z",673.28,0.59,0,0,0,0,0,0,
"2016-12-16T09:30:00Z","2016-12-16T09:35:00Z",673.34,0.59,0,0,0,0,0,0,
"2016-12-16T09:35:00Z","2016-12-16T09:40:00Z",673.40,0.59,0,0,0,0,0,0,
"2016-12-16T09:40:00Z","2016-12-16T09:45:00Z",673.31,0.59,0,0,0,0,0,0,
"2016-12-16T09:45:00Z","2016-12-16T09:50:00Z",673.24,0.59,0,0,0,0,0,0,
"2016-12-16T09:50:00Z","2016-12-16T09:55:00Z",673.41,0.59,0,0,0,0,0,0,
"2016-12-16T09:55:00Z","2016-12-16T10:00:00Z",673.34,0.59,0,0,0,0,0,0,
"2016-12-16T10:00:00Z","2016-12-16T10:05:00Z",673.32,0.59,0,0,0,0,0,0,
"2016-12-16T10:05:00Z","2016-12-16T10:10:00Z",673.31,0.59,0,0,0,0,0,0,
"2016-12-16T10:10:00Z","2016-12-16T10:15:00Z",673.29,0.59,0,0,0,0,0,0,
"2016-12-16T10:15:00Z","2016-12-16T10:20:00Z",673.29,0.59,0,0,0,0,0,0,
"2016-12-16T10:20:00Z","2016-12-16T10:25:00Z",673.34,0.59,0,0,0,0,0,0,
"2016-12-16T10:25:00Z","2016-12-16T10:30:00Z",673.27,0.59,0,0,0,0,0,0,
"2016-12-16T10:30:00Z","2016-12-16T10:35:00Z",673.26,0.59,0,0,0,0,0,0,
"2016-12-16T10:35:00Z","2016-12-16T10:40:00Z",673.24,0.59,0,0,0,0,0,0,
"2016-12-16T10:40:00Z","2016-12-16T10:45:00Z",673.24,0.59,0,0,0,0,0,0,
"2016-12-16T10:45:00Z","2016-12-16T10:50:00Z",673.38,0.59,0,0,0,0,0,0,
"2016-12-16T10:50:00Z","2016-12-16T10:55:00Z",673.22,0.59,0,0,0,0,0,0,
"2016-12-16T10:55:00Z","2016-12-16T11:00:00Z",673.28,0.59,0,0,0,0,0,0,
"2016-12-16T11:00:00Z","2016-12-16T11:05:00Z",673.18,0.59,0,0,0,0,0,0,
"2016-12-16T11:05:00Z","2016-12-16T11:10:00Z",673.14,0.59,0,0,0,0,0,0,
"2016-12-16T11:10:00Z","2016-12-16T11:15:00Z",673.23,0.59,0,0,0,0,0,0,
"2016-12-16T11:15:00Z","2016-12-16T11:20:00Z",673.24,0.59,0,0,0,0,0,0,
"2016-12-16T11:20:00Z","2016-12-16T11:25:00Z",673.23,0.59,0,0,0,0,0,0,
"2016-12-16T11:25:00Z","2016-12-16T11:30:00Z",673.17,0.59,0,0,0,0,0,0,
"2016-12-16T11:30:00Z","2016-12-16T11:35:00Z",673.22,0.59,0,0,0,0,0,0,
"2016-12-16T11:35:00Z","2016-12-16T11:40:00Z",673.31,0.59,0,0,0,0,0,0,
"2016-12-16T11:40:00Z","2016-12-16T11:45:00Z",673.22,0.59,0,0,0,0,0,0,
"2016-12-16T11:45:00Z","2016-12-16T11:50:00Z",673.25,0.59,0,0,0,0,0,0,
"2016-12-16T11:50:00Z","2016-12-16T11:55:00Z",673.17,0.59,0,0,0,0,0,0,
"2016-12-16T11:55:00Z","2016-12-16T12:00:00Z",673.20,0.59,0,0,0,0,0,0,
"2016-12-16T12:00:00Z","2016-12-16T12:05:00Z",673.20,0.59,0,0,0,0,0,0,
"2016-12-16T12:05:00Z","2016-12-16T12:10:00Z",673.30,0.59,0,0,0,0,0,0,
"2016-12-16T12:10:00Z","2016-12-16T12:15:00Z",673.22,0.59,0,0,0,0,0,0,
"2016-12-16T12:15:00Z","2016-12-16T12:20:00Z",673.14,0.59,0,0,0,0,0,0,
"2016-12-16T12:20:00Z","2016-12-16T12:25:00Z",673.19,0.59,0,0,0,0,0,0,
"2016-12-16T12:25:00Z","2016-12-16T12:30:00Z",673.28,0.59,0,0,0,0,0,0,
"2016-12-16T12:30:00Z","2016-12-16T12:35:00Z",673.22,0.59,0,0,0,0,0,0,
"2016-12-16T12:35:00Z","2016-12-16T12:40:00Z",673.16,0.59,0,0,0,0,0,0,
"2016-12-16T12:40:00Z","2016-12-16T12:45:00Z",673.22,0.59,0,0,0,0,0,0,
"2016-12-16T12:45:00Z","2016-12-16T12:50:00Z",673.10,0.59,0,0,0,0,0,0,
"2016-12-16T12:50:00Z","2016-12-16T12:55:00Z",673.20,0.59,0,0,0,0,0,0,
"2016-12-16T12:55:00Z","2016-12-16T13:00:00Z",673.22,0.59,0,0,0,0,0,0,
"2016-12-16T13:00:00Z","2016-12-16T13:05:00Z",673.19,0.59,0,0,0,0,0,0,
"2016-12-16T13:05:00Z","2016-12-16T13:10:00Z",673.22,0.59,0,0,0,0,0,0,
"2016-12-16T13:10:00Z","2016-12-16T13:15:00Z",673.10,0.59,0,0,0,0,0,0,
"2016-12-16T13:15:00Z","2016-12-16T13:20:00Z",673.17,0.59,0,0,0,0,0,0,
"2016-12-16T13:20:00Z","2016-12-16T13:25:00Z",673.18,0.59,0,0,0,0,0,0,
"2016-12-16T13:25:00Z","2016-12-16T13:30:00Z",673.20,0.59,0,0,0,0,0,0,
"2016-12-16T13:30:00Z","2016-12-16T13:35:00Z",673.14,0.59,0,0,0,0,0,0,
"2016-12-16T13:35:00Z","2016-12-16T13:40:00Z",673.20,0.59,0,0,0,0,0,0,
"2016-12-16T13:40:00Z","2016-12-16T13:45:00Z",673.12,0.59,0,0,0,0,0,0,
"2016-12-16T13:45:00Z","2016-12-16T13:50:00Z",673.10,0.59,0,0,0,0,0,0,
"2016-12-16T13:50:00Z","2016-12-16T13:55:00Z",673.15,0.59,0,0,0,0,0,0,
"2016-12-16T13:55:00Z","2016-12-16T14:00:00Z",673.15,0.59,0,0,0,0,0,0,
"2016-12-16T14:00:00Z","2016-12-16T14:05:00Z",673.24,0.59,0,0,0,0,0,0,
"2016-12-16T14:05:00Z","2016-12-16T14:10:00Z",673.25,0.59,0,0,0,0,0,0,
"2016-12-16T14:10:00Z","2016-12-16T14:15:00Z",673.21,0.59,0,0,0,0,0,0,
"2016-12-16T14:15:00Z","2016-12-16T14:20:00Z",673.23,0.59,0,0,0,0,0,0,
"2016-12-16T14:20:00Z","2016-12-16T14:25:00Z",673.18,0.59,0,0,0,0,0,0,
"2016-12-16T14:25:00Z","2016-12-16T14:30:00Z",673.21,0.59,0,0,0,0,0,0,
"2016-12-16T14:30:00Z","2016-12-16T14:35:00Z",673.30,0.59,0,0,0,0,0,0,
"2016-12-16T14:35:00Z","2016-12-16T14:40:00Z",673.19,0.59,0,0,0,0,0,0,
"2016-12-16T14:40:00Z","2016-12-16T14:45:00Z",673.25,0.59,0,0,0,0,0,0,
"2016-12-16T14:45:00Z","2016-12-16T14:50:00Z",673.27,0.59,0,0,0,0,0,0,
"2016-12-16T14:50:00Z","2016-12-16T14:55:00Z",673.23,0.59,0,0,0,0,0,0,
"2016-12-16T14:55:00Z","2016-12-16T15:00:00Z",673.29,0.59,0,0,0,0,0,0,
"2016-12-16T15:00:00Z","2016-12-16T15:05:00Z",673.22,0.59,0,0,0,0,0,0,
"2016-12-16T15:05:00Z","2016-12-16T15:10:00Z",673.22,0.59,0,0,0,0,0,0,
"2016-12-16T15:10:00Z","2016-12-16T15:15:00Z",673.24,0.59,0,0,0,0,0,0,
"2016-12-16T15:15:00Z","2016-12-16T15:20:00Z",673.28,0.59,0,0,0,0,0,0,
"2016-12-16T15:20:00Z","2016-12-16T15:25:00Z",673.19,0.59,0,0,0,0,0,0,
"2016-12-16T15:25:00Z","2016-12-16T15:30:00Z",673.20,0.59,0,0,0,0,0,0,
"2016-12-16T15:30:00Z","2016-12-16T15:35:00Z",673.17,0.59,0,0,0,0,0,0,
"2016-12-16T15:35:00Z","2016-12-16T15:40:00Z",673.28,0.59,0,0,0,0,0,0,
"2016-12-16T15:40:00Z","2016-12-16T15:45:00Z",673.29,0.59,0,0,0,0,0,0,
"2016-12-16T15:45:00Z","2016-12-16T15:50:00Z",673.26,0.59,0,0,0,0,0,0,
"2016-12-16T15:50:00Z","2016-12-16T15:55:00Z",673.25,0.59,0,0,0,0,0,0,
"2016-12-16T15:55:00Z","2016-12-16T16:00:00Z",673.23,0.59,0,0,0,0,0,0,
"2016-12-16T16:00:00Z","2016-12-16T16:05:00Z",673.29,0.59,0,0,0,0,0,0,
"2016-12-16T16:05:00Z","2016-12-16T16:10:00Z",673.29,0.59,0,0,0,0,0,0,
"2016-12-16T16:10:00Z","2016-12-16T16:15:00Z",673.25,0.59,0,0,0,0,0,0,
"2016-12-16T16:15:00Z","2016-12-16T16:20:00Z",673.20,0.59,0,0,0,0,0,0,
"2016-12-16T16:20:00Z","2016-12-16T16:25:00Z",673.28,0.59,0,0,0,0,0,0,
"2016-12-16T16:25:00Z","2016-12-16T16:30:00Z",673.27,0.59,0,0,0,0,0,0,
"2016-12-16T16:30:00Z","2016-12-16T16:35:00Z",673.32,0.59,0,0,0,0,0,0,
"2016-12-16T16:35:00Z","2016-12-16T16:40:00Z",673.26,0.59,0,0,0,0,0,0,
"2016-12-16T16:40:00Z","2016-12-16T16:45:00Z",673.26,0.59,0,0,0,0,0,0,
"2016-12-16T16:45:00Z","2016-12-16T16:50:00Z",673.27,0.59,0,0,0,0,0,0,
"2016-12-16T16:50:00Z","2016-12-16T16:55:00Z",673.30,0.59,0,0,0,0,0,0,
"2016-12-16T16:55:00Z","2016-12-16T17:00:00Z",673.24,0.59,0,0,0,0,0,0,
"2016-12-16T17:00:00Z","2016-12-16T17:05:00Z",673.25,0.59,0,0,0,0,0,0,
"2016-12-16T17:05:00Z","2016-12-16T17:10:00Z",673.29,0.59,0,0,0,0,0,0,
"2016-12-16T17:10:00Z","2016-12-16T17:15:00Z",673.18,0.59,0,0,0,0,0,0,
"2016-12-16T17:15:00Z","2016-12-16T17:20:00Z",673.25,0.59,0,0,0,0,0,0,
"2016-12-16T17:20:00Z","2016-12-16T17:25:00Z",673.24,0.59,0,0,0,0,0,0,
"2016-12-16T17:25:00Z","2016-12-16T17:30:00Z",673.20,0.59,0,0,0,0,0,0,
"2016-12-16T17:30:00Z","2016-12-16T17:35:00Z",673.22,0.59,0,0,0,0,0,0,
"2016-12-16T17:35:00Z","2016-12-16T17:40:00Z",673.24,0.59,0,0,0,0,0,0,
"2016-12-16T17:40:00Z","2016-12-16T17:45:00Z",673.19,0.59,0,0,0,0,0,0,
"2016-12-16T17:45:00Z","2016-12-16T17:50:00Z",673.14,0.59,0,0,0,0,0,0,
"2016-12-16T17:50:00Z","2016-12-16T17:55:00Z",673.25,0.59,0,0,0,0,0,0,
"2016-12-16T17:55:00Z","2016-12-16T18:00:00Z",673.24,0.59,0,0,0,0,0,0,
"2016-12-16T18:00:00Z","2016-12-16T18:05:00Z",673.25,0.59,0,0,0,0,0,0,
"2016-12-16T18:05:00Z","2016-12-16T18:10:00Z",673.16,0.59,0,0,0,0,0,0,
"2016-12-16T18:10:00Z","2016-12-16T18:15:00Z",673.02,0.59,0,0,0,0,0,0,
"2016-12-16T18:15:00Z","2016-12-16T18:20:00Z",673.07,0.59,0,0,0,0,0,0,
"2016-12-16T18:20:00Z","2016-12-16T18:25:00Z",673.20,0.59,0,0,0,0,0,0,
"2016-12-16T18:25:00Z","2016-12-16T18:30:00Z",673.15,0.59,0,0,0,0,0,0,
"2016-12-16T18:30:00Z","2016-12-16T18:35:00Z",673.10,0.59,0,0,0,0,0,0,
"2016-12-16T18:35:00Z","2016-12-16T18:40:00Z",673.06,0.59,0,0,0,0,0,0,
"2016-12-16T18:40:00Z","2016-12-16T18:45:00Z",673.15,0.59,0,0,0,0,0,0,
"2016-12-16T18:45:00Z","2016-12-16T18:50:00Z",673.19,0.59,0,0,0,0,0,0,
"2016-12-16T18:50:00Z","2016-12-16T18:55:00Z",673.09,0.59,0,0,0,0,0,0,
"2016-12-16T18:55:00Z","2016-12-16T19:00:00Z",673.13,0.59,0,0,0,0,0,0,
"2016-12-16T19:00:00Z","2016-12-16T19:05:00Z",673.14,0.59,0,0,0,0,0,0,
"2016-12-16T19:05:00Z","2016-12-16T19:10:00Z",673.11,0.59,0,0,0,0,0,0,
"2016-12-16T19:10:00Z","2016-12-16T19:15:00Z",673.09,0.59,0,0,0,0,0,0,
"2016-12-16T19:15:00Z","2016-12-16T19:20:00Z",673.02,0.59,0,0,0,0,0,0,
"2016-12-16T19:20:00Z","2016-12-16T19:25:00Z",673.15,0.59,0,0,0,0,0,0,
"2016-12-16T19:25:00Z","2016-12-16T19:30:00Z",672.96,0.59,0,0,0,0,0,0,
"2016-12-16T19:30:00Z","2016-12-16T19:35:00Z",673.09,0.59,0,0,0,0,0,0,
"2016-12-16T19:35:00Z","2016-12-16T19:40:00Z",673.08,0.59,0,0,0,0,0,0,
"2016-12-16T19:40:00Z","2016-12-16T19:45:00Z",673.08,0.59,0,0,0,0,0,0,
"2016-12-16T19:45:00Z","2016-12-16T19:50:00Z",673.02,0.59,0,0,0,0,0,0,
"2016-12-16T19:50:00Z","2016-12-16T19:55:00Z",673.10,0.59,0,0,0,0,0,0,
"2016-12-16T19:55:00Z","2016-12-16T20:00:00Z",673.06,0.59,0,0,0,0,0,0,
"2016-12-16T20:00:00Z","2016-12-16T20:05:00Z",673.05,0.59,0,0,0,0,0,0,
"2016-12-16T20:05:00Z","2016-12-16T20:10:00Z",673.00,0.59,0,0,0,0,0,0,
"2016-12-16T20:10:00Z","2016-12-16T20:15:00Z",673.07,0.59,0,0,0,0,0,0,
"2016-12-16T20:15:00Z","2016-12-16T20:20:00Z",673.04,0.59,0,0,0,0,0,0,
"2016-12-16T20:20:00Z","2016-12-16T20:25:00Z",673.06,0.59,0,0,0,0,0,0,
"2016-12-16T20:25:00Z","2016-12-16T20:30:00Z",673.02,0.59,0,0,0,0,0,0,
"2016-12-16T20:30:00Z","2016-12-16T20:35:00Z",673.07,0.59,0,0,0,0,0,0,
"2016-12-16T20:35:00Z","2016-12-16T20:40:00Z",672.99,0.59,0,0,0,0,0,0,
"2016-12-16T20:40:00Z","2016-12-16T20:45:00Z",673.00,0.59,0,0,0,0,0,0,
"2016-12-16T20:45:00Z","2016-12-16T20:50:00Z",673.05,0.59,0,0,0,0,0,0,
"2016-12-16T20:50:00Z","2016-12-16T20:55:00Z",673.06,0.59,0,0,0,0,0,0,
"2016-12-16T20:55:00Z","2016-12-16T21:00:00Z",673.03,0.59,0,0,0,0,0,0,
"2016-12-16T21:00:00Z","2016-12-16T21:05:00Z",673.06,0.59,0,0,0,0,0,0,
"2016-12-16T21:05:00Z","2016-12-16T21:10:00Z",673.12,0.59,0,0,0,0,0,0,
"2016-12-16T21:10:00Z","2016-12-16T21:15:00Z",673.07,0.59,0,0,0,0,0,0,
"2016-12-16T21:15:00Z","2016-12-16T21:20:00Z",673.09,0.59,0,0,0,0,0,0,
"2016-12-16T21:20:00Z","2016-12-16T21:25:00Z",672.98,0.59,0,0,0,0,0,0,
"2016-12-16T21:25:00Z","2016-12-16T21:30:00Z",673.00,0.59,0,0,0,0,0,0,
"2016-12-16T21:30:00Z","2016-12-16T21:35:00Z",673.04,0.59,0,0,0,0,0,0,
"2016-12-16T21:35:00Z","2016-12-16T21:40:00Z",673.04,0.59,0,0,0,0,0,0,
"2016-12-16T21:40:00Z","2016-12-16T21:45:00Z",673.05,0.59,0,0,0,0,0,0,
"2016-12-16T21:45:00Z","2016-12-16T21:50:00Z",673.00,0.59,0,0,0,0,0,0,
"2016-12-16T21:50:00Z","2016-12-16T21:55:00Z",672.97,0.59,0,0,0,0,0,0,
"2016-12-16T21:55:00Z","2016-12-16T22:00:00Z",673.09,0.59,0,0,0,0,0,0,
"2016-12-16T22:00:00Z","2016-12-16T22:05:00Z",673.06,0.59,0,0,0,0,0,0,
"2016-12-16T22:05:00Z","2016-12-16T22:10:00Z",673.02,0.59,0,0,0,0,0,0,
"2016-12-16T22:10:00Z","2016-12-16T22:15:00Z",673.00,0.59,0,0,0,0,0,0,
"2016-12-16T22:15:00Z","2016-12-16T22:20:00Z",673.10,0.59,0,0,0,0,0,0,
"2016-12-16T22:20:00Z","2016-12-16T22:25:00Z",672.94,0.59,0,0,0,0,0,0,
"2016-12-16T22:25:00Z","2016-12-16T22:30:00Z",673.08,0.59,0,0,0,0,0,0,
"2016-12-16T22:30:00Z","2016-12-16T22:35:00Z",672.99,0.59,0,0,0,0,0,0,
"2016-12-16T22:35:00Z","2016-12-16T22:40:00Z",673.05,0.59,0,0,0,0,0,0,
"2016-12-16T22:40:00Z","2016-12-16T22:45:00Z",673.09,0.59,0,0,0,0,0,0,
"2016-12-16T22:45:00Z","2016-12-16T22:50:00Z",673.02,0.59,0,0,0,0,0,0,
"2016-12-16T22:50:00Z","2016-12-16T22:55:00Z",673.00,0.59,0,0,0,0,0,0,
"2016-12-16T22:55:00Z","2016-12-16T23:00:00Z",673.10,0.59,0,0,0,0,0,0,
"2016-12-16T23:00:00Z","2016-12-16T23:05:00Z",673.12,0.59,0,0,0,0,0,0,
"2016-12-16T23:05:00Z","2016-12-16T23:10:00Z",673.02,0.59,0,0,0,0,0,0,
"2016-12-16T23:10:00Z","2016-12-16T23:15:00Z",673.03,0.59,0,0,0,0,0,0,
"2016-12-16T23:15:00Z","2016-12-16T23:20:00Z",673.05,0.59,0,0,0,0,0,0,
"2016-12-16T23:20:00Z","2016-12-16T23:25:00Z",673.08,0.59,0,0,0,0,0,0,
"2016-12-16T23:25:00Z","2016-12-16T23:30:00Z",673.10,0.59,0,0,0,0,0,0,
"2016-12-16T23:30:00Z","2016-12-16T23:35:00Z",673.00,0.59,0,0,0,0,0,0,
"2016-12-16T23:35:00Z","2016-12-16T23:40:00Z",673.08,0.59,0,0,0,0,0,0,
"2016-12-16T23:40:00Z","2016-12-16T23:45:00Z",673.08,0.59,0,0,0,0,0,0,
"2016-12-16T23:45:00Z","2016-12-16T23:50:00Z",673.06,0.59,0,0,0,0,0,0,
"2016-12-16T23:50:00Z","2016-12-16T23:55:00Z",673.04,0.59,0,0,0,0,0,0,
"2016-12-16T23:55:00Z","2016-12-17T00:00:00Z",673.05,0.59,0,0,0,0,0,0,
"2016-12-17T00:00:00Z","2016-12-17T00:05:00Z",672.99,0.59,0,0,0,0,0,0,
"2016-12-17T00:05:00Z","2016-12-17T00:10:00Z",673.06,0.59,0,0,0,0,0,0,
"2016-12-17T00:10:00Z","2016-12-17T00:15:00Z",673.01,0.59,0,0,0,0,0,0,
"2016-12-17T00:15:00Z","2016-12-17T00:20:00Z",673.03,0.59,0,0,0,0,0,0,
"2016-12-17T00:20:00Z","2016-12-17T00:25:00Z",672.95,0.59,0,0,0,0,0,0,
"2016-12-17T00:25:00Z","2016-12-17T00:30:00Z",673.03,0.59,0,0,0,0,0,0,
"2016-12-17T00:30:00Z","2016-12-17T00:35:00Z",673.01,0.59,0,0,0,0,0,0,
"2016-12-17T00:35:00Z","2016-12-17T00:40:00Z",673.02,0.59,0,0,0,0,0,0,
"2016-12-17T00:40:00Z","2016-12-17T00:45:00Z",673.08,0.59,0,0,0,0,0,0,
"2016-12-17T00:45:00Z","2016-12-17T00:50:00Z",672.97,0.59,0,0,0,0,0,0,
"2016-12-17T00:50:00Z","2016-12-17T00:55:00Z",673.00,0.59,0,0,0,0,0,0,
"2016-12-17T00:55:00Z","2016-12-17T01:00:00Z",673.04,0.59,0,0,0,0,0,0,
"2016-12-17T01:00:00Z","2016-12-17T01:05:00Z",672.95,0.59,0,0,0,0,0,0,
"2016-12-17T01:05:00Z","2016-12-17T01:10:00Z",673.00,0.59,0,0,0,0,0,0,
"2016-12-17T01:10:00Z","2016-12-17T01:15:00Z",672.99,0.59,0,0,0,0,0,0,
"2016-12-17T01:15:00Z","2016-12-17T01:20:00Z",673.01,0.59,0,0,0,0,0,0,
"2016-12-17T01:20:00Z","2016-12-17T01:25:00Z",672.98,0.59,0,0,0,0,0,0,
"2016-12-17T01:25:00Z","2016-12-17T01:30:00Z",673.05,0.59,0,0,0,0,0,0,
"2016-12-17T01:30:00Z","2016-12-17T01:35:00Z",672.99,0.59,0,0,0,0,0,0,
"2016-12-17T01:35:00Z","2016-12-17T01:40:00Z",672.99,0.59,0,0,0,0,0,0,
"2016-12-17T01:40:00Z","2016-12-17T01:45:00Z",673.04,0.59,0,0,0,0,0,0,
"2016-12-17T01:45:00Z","2016-12-17T01:50:00Z",672.98,0.59,0,0,0,0,0,0,
"2016-12-17T01:50:00Z","2016-12-17T01:55:00Z",673.09,0.59,0,0,0,0,0,0,
"2016-12-17T01:55:00Z","2016-12-17T02:00:00Z",673.12,0.59,0,0,0,0,0,0,
"2016-12-17T02:00:00Z","2016-12-17T02:05:00Z",673.07,0.59,0,0,0,0,0,0,
"2016-12-17T02:05:00Z","2016-12-17T02:10:00Z",673.14,0.59,0,0,0,0,0,0,
"2016-12-17T02:10:00Z","2016-12-17T02:15:00Z",673.09,0.59,0,0,0,0,0,0,
"2016-12-17T02:15:00Z","2016-12-17T02:20:00Z",673.16,0.59,0,0,0,0,0,0,
"2016-12-17T02:20:00Z","2016-12-17T02:25:00Z",673.06,0.59,0,0,0,0,0,0,
"2016-12-17T02:25:00Z","2016-12-17T02:30:00Z",672.99,0.59,0,0,0,0,0,0,
"2016-12-17T02:30:00Z","2016-12-17T02:35:00Z",673.07,0.59,0,0,0,0,0,0,
"2016-12-17T02:35:00Z","2016-12-17T02:40:00Z",673.10,0.59,0,0,0,0,0,0,
"2016-12-17T02:40:00Z","2016-12-17T02:45:00Z",673.05,0.59,0,0,0,0,0,0,
"2016-12-17T02:45:00Z","2016-12-17T02:50:00Z",672.98,0.59,0,0,0,0,0,0,
"2016-12-17T02:50:00Z","2016-12-17T02:55:00Z",673.14,0.59,0,0,0,0,0,0,
"2016-12-17T02:55:00Z","2016-12-17T03:00:00Z",673.04,0.59,0,0,0,0,0,0,
"2016-12-17T03:00:00Z","2016-12-17T03:05:00Z",673.08,0.59,0,0,0,0,0,0,
"2016-12-17T03:05:00Z","2016-12-17T03:10:00Z",673.12,0.59,0,0,0,0,0,0,
"2016-12-17T03:10:00Z","2016-12-17T03:15:00Z",673.03,0.59,0,0,0,0,0,0,
"2016-12-17T03:15:00Z","2016-12-17T03:20:00Z",673.02,0.59,0,0,0,0,0,0,
"2016-12-17T03:20:00Z","2016-12-17T03:25:00Z",673.05,0.59,0,0,0,0,0,0,
"2016-12-17T03:25:00Z","2016-12-17T03:30:00Z",673.05,0.59,0,0,0,0,0,0,
"2016-12-17T03:30:00Z","2016-12-17T03:35:00Z",673.02,0.59,0,0,0,0,0,0,
"2016-12-17T03:35:00Z","2016-12-17T03:40:00Z",673.05,0.59,0,0,0,0,0,0,
"2016-12-17T03:40:00Z","2016-12-17T03:45:00Z",673.01,0.59,0,0,0,0,0,0,
"2016-12-17T03:45:00Z","2016-12-17T03:50:00Z",673.02,0.59,0,0,0,0,0,0,
"2016-12-17T03:50:00Z","2016-12-17T03:55:00Z",673.08,0.59,0,0,0,0,0,0,
"2016-12-17T03:55:00Z","2016-12-17T04:00:00Z",673.13,0.59,0,0,0,0,0,0,
"2016-12-17T04:00:00Z","2016-12-17T04:05:00Z",673.08,0.59,0,0,0,0,0,0,
"2016-12-17T04:05:00Z","2016-12-17T04:10:00Z",672.99,0.59,0,0,0,0,0,0,
"2016-12-17T04:10:00Z","2016-12-17T04:15:00Z",673.15,0.59,0,0,0,0,0,0,
"2016-12-17T04:15:00Z","2016-12-17T04:20:00Z",673.10,0.59,0,0,0,0,0,0,
"2016-12-17T04:20:00Z","2016-12-17T04:25:00Z",673.06,0.59,0,0,0,0,0,0,
"2016-12-17T04:25:00Z","2016-12-17T04:30:00Z",673.05,0.59,0,0,0,0,0,0,
"2016-12-17T04:30:00Z","2016-12-17T04:35:00Z",673.17,0.59,0,0,0,0,0,0,
"2016-12-17T04:35:00Z","2016-12-17T04:40:00Z",673.17,0.59,0,0,0,0,0,0,
"2016-12-17T04:40:00Z","2016-12-17T04:45:00Z",673.13,0.59,0,0,0,0,0,0,
"2016-12-17T04:45:00Z","2016-12-17T04:50:00Z",673.09,0.59,0,0,0,0,0,0,
"2016-12-17T04:50:00Z","2016-12-17T04:55:00Z",673.10,0.59,0,0,0,0,0,0,
"2016-12-17T04:55:00Z","2016-12-17T05:00:00Z",673.08,0.59,0,0,0,0,0,0,
"2016-12-17T05:00:00Z","2016-12-17T05:05:00Z",673.12,0.59,0,0,0,0,0,0,
"2016-12-17T05:05:00Z","2016-12-17T05:10:00Z",673.07,0.59,0,0,0,0,0,0,
"2016-12-17T05:10:00Z","2016-12-17T05:15:00Z",673.06,0.59,0,0,0,0,0,0,
"2016-12-17T05:15:00Z","2016-12-17T05:20:00Z",673.17,0.59,0,0,0,0,0,0,
"2016-12-17T05:20:00Z","2016-12-17T05:25:00Z",673.10,0.59,0,0,0,0,0,0,
"2016-12-17T05:25:00Z","2016-12-17T05:30:00Z",673.16,0.59,0,0,0,0,0,0,
"2016-12-17T05:30:00Z","2016-12-17T05:35:00Z",673.08,0.59,0,0,0,0,0,0,
"2016-12-17T05:35:00Z","2016-12-17T05:40:00Z",673.07,0.59,0,0,0,0,0,0,
"2016-12-17T05:40:00Z","2016-12-17T05:45:00Z",673.14,0.59,0,0,0,0,0,0,
"2016-12-17T05:45:00Z","2016-12-17T05:50:00Z",673.08,0.59,0,0,0,0,0,0,
"2016-12-17T05:50:00Z","2016-12-17T05:55:00Z",673.07,0.59,0,0,0,0,0,0,
"2016-12-17T05:55:00Z","2016-12-17T06:00:00Z",673.06,0.59,0,0,0,0,0,0,
"2016-12-17T06:00:00Z","2016-12-17T06:05:00Z",673.13,0.59,0,0,0,0,0,0,
"2016-12-17T06:05:00Z","2016-12-17T06:10:00Z",673.13,0.59,0,0,0,0,0,0,
"2016-12-17T06:10:00Z","2016-12-17T06:15:00Z",673.07,0.59,0,0,0,0,0,0,
"2016-12-17T06:15:00Z","2016-12-17T06:20:00Z",673.13,0.59,0,0,0,0,0,0,
"2016-12-17T06:20:00Z","2016-12-17T06:25:00Z",673.11,0.59,0,0,0,0,0,0,
"2016-12-17T06:25:00Z","2016-12-17T06:30:00Z",673.11,0.59,0,0,0,0,0,0,
"2016-12-17T06:30:00Z","2016-12-17T06:35:00Z",673.08,0.59,0,0,0,0,0,0,
"2016-12-17T06:35:00Z","2016-12-17T06:40:00Z",673.18,0.59,0,0,0,0,0,0,
"2016-12-17T06:40:00Z","2016-12-17T06:45:00Z",673.17,0.59,0,0,0,0,0,0,
"2016-12-17T06:45:00Z","2016-12-17T06:50:00Z",673.10,0.59,0,0,0,0,0,0,
"2016-12-17T06:50:00Z","2016-12-17T06:55:00Z",672.99,0.59,0,0,0,0,0,0,
"2016-12-17T06:55:00Z","2016-12-17T07:00:00Z",673.08,0.59,0,0,0,0,0,0,
"2016-12-17T07:00:00Z","2016-12-17T07:05:00Z",673.14,0.59,0,0,0,0,0,0,
"2016-12-17T07:05:00Z","2016-12-17T07:10:00Z",673.14,0.59,0,0,0,0,0,0,
"2016-12-17T07:10:00Z","2016-12-17T07:15:00Z",673.16,0.59,0,0,0,0,0,0,
"2016-12-17T07:15:00Z","2016-12-17T07:20:00Z",673.10,0.59,0,0,0,0,0,0,
"2016-12-17T07:20:00Z","2016-12-17T07:25:00Z",673.14,0.59,0,0,0,0,0,0,
"2016-12-17T07:25:00Z","2016-12-17T07:30:00Z",673.10,0.59,0,0,0,0,0,0,
"2016-12-17T07:30:00Z","2016-12-17T07:35:00Z",673.01,0.59,0,0,0,0,0,0,
"2016-12-17T07:35:00Z","2016-12-17T07:40:00Z",673.07,0.59,0,0,0,0,0,0,
"2016-12-17T07:40:00Z","2016-12-17T07:45:00Z",673.10,0.59,0,0,0,0,0,0,
"2016-12-17T07:45:00Z","2016-12-17T07:50:00Z",672.98,0.59,0,0,0,0,0,0,
"2016-12-17T07:50:00Z","2016-12-17T07:55:00Z",673.10,0.59,0,0,0,0,0,0,
"2016-12-17T07:55:00Z","2016-12-17T08:00:00Z",673.15,0.59,0,0,0,0,0,0,
"2016-12-17T08:00:00Z","2016-12-17T08:05:00Z",673.12,0.59,0,0,0,0,0,0,
"2016-12-17T08:05:00Z","2016-12-17T08:10:00Z",673.09,0.59,0,0,0,0,0,0,
"2016-12-17T08:10:00Z","2016-12-17T08:15:00Z",673.10,0.59,0,0,0,0,0,0,
"2016-12-17T08:15:00Z","2016-12-17T08:20:00Z",673.11,0.59,0,0,0,0,0,0,
"2016-12-17T08:20:00Z","2016-12-17T08:25:00Z",673.21,0.59,0,0,0,0,0,0,
"2016-12-17T08:25:00Z","2016-12-17T08:30:00Z",673.09,0.59,0,0,0,0,0,0,
"2016-12-17T08:30:00Z","2016-12-17T08:35:00Z",673.15,0.59,0,0,0,0,0,0,
"2016-12-17T08:35:00Z","2016-12-17T08:40:00Z",673.17,0.59,0,0,0,0,0,0,
"2016-12-17T08:40:00Z","2016-12-17T08:45:00Z",673.10,0.59,0,0,0,0,0,0,
"2016-12-17T08:45:00Z","2016-12-17T08:50:00Z",673.18,0.59,0,0,0,0,0,0,
"2016-12-17T08:50:00Z","2016-12-17T08:55:00Z",673.13,0.59,0,0,0,0,0,0,
"2016-12-17T08:55:00Z","2016-12-17T09:00:00Z",673.06,0.59,0,0,0,0,0,0,
"2016-12-17T09:00:00Z","2016-12-17T09:05:00Z",673.10,0.59,0,0,0,0,0,0,
"2016-12-17T09:05:00Z","2016-12-17T09:10:00Z",673.13,0.59,0,0,0,0,0,0,
"2016-12-17T09:10:00Z","2016-12-17T09:15:00Z",673.12,0.59,0,0,0,0,0,0,
"2016-12-17T09:15:00Z","2016-12-17T09:20:00Z",673.16,0.59,0,0,0,0,0,0,
"2016-12-17T09:20:00Z","2016-12-17T09:25:00Z",673.07,0.59,0,0,0,0,0,0,
"2016-12-17T09:25:00Z","2016-12-17T09:30:00Z",673.08,0.59,0,0,0,0,0,0,
"2016-12-17T09:30:00Z","2016-12-17T09:35:00Z",673.03,0.59,0,0,0,0,0,0,
"2016-12-17T09:35:00Z","2016-12-17T09:40:00Z",673.05,0.59,0,0,0,0,0,0,
"2016-12-17T09:40:00Z","2016-12-17T09:45:00Z",673.21,0.59,0,0,0,0,0,0,
"2016-12-17T09:45:00Z","2016-12-17T09:50:00Z",673.16,0.59,0,0,0,0,0,0,
"2016-12-17T09:50:00Z","2016-12-17T09:55:00Z",673.11,0.59,0,0,0,0,0,0,
"2016-12-17T09:55:00Z","2016-12-17T10:00:00Z",673.08,0.59,0,0,0,0,0,0,
"2016-12-17T10:00:00Z","2016-12-17T10:05:00Z",673.15,0.59,0,0,0,0,0,0,
"2016-12-17T10:05:00Z","2016-12-17T10:10:00Z",673.09,0.59,0,0,0,0,0,0,
"2016-12-17T10:10:00Z","2016-12-17T10:15:00Z",673.12,0.59,0,0,0,0,0,0,
"2016-12-17T10:15:00Z","2016-12-17T10:20:00Z",673.15,0.59,0,0,0,0,0,0,
"2016-12-17T10:20:00Z","2016-12-17T10:25:00Z",673.09,0.59,0,0,0,0,0,0,
"2016-12-17T10:25:00Z","2016-12-17T10:30:00Z",673.17,0.59,0,0,0,0,0,0,
"2016-12-17T10:30:00Z","2016-12-17T10:35:00Z",673.00,0.59,0,0,0,0,0,0,
"2016-12-17T10:35:00Z","2016-12-17T10:40:00Z",673.15,0.59,0,0,0,0,0,0,
"2016-12-17T10:40:00Z","2016-12-17T10:45:00Z",673.15,0.59,0,0,0,0,0,0,
"2016-12-17T10:45:00Z","2016-12-17T10:50:00Z",673.11,0.59,0,0,0,0,0,0,
"2016-12-17T10:50:00Z","2016-12-17T10:55:00Z",673.16,0.59,0,0,0,0,0,0,
"2016-12-17T10:55:00Z","2016-12-17T11:00:00Z",673.06,0.59,0,0,0,0,0,0,
"2016-12-17T11:00:00Z","2016-12-17T11:05:00Z",673.07,0.59,0,0,0,0,0,0,
"2016-12-17T11:05:00Z","2016-12-17T11:10:00Z",673.12,0.59,0,0,0,0,0,0,
"2016-12-17T11:10:00Z","2016-12-17T11:15:00Z",673.20,0.59,0,0,0,0,0,0,
"2016-12-17T11:15:00Z","2016-12-17T11:20:00Z",673.12,0.59,0,0,0,0,0,0,
"2016-12-17T11:20:00Z","2016-12-17T11:25:00Z",673.04,0.59,0,0,0,0,0,0,
"2016-12-17T11:25:00Z","2016-12-17T11:30:00Z",673.04,0.59,0,0,0,0,0,0,
"2016-12-17T11:30:00Z","2016-12-17T11:35:00Z",673.10,0.59,0,0,0,0,0,0,
"2016-12-17T11:35:00Z","2016-12-17T11:40:00Z",673.07,0.59,0,0,0,0,0,0,
"2016-12-17T11:40:00Z","2016-12-17T11:45:00Z",673.08,0.59,0,0,0,0,0,0,
"2016-12-17T11:45:00Z","2016-12-17T11:50:00Z",673.14,0.59,0,0,0,0,0,0,
"2016-12-17T11:50:00Z","2016-12-17T11:55:00Z",673.23,0.59,0,0,0,0,0,0,
"2016-12-17T11:55:00Z","2016-12-17T12:00:00Z",673.11,0.59,0,0,0,0,0,0,
"2016-12-17T12:00:00Z","2016-12-17T12:05:00Z",673.12,0.59,0,0,0,0,0,0,
"2016-12-17T12:05:00Z","2016-12-17T12:10:00Z",673.11,0.59,0,0,0,0,0,0,
"2016-12-17T12:10:00Z","2016-12-17T12:15:00Z",673.10,0.59,0,0,0,0,0,0,
"2016-12-17T12:15:00Z","2016-12-17T12:20:00Z",673.23,0.59,0,0,0,0,0,0,
"2016-12-17T12:20:00Z","2016-12-17T12:25:00Z",673.18,0.59,0,0,0,0,0,0,
"2016-12-17T12:25:00Z","2016-12-17T12:30:00Z",673.13,0.59,0,0,0,0,0,0,
"2016-12-17T12:30:00Z","2016-12-17T12:35:00Z",673.16,0.59,0,0,0,0,0,0,
"2016-12-17T12:35:00Z","2016-12-17T12:40:00Z",673.17,0.59,0,0,0,0,0,0,
"2016-12-17T12:40:00Z","2016-12-17T12:45:00Z",673.17,0.59,0,0,0,0,0,0,
"2016-12-17T12:45:00Z","2016-12-17T12:50:00Z",673.18,0.59,0,0,0,0,0,0,
"2016-12-17T12:50:00Z","2016-12-17T12:55:00Z",673.11,0.59,0,0,0,0,0,0,
"2016-12-17T12:55:00Z","2016-12-17T13:00:00Z",673.13,0.59,0,0,0,0,0,0,
"2016-12-17T13:00:00Z","2016-12-17T13:05:00Z",673.17,0.59,0,0,0,0,0,0,
"2016-12-17T13:05:00Z","2016-12-17T13:10:00Z",673.19,0.59,0,0,0,0,0,0,
"2016-12-17T13:10:00Z","2016-12-17T13:15:00Z",673.09,0.59,0,0,0,0,0,0,
"2016-12-17T13:15:00Z","2016-12-17T13:20:00Z",673.07,0.59,0,0,0,0,0,0,
"2016-12-17T13:20:00Z","2016-12-17T13:25:00Z",673.04,0.59,0,0,0,0,0,0,
"2016-12-17T13:25:00Z","2016-12-17T13:30:00Z",673.14,0.59,0,0,0,0,0,0,
"2016-12-17T13:30:00Z","2016-12-17T13:35:00Z",673.17,0.59,0,0,0,0,0,0,
"2016-12-17T13:35:00Z","2016-12-17T13:40:00Z",673.06,0.59,0,0,0,0,0,0,
"2016-12-17T13:40:00Z","2016-12-17T13:45:00Z",673.19,0.59,0,0,0,0,0,0,
"2016-12-17T13:45:00Z","2016-12-17T13:50:00Z",673.08,0.59,0,0,0,0,0,0,
"2016-12-17T13:50:00Z","2016-12-17T13:55:00Z",673.18,0.59,0,0,0,0,0,0,
"2016-12-17T13:55:00Z","2016-12-17T14:00:00Z",673.18,0.59,0,0,0,0,0,0,
"2016-12-17T14:00:00Z","2016-12-17T14:05:00Z",673.20,0.59,0,0,0,0,0,0,
"2016-12-17T14:05:00Z","2016-12-17T14:10:00Z",673.11,0.59,0,0,0,0,0,0,
"2016-12-17T14:10:00Z","2016-12-17T14:15:00Z",673.23,0.59,0,0,0,0,0,0,
"2016-12-17T14:15:00Z","2016-12-17T14:20:00Z",673.18,0.59,0,0,0,0,0,0,
"2016-12-17T14:20:00Z","2016-12-17T14:25:00Z",673.22,0.59,0,0,0,0,0,0,
"2016-12-17T14:25:00Z","2016-12-17T14:30:00Z",673.23,0.59,0,0,0,0,0,0,
"2016-12-17T14:30:00Z","2016-12-17T14:35:00Z",673.14,0.59,0,0,0,0,0,0,
"2016-12-17T14:35:00Z","2016-12-17T14:40:00Z",673.16,0.59,0,0,0,0,0,0,
"2016-12-17T14:40:00Z","2016-12-17T14:45:00Z",673.19,0.59,0,0,0,0,0,0,
"2016-12-17T14:45:00Z","2016-12-17T14:50:00Z",673.22,0.59,0,0,0,0,0,0,
"2016-12-17T14:50:00Z","2016-12-17T14:55:00Z",673.17,0.59,0,0,0,0,0,0,
"2016-12-17T14:55:00Z","2016-12-17T15:00:00Z",673.11,0.59,0,0,0,0,0,0,
"2016-12-17T15:00:00Z","2016-12-17T15:05:00Z",673.14,0.59,0,0,0,0,0,0,
"2016-12-17T15:05:00Z","2016-12-17T15:10:00Z",673.09,0.59,0,0,0,0,0,0,
"2016-12-17T15:10:00Z","2016-12-17T15:15:00Z",673.24,0.59,0,0,0,0,0,0,
"2016-12-17T15:15:00Z","2016-12-17T15:20:00Z",673.24,0.59,0,0,0,0,0,0,
"2016-12-17T15:20:00Z","2016-12-17T15:25:00Z",673.26,0.59,0,0,0,0,0,0,
"2016-12-17T15:25:00Z","2016-12-17T15:30:00Z",673.17,0.59,0,0,0,0,0,0,
"2016-12-17T15:30:00Z","2016-12-17T15:35:00Z",673.20,0.59,0,0,0,0,0,0,
"2016-12-17T15:35:00Z","2016-12-17T15:40:00Z",673.15,0.59,0,0,0,0,0,0,
"2016-12-17T15:40:00Z","2016-12-17T15:45:00Z",673.13,0.59,0,0,0,0,0,0,
"2016-12-17T15:45:00Z","2016-12-17T15:50:00Z",673.24,0.59,0,0,0,0,0,0,
"2016-12-17T15:50:00Z","2016-12-17T15:55:00Z",673.12,0.59,0,0,0,0,0,0,
"2016-12-17T15:55:00Z","2016-12-17T16:00:00Z",673.19,0.59,0,0,0,0,0,0,
"2016-12-17T16:00:00Z","2016-12-17T16:05:00Z",673.24,0.59,0,0,0,0,0,0,
"2016-12-17T16:05:00Z","2016-12-17T16:10:00Z",673.19,0.59,0,0,0,0,0,0,
"2016-12-17T16:10:00Z","2016-12-17T16:15:00Z",673.21,0.59,0,0,0,0,0,0,
"2016-12-17T16:15:00Z","2016-12-17T16:20:00Z",673.23,0.59,0,0,0,0,0,0,
"2016-12-17T16:20:00Z","2016-12-17T16:25:00Z",673.19,0.59,0,0,0,0,0,0,
"2016-12-17T16:25:00Z","2016-12-17T16:30:00Z",673.16,0.59,0,0,0,0,0,0,
"2016-12-17T16:30:00Z","2016-12-17T16:35:00Z",673.09,0.59,0,0,0,0,0,0,
"2016-12-17T16:35:00Z","2016-12-17T16:40:00Z",673.17,0.59,0,0,0,0,0,0,
"2016-12-17T16:40:00Z","2016-12-17T16:45:00Z",673.19,0.59,0,0,0,0,0,0,
"2016-12-17T16:45:00Z","2016-12-17T16:50:00Z",673.17,0.59,0,0,0,0,0,0,
"2016-12-17T16:50:00Z","2016-12-17T16:55:00Z",673.17,0.59,0,0,0,0,0,0,
"2016-12-17T16:55:00Z","2016-12-17T17:00:00Z",673.06,0.59,0,0,0,0,0,0,
"2016-12-17T17:00:00Z","2016-12-17T17:05:00Z",673.20,0.59,0,0,0,0,0,0,
"2016-12-17T17:05:00Z","2016-12-17T17:10:00Z",673.10,0.59,0,0,0,0,0,0,
"2016-12-17T17:10:00Z","2016-12-17T17:15:00Z",673.14,0.59,0,0,0,0,0,0,
"2016-12-17T17:15:00Z","2016-12-17T17:20:00Z",673.21,0.59,0,0,0,0,0,0,
"2016-12-17T17:20:00Z","2016-12-17T17:25:00Z",673.25,0.59,0,0,0,0,0,0,
"2016-12-17T17:25:00Z","2016-12-17T17:30:00Z",673.22,0.59,0,0,0,0,0,0,
"2016-12-17T17:30:00Z","2016-12-17T17:35:00Z",673.06,0.59,0,0,0,0,0,0,
"2016-12-17T17:35:00Z","2016-12-17T17:40:00Z",673.10,0.59,0,0,0,0,0,0,
"2016-12-17T17:40:00Z","2016-12-17T17:45:00Z",673.19,0.59,0,0,0,0,0,0,
"2016-12-17T17:45:00Z","2016-12-17T17:50:00Z",673.10,0.59,0,0,0,0,0,0,
"2016-12-17T17:50:00Z","2016-12-17T17:55:00Z",673.04,0.59,0,0,0,0,0,0,
"2016-12-17T17:55:00Z","2016-12-17T18:00:00Z",673.11,0.59,0,0,0,0,0,0,
"2016-12-17T18:00:00Z","2016-12-17T18:05:00Z",673.26,0.59,0,0,0,0,0,0,
"2016-12-17T18:05:00Z","2016-12-17T18:10:00Z",673.16,0.59,0,0,0,0,0,0,
"2016-12-17T18:10:00Z","2016-12-17T18:15:00Z",673.15,0.59,0,0,0,0,0,0,
"2016-12-17T18:15:00Z","2016-12-17T18:20:00Z",673.12,0.59,0,0,0,0,0,0,
"2016-12-17T18:20:00Z","2016-12-17T18:25:00Z",673.06,0.59,0,0,0,0,0,0,
"2016-12-17T18:25:00Z","2016-12-17T18:30:00Z",673.14,0.59,0,0,0,0,0,0,
"2016-12-17T18:30:00Z","2016-12-17T18:35:00Z",673.16,0.59,0,0,0,0,0,0,
"2016-12-17T18:35:00Z","2016-12-17T18:40:00Z",673.10,0.59,0,0,0,0,0,0,
"2016-12-17T18:40:00Z","2016-12-17T18:45:00Z",673.19,0.59,0,0,0,0,0,0,
"2016-12-17T18:45:00Z","2016-12-17T18:50:00Z",673.18,0.59,0,0,0,0,0,0,
"2016-12-17T18:50:00Z","2016-12-17T18:55:00Z",673.12,0.59,0,0,0,0,0,0,
"2016-12-17T18:55:00Z","2016-12-17T19:00:00Z",673.08,0.59,0,0,0,0,0,0,
"2016-12-17T19:00:00Z","2016-12-17T19:05:00Z",673.16,0.59,0,0,0,0,0,0,
"2016-12-17T19:05:00Z","2016-12-17T19:10:00Z",673.06,0.59,0,0,0,0,0,0,
"2016-12-17T19:10:00Z","2016-12-17T19:15:00Z",673.12,0.59,0,0,0,0,0,0,
"2016-12-17T19:15:00Z","2016-12-17T19:20:00Z",673.13,0.59,0,0,0,0,0,0,
"2016-12-17T19:20:00Z","2016-12-17T19:25:00Z",673.10,0.59,0,0,0,0,0,0,
"2016-12-17T19:25:00Z","2016-12-17T19:30:00Z",673.07,0.59,0,0,0,0,0,0,
"2016-12-17T19:30:00Z","2016-12-17T19:35:00Z",673.06,0.59,0,0,0,0,0,0,
"2016-12-17T19:35:00Z","2016-12-17T19:40:00Z",673.13,0.59,0,0,0,0,0,0,
"2016-12-17T19:40:00Z","2016-12-17T19:45:00Z",673.08,0.59,0,0,0,0,0,0,
"2016-12-17T19:45:00Z","2016-12-17T19:50:00Z",673.13,0.59,0,0,0,0,0,0,
"2016-12-17T19:50:00Z","2016-12-17T19:55:00Z",673.09,0.59,0,0,0,0,0,0,
"2016-12-17T19:55:00Z","2016-12-17T20:00:00Z",673.11,0.59,0,0,0,0,0,0,
"2016-12-17T20:00:00Z","2016-12-17T20:05:00Z",673.01,0.59,0,0,0,0,0,0,
"2016-12-17T20:05:00Z","2016-12-17T20:10:00Z",673.06,0.59,0,0,0,0,0,0,
"2016-12-17T20:10:00Z","2016-12-17T20:15:00Z",673.09,0.59,0,0,0,0,0,0,
"2016-12-17T20:15:00Z","2016-12-17T20:20:00Z",673.16,0.59,0,0,0,0,0,0,
"2016-12-17T20:20:00Z","2016-12-17T20:25:00Z",673.18,0.59,0,0,0,0,0,0,
"2016-12-17T20:25:00Z","2016-12-17T20:30:00Z",673.09,0.59,0,0,0,0,0,0,
"2016-12-17T20:30:00Z","2016-12-17T20:35:00Z",673.12,0.59,0,0,0,0,0,0,
"2016-12-17T20:35:00Z","2016-12-17T20:40:00Z",673.12,0.59,0,0,0,0,0,0,
"2016-12-17T20:40:00Z","2016-12-17T20:45:00Z",673.01,0.59,0,0,0,0,0,0,
"2016-12-17T20:45:00Z","2016-12-17T20:50:00Z",673.05,0.59,0,0,0,0,0,0,
"2016-12-17T20:50:00Z","2016-12-17T20:55:00Z",673.07,0.59,0,0,0,0,0,0,
"2016-12-17T20:55:00Z","2016-12-17T21:00:00Z",673.11,0.59,0,0,0,0,0,0,
"2016-12-17T21:00:00Z","2016-12-17T21:05:00Z",673.14,0.59,0,0,0,0,0,0,
"2016-12-17T21:05:00Z","2016-12-17T21:10:00Z",673.03,0.59,0,0,0,0,0,0,
"2016-12-17T21:10:00Z","2016-12-17T21:15:00Z",673.05,0.59,0,0,0,0,0,0,
"2016-12-17T21:15:00Z","2016-12-17T21:20:00Z",673.10,0.59,0,0,0,0,0,0,
"2016-12-17T21:20:00Z","2016-12-17T21:25:00Z",673.08,0.59,0,0,0,0,0,0,
"2016-12-17T21:25:00Z","2016-12-17T21:30:00Z",673.08,0.59,0,0,0,0,0,0,
"2016-12-17T21:30:00Z","2016-12-17T21:35:00Z",673.12,0.59,0,0,0,0,0,0,
"2016-12-17T21:35:00Z","2016-12-17T21:40:00Z",673.09,0.59,0,0,0,0,0,0,
"2016-12-17T21:40:00Z","2016-12-17T21:45:00Z",673.03,0.59,0,0,0,0,0,0,
"2016-12-17T21:45:00Z","2016-12-17T21:50:00Z",673.14,0.59,0,0,0,0,0,0,
"2016-12-17T21:50:00Z","2016-12-17T21:55:00Z",673.12,0.59,0,0,0,0,0,0,
"2016-12-17T21:55:00Z","2016-12-17T22:00:00Z",673.05,0.59,0,0,0,0,0,0,
"2016-12-17T22:00:00Z","2016-12-17T22:05:00Z",673.13,0.59,0,0,0,0,0,0,
"2016-12-17T22:05:00Z","2016-12-17T22:10:00Z",673.00,0.59,0,0,0,0,0,0,
"2016-12-17T22:10:00Z","2016-12-17T22:15:00Z",673.09,0.59,0,0,0,0,0,0,
"2016-12-17T22:15:00Z","2016-12-17T22:20:00Z",673.20,0.59,0,0,0,0,0,0,
"2016-12-17T22:20:00Z","2016-12-17T22:25:00Z",673.15,0.59,0,0,0,0,0,0,
"2016-12-17T22:25:00Z","2016-12-17T22:30:00Z",673.07,0.59,0,0,0,0,0,0,
"2016-12-17T22:30:00Z","2016-12-17T22:35:00Z",673.18,0.59,0,0,0,0,0,0,
"2016-12-17T22:35:00Z","2016-12-17T22:40:00Z",673.21,0.59,0,0,0,0,0,0,
"2016-12-17T22:40:00Z","2016-12-17T22:45:00Z",673.23,0.59,0,0,0,0,0,0,
"2016-12-17T22:45:00Z","2016-12-17T22:50:00Z",673.13,0.59,0,0,0,0,0,0,
"2016-12-17T22:50:00Z","2016-12-17T22:55:00Z",673.05,0.59,0,0,0,0,0,0,
"2016-12-17T22:55:00Z","2016-12-17T23:00:00Z",673.00,0.59,0,0,0,0,0,0,
"2016-12-17T23:00:00Z","2016-12-17T23:05:00Z",673.09,0.59,0,0,0,0,0,0,
"2016-12-17T23:05:00Z","2016-12-17T23:10:00Z",673.13,0.59,0,0,0,0,0,0,
"2016-12-17T23:10:00Z","2016-12-17T23:15:00Z",673.15,0.59,0,0,0,0,0,0,
"2016-12-17T23:15:00Z","2016-12-17T23:20:00Z",673.10,0.59,0,0,0,0,0,0,
"2016-12-17T23:20:00Z","2016-12-17T23:25:00Z",673.20,0.59,0,0,0,0,0,0,
"2016-12-17T23:25:00Z","2016-12-17T23:30:00Z",673.12,0.59,0,0,0,0,0,0,
"2016-12-17T23:30:00Z","2016-12-17T23:35:00Z",673.12,0.59,0,0,0,0,0,0,
"2016-12-17T23:35:00Z","2016-12-17T23:40:00Z",673.09,0.59,0,0,0,0,0,0,
"2016-12-17T23:40:00Z","2016-12-17T23:45:00Z",673.04,0.59,0,0,0,0,0,0,
"2016-12-17T23:45:00Z","2016-12-17T23:50:00Z",673.14,0.59,0,0,0,0,0,0,
"2016-12-17T23:50:00Z","2016-12-17T23:55:00Z",673.04,0.59,0,0,0,0,0,0,
"2016-12-17T23:55:00Z","2016-12-18T00:00:00Z",673.17,0.59,0,0,0,0,0,0,
"2016-12-18T00:00:00Z","2016-12-18T00:05:00Z",673.16,0.59,0,0,0,0,0,0,
"2016-12-18T00:05:00Z","2016-12-18T00:10:00Z",673.13,0.59,0,0,0,0,0,0,
"2016-12-18T00:10:00Z","2016-12-18T00:15:00Z",673.17,0.59,0,0,0,0,0,0,
"2016-12-18T00:15:00Z","2016-12-18T00:20:00Z",673.10,0.59,0,0,0,0,0,0,
"2016-12-18T00:20:00Z","2016-12-18T00:25:00Z",673.15,0.59,0,0,0,0,0,0,
"2016-12-18T00:25:00Z","2016-12-18T00:30:00Z",673.19,0.59,0,0,0,0,0,0,
"2016-12-18T00:30:00Z","2016-12-18T00:35:00Z",673.10,0.59,0,0,0,0,0,0,
"2016-12-18T00:35:00Z","2016-12-18T00:40:00Z",673.22,0.59,0,0,0,0,0,0,
"2016-12-18T00:40:00Z","2016-12-18T00:45:00Z",673.18,0.59,0,0,0,0,0,0,
"2016-12-18T00:45:00Z","2016-12-18T00:50:00Z",673.22,0.59,0,0,0,0,0,0,
"2016-12-18T00:50:00Z","2016-12-18T00:55:00Z",673.15,0.59,0,0,0,0,0,0,
"2016-12-18T00:55:00Z","2016-12-18T01:00:00Z",673.26,0.59,0,0,0,0,0,0,
"2016-12-18T01:00:00Z","2016-12-18T01:05:00Z",673.21,0.59,0,0,0,0,0,0,
"2016-12-18T01:05:00Z","2016-12-18T01:10:00Z",673.28,0.59,0,0,0,0,0,0,
"2016-12-18T01:10:00Z","2016-12-18T01:15:00Z",673.19,0.59,0,0,0,0,0,0,
"2016-12-18T01:15:00Z","2016-12-18T01:20:00Z",673.23,0.59,0,0,0,0,0,0,
"2016-12-18T01:20:00Z","2016-12-18T01:25:00Z",673.17,0.59,0,0,0,0,0,0,
"2016-12-18T01:25:00Z","2016-12-18T01:30:00Z",673.32,0.59,0,0,0,0,0,0,
"2016-12-18T01:30:00Z","2016-12-18T01:35:00Z",673.24,0.59,0,0,0,0,0,0,
"2016-12-18T01:35:00Z","2016-12-18T01:40:00Z",673.36,0.59,0,0,0,0,0,0,
"2016-12-18T01:40:00Z","2016-12-18T01:45:00Z",673.21,0.59,0,0,0,0,0,0,
"2016-12-18T01:45:00Z","2016-12-18T01:50:00Z",673.24,0.59,0,0,0,0,0,0,
"2016-12-18T01:50:00Z","2016-12-18T01:55:00Z",673.24,0.59,0,0,0,0,0,0,
"2016-12-18T01:55:00Z","2016-12-18T02:00:00Z",673.22,0.59,0,0,0,0,0,0,
"2016-12-18T02:00:00Z","2016-12-18T02:05:00Z",673.21,0.59,0,0,0,0,0,0,
"2016-12-18T02:05:00Z","2016-12-18T02:10:00Z",673.24,0.59,0,0,0,0,0,0,
"2016-12-18T02:10:00Z","2016-12-18T02:15:00Z",673.25,0.59,0,0,0,0,0,0,
"2016-12-18T02:15:00Z","2016-12-18T02:20:00Z",673.23,0.59,0,0,0,0,0,0,
"2016-12-18T02:20:00Z","2016-12-18T02:25:00Z",673.23,0.59,0,0,0,0,0,0,
"2016-12-18T02:25:00Z","2016-12-18T02:30:00Z",673.34,0.59,0,0,0,0,0,0,
"2016-12-18T02:30:00Z","2016-12-18T02:35:00Z",673.26,0.59,0,0,0,0,0,0,
"2016-12-18T02:35:00Z","2016-12-18T02:40:00Z",673.24,0.59,0,0,0,0,0,0,
"2016-12-18T02:40:00Z","2016-12-18T02:45:00Z",673.31,0.59,0,0,0,0,0,0,
"2016-12-18T02:45:00Z","2016-12-18T02:50:00Z",673.31,0.59,0,0,0,0,0,0,
"2016-12-18T02:50:00Z","2016-12-18T02:55:00Z",673.26,0.59,0,0,0,0,0,0,
"2016-12-18T02:55:00Z","2016-12-18T03:00:00Z",673.33,0.59,0,0,0,0,0,0,
"2016-12-18T03:00:00Z","2016-12-18T03:05:00Z",673.28,0.59,0,0,0,0,0,0,
"2016-12-18T03:05:00Z","2016-12-18T03:10:00Z",673.29,0.59,0,0,0,0,0,0,
"2016-12-18T03:10:00Z","2016-12-18T03:15:00Z",673.24,0.59,0,0,0,0,0,0,
"2016-12-18T03:15:00Z","2016-12-18T03:20:00Z",673.28,0.59,0,0,0,0,0,0,
"2016-12-18T03:20:00Z","2016-12-18T03:25:00Z",673.28,0.59,0,0,0,0,0,0,
"2016-12-18T03:25:00Z","2016-12-18T03:30:00Z",673.26,0.59,0,0,0,0,0,0,
"2016-12-18T03:30:00Z","2016-12-18T03:35:00Z",673.22,0.59,0,0,0,0,0,0,
"2016-12-18T03:35:00Z","2016-12-18T03:40:00Z",673.26,0.59,0,0,0,0,0,0,
"2016-12-18T03:40:00Z","2016-12-18T03:45:00Z",673.27,0.59,0,0,0,0,0,0,
"2016-12-18T03:45:00Z","2016-12-18T03:50:00Z",673.36,0.59,0,0,0,0,0,0,
"2016-12-18T03:50:00Z","2016-12-18T03:55:00Z",673.29,0.59,0,0,0,0,0,0,
"2016-12-18T03:55:00Z","2016-12-18T04:00:00Z",673.27,0.59,0,0,0,0,0,0,
"2016-12-18T04:00:00Z","2016-12-18T04:05:00Z",673.31,0.59,0,0,0,0,0,0,
"2016-12-18T04:05:00Z","2016-12-18T04:10:00Z",673.26,0.59,0,0,0,0,0,0,
"2016-12-18T04:10:00Z","2016-12-18T04:15:00Z",673.31,0.59,0,0,0,0,0,0,
"2016-12-18T04:15:00Z","2016-12-18T04:20:00Z",673.24,0.59,0,0,0,0,0,0,
"2016-12-18T04:20:00Z","2016-12-18T04:25:00Z",673.39,0.59,0,0,0,0,0,0,
"2016-12-18T04:25:00Z","2016-12-18T04:30:00Z",673.35,0.59,0,0,0,0,0,0,
"2016-12-18T04:30:00Z","2016-12-18T04:35:00Z",673.29,0.59,0,0,0,0,0,0,
"2016-12-18T04:35:00Z","2016-12-18T04:40:00Z",673.30,0.59,0,0,0,0,0,0,
"2016-12-18T04:40:00Z","2016-12-18T04:45:00Z",673.32,0.59,0,0,0,0,0,0,
"2016-12-18T04:45:00Z","2016-12-18T04:50:00Z",673.26,0.59,0,0,0,0,0,0,
"2016-12-18T04:50:00Z","2016-12-18T04:55:00Z",673.23,0.59,0,0,0,0,0,0,
"2016-12-18T04:55:00Z","2016-12-18T05:00:00Z",673.31,0.59,0,0,0,0,0,0,
"2016-12-18T05:00:00Z","2016-12-18T05:05:00Z",673.33,0.59,0,0,0,0,0,0,
"2016-12-18T05:05:00Z","2016-12-18T05:10:00Z",673.29,0.59,0,0,0,0,0,0,
"2016-12-18T05:10:00Z","2016-12-18T05:15:00Z",673.25,0.59,0,0,0,0,0,0,
"2016-12-18T05:15:00Z","2016-12-18T05:20:00Z",673.23,0.59,0,0,0,0,0,0,
"2016-12-18T05:20:00Z","2016-12-18T05:25:00Z",673.26,0.59,0,0,0,0,0,0,
"2016-12-18T05:25:00Z","2016-12-18T05:30:00Z",673.30,0.59,0,0,0,0,0,0,
"2016-12-18T05:30:00Z","2016-12-18T05:35:00Z",673.35,0.59,0,0,0,0,0,0,
"2016-12-18T05:35:00Z","2016-12-18T05:40:00Z",673.35,0.59,0,0,0,0,0,0,
"2016-12-18T05:40:00Z","2016-12-18T05:45:00Z",673.35,0.59,0,0,0,0,0,0,
"2016-12-18T05:45:00Z","2016-12-18T05:50:00Z",673.24,0.59,0,0,0,0,0,0,
"2016-12-18T05:50:00Z","2016-12-18T05:55:00Z",673.35,0.59,0,0,0,0,0,0,
"2016-12-18T05:55:00Z","2016-12-18T06:00:00Z",673.34,0.59,0,0,0,0,0,0,
"2016-12-18T06:00:00Z","2016-12-18T06:05:00Z",673.33,0.59,0,0,0,0,0,0,
"2016-12-18T06:05:00Z","2016-12-18T06:10:00Z",673.39,0.59,0,0,0,0,0,0,
"2016-12-18T06:10:00Z","2016-12-18T06:15:00Z",673.34,0.59,0,0,0,0,0,0,
"2016-12-18T06:15:00Z","2016-12-18T06:20:00Z",673.32,0.59,0,0,0,0,0,0,
"2016-12-18T06:20:00Z","2016-12-18T06:25:00Z",673.32,0.59,0,0,0,0,0,0,
"2016-12-18T06:25:00Z","2016-12-18T06:30:00Z",673.30,0.59,0,0,0,0,0,0,
"2016-12-18T06:30:00Z","2016-12-18T06:35:00Z",673.41,0.59,0,0,0,0,0,0,
"2016-12-18T06:35:00Z","2016-12-18T06:40:00Z",673.26,0.59,0,0,0,0,0,0,
"2016-12-18T06:40:00Z","2016-12-18T06:45:00Z",673.34,0.59,0,0,0,0,0,0,
"2016-12-18T06:45:00Z","2016-12-18T06:50:00Z",673.30,0.59,0,0,0,0,0,0,
"2016-12-18T06:50:00Z","2016-12-18T06:55:00Z",673.20,0.59,0,0,0,0,0,0,
"2016-12-18T06:55:00Z","2016-12-18T07:00:00Z",673.34,0.59,0,0,0,0,0,0,
"2016-12-18T07:00:00Z","2016-12-18T07:05:00Z",673.29,0.59,0,0,0,0,0,0,
"2016-12-18T07:05:00Z","2016-12-18T07:10:00Z",673.25,0.59,0,0,0,0,0,0,
"2016-12-18T07:10:00Z","2016-12-18T07:15:00Z",673.41,0.59,0,0,0,0,0,0,
"2016-12-18T07:15:00Z","2016-12-18T07:20:00Z",673.38,0.59,0,0,0,0,0,0,
"2016-12-18T07:20:00Z","2016-12-18T07:25:00Z",673.30,0.59,0,0,0,0,0,0,
"2016-12-18T07:25:00Z","2016-12-18T07:30:00Z",673.28,0.59,0,0,0,0,0,0,
"2016-12-18T07:30:00Z","2016-12-18T07:35:00Z",673.32,0.59,0,0,0,0,0,0,
"2016-12-18T07:35:00Z","2016-12-18T07:40:00Z",673.31,0.59,0,0,0,0,0,0,
"2016-12-18T07:40:00Z","2016-12-18T07:45:00Z",673.32,0.59,0,0,0,0,0,0,
"2016-12-18T07:45:00Z","2016-12-18T07:50:00Z",673.32,0.59,0,0,0,0,0,0,
"2016-12-18T07:50:00Z","2016-12-18T07:55:00Z",673.39,0.59,0,0,0,0,0,0,
"2016-12-18T07:55:00Z","2016-12-18T08:00:00Z",673.35,0.59,0,0,0,0,0,0,
"2016-12-18T08:00:00Z","2016-12-18T08:05:00Z",673.31,0.59,0,0,0,0,0,0,
"2016-12-18T08:05:00Z","2016-12-18T08:10:00Z",673.31,0.59,0,0,0,0,0,0,
"2016-12-18T08:10:00Z","2016-12-18T08:15:00Z",673.32,0.59,0,0,0,0,0,0,
"2016-12-18T08:15:00Z","2016-12-18T08:20:00Z",673.34,0.59,0,0,0,0,0,0,
"2016-12-18T08:20:00Z","2016-12-18T08:25:00Z",673.30,0.59,0,0,0,0,0,0,
"2016-12-18T08:25:00Z","2016-12-18T08:30:00Z",673.29,0.59,0,0,0,0,0,0,
"2016-12-18T08:30:00Z","2016-12-18T08:35:00Z",673.35,0.59,0,0,0,0,0,0,
"2016-12-18T08:35:00Z","2016-12-18T08:40:00Z",673.33,0.59,0,0,0,0,0,0,
"2016-12-18T08:40:00Z","2016-12-18T08:45:00Z",673.32,0.59,0,0,0,0,0,0,
"2016-12-18T08:45:00Z","2016-12-18T08:50:00Z",673.24,0.59,0,0,0,0,0,0,
"2016-12-18T08:50:00Z","2016-12-18T08:55:00Z",673.28,0.59,0,0,0,0,0,0,
"2016-12-18T08:55:00Z","2016-12-18T09:00:00Z",673.33,0.59,0,0,0,0,0,0,
"2016-12-18T09:00:00Z","2016-12-18T09:05:00Z",673.30,0.59,0,0,0,0,0,0,
"2016-12-18T09:05:00Z","2016-12-18T09:10:00Z",673.34,0.59,0,0,0,0,0,0,
"2016-12-18T09:10:00Z","2016-12-18T09:15:00Z",673.28,0.59,0,0,0,0,0,0,
"2016-12-18T09:15:00Z","2016-12-18T09:20:00Z",673.34,0.59,0,0,0,0,0,0,
"2016-12-18T09:20:00Z","2016-12-18T09:25:00Z",673.29,0.59,0,0,0,0,0,0,
"2016-12-18T09:25:00Z","2016-12-18T09:30:00Z",673.27,0.59,0,0,0,0,0,0,
"2016-12-18T09:30:00Z","2016-12-18T09:35:00Z",673.32,0.59,0,0,0,0,0,0,
"2016-12-18T09:35:00Z","2016-12-18T09:40:00Z",673.28,0.59,0,0,0,0,0,0,
"2016-12-18T09:40:00Z","2016-12-18T09:45:00Z",673.27,0.59,0,0,0,0,0,0,
"2016-12-18T09:45:00Z","2016-12-18T09:50:00Z",673.28,0.59,0,0,0,0,0,0,
"2016-12-18T09:50:00Z","2016-12-18T09:55:00Z",673.30,0.59,0,0,0,0,0,0,
"2016-12-18T09:55:00Z","2016-12-18T10:00:00Z",673.32,0.59,0,0,0,0,0,0,
"2016-12-18T10:00:00Z","2016-12-18T10:05:00Z",673.29,0.59,0,0,0,0,0,0,
"2016-12-18T10:05:00Z","2016-12-18T10:10:00Z",673.24,0.59,0,0,0,0,0,0,
"2016-12-18T10:10:00Z","2016-12-18T10:15:00Z",673.31,0.59,0,0,0,0,0,0,
"2016-12-18T10:15:00Z","2016-12-18T10:20:00Z",673.24,0.59,0,0,0,0,0,0,
"2016-12-18T10:20:00Z","2016-12-18T10:25:00Z",673.20,0.59,0,0,0,0,0,0,
"2016-12-18T10:25:00Z","2016-12-18T10:30:00Z",673.21,0.59,0,0,0,0,0,0,
"2016-12-18T10:30:00Z","2016-12-18T10:35:00Z",673.32,0.59,0,0,0,0,0,0,
"2016-12-18T10:35:00Z","2016-12-18T10:40:00Z",673.28,0.59,0,0,0,0,0,0,
"2016-12-18T10:40:00Z","2016-12-18T10:45:00Z",673.35,0.59,0,0,0,0,0,0,
"2016-12-18T10:45:00Z","2016-12-18T10:50:00Z",673.27,0.59,0,0,0,0,0,0,
"2016-12-18T10:50:00Z","2016-12-18T10:55:00Z",673.36,0.59,0,0,0,0,0,0,
"2016-12-18T10:55:00Z","2016-12-18T11:00:00Z",673.22,0.59,0,0,0,0,0,0,
"2016-12-18T11:00:00Z","2016-12-18T11:05:00Z",673.30,0.59,0,0,0,0,0,0,
"2016-12-18T11:05:00Z","2016-12-18T11:10:00Z",673.39,0.59,0,0,0,0,0,0,
"2016-12-18T11:10:00Z","2016-12-18T11:15:00Z",673.28,0.59,0,0,0,0,0,0,
"2016-12-18T11:15:00Z","2016-12-18T11:20:00Z",673.25,0.59,0,0,0,0,0,0,
"2016-12-18T11:20:00Z","2016-12-18T11:25:00Z",673.29,0.59,0,0,0,0,0,0,
"2016-12-18T11:25:00Z","2016-12-18T11:30:00Z",673.32,0.59,0,0,0,0,0,0,
"2016-12-18T11:30:00Z","2016-12-18T11:35:00Z",673.26,0.59,0,0,0,0,0,0,
"2016-12-18T11:35:00Z","2016-12-18T11:40:00Z",673.28,0.59,0,0,0,0,0,0,
"2016-12-18T11:40:00Z","2016-12-18T11:45:00Z",673.26,0.59,0,0,0,0,0,0,
"2016-12-18T11:45:00Z","2016-12-18T11:50:00Z",673.36,0.59,0,0,0,0,0,0,
"2016-12-18T11:50:00Z","2016-12-18T11:55:00Z",673.21,0.59,0,0,0,0,0,0,
"2016-12-18T11:55:00Z","2016-12-18T12:00:00Z",673.35,0.59,0,0,0,0,0,0,
"2016-12-18T12:00:00Z","2016-12-18T12:05:00Z",673.29,0.59,0,0,0,0,0,0,
"2016-12-18T12:05:00Z","2016-12-18T12:10:00Z",673.28,0.59,0,0,0,0,0,0,
"2016-12-18T12:10:00Z","2016-12-18T12:15:00Z",673.26,0.59,0,0,0,0,0,0,
"2016-12-18T12:15:00Z","2016-12-18T12:20:00Z",673.30,0.59,0,0,0,0,0,0,
"2016-12-18T12:20:00Z","2016-12-18T12:25:00Z",673.29,0.59,0,0,0,0,0,0,
"2016-12-18T12:25:00Z","2016-12-18T12:30:00Z",673.34,0.59,0,0,0,0,0,0,
"2016-12-18T12:30:00Z","2016-12-18T12:35:00Z",673.40,0.59,0,0,0,0,0,0,
"2016-12-18T12:35:00Z","2016-12-18T12:40:00Z",673.24,0.59,0,0,0,0,0,0,
"2016-12-18T12:40:00Z","2016-12-18T12:45:00Z",673.32,0.59,0,0,0,0,0,0,
"2016-12-18T12:45:00Z","2016-12-18T12:50:00Z",673.34,0.59,0,0,0,0,0,0,
"2016-12-18T12:50:00Z","2016-12-18T12:55:00Z",,,0,0,0,1,1,1,
"2016-12-18T12:55:00Z","2016-12-18T13:00:00Z",,,0,0,1,1,1,1,
"2016-12-18T13:00:00Z","2016-12-18T13:05:00Z",,,0,0,1,1,1,1,
"2016-12-18T13:05:00Z","2016-12-18T13:10:00Z",673.38,,0,0,1,0,0,0,
"2016-12-18T13:10:00Z","2016-12-18T13:15:00Z",673.33,0.59,0,0,0,0,0,0,
"2016-12-18T13:15:00Z","2016-12-18T13:20:00Z",673.35,0.59,0,0,0,0,0,0,
"2016-12-18T13:20:00Z","2016-12-18T13:25:00Z",673.36,0.59,0,0,0,0,0,0,
"2016-12-18T13:25:00Z","2016-12-18T13:30:00Z",673.29,0.59,0,0,0,0,0,0,
"2016-12-18T13:30:00Z","2016-12-18T13:35:00Z",673.47,0.59,0,0,0,0,0,0,
"2016-12-18T13:35:00Z","2016-12-18T13:40:00Z",673.26,0.59,0,0,0,0,0,0,
"2016-12-18T13:40:00Z","2016-12-18T13:45:00Z",673.33,0.59,0,0,0,0,0,0,
"2016-12-18T13:45:00Z","2016-12-18T13:50:00Z",673.37,0.59,0,0,0,0,0,0,
"2016-12-18T13:50:00Z","2016-12-18T13:55:00Z",,,0,0,0,1,1,1,
"2016-12-18T13:55:00Z","2016-12-18T14:00:00Z",,,0,0,1,1,1,1,
"2016-12-18T14:00:00Z","2016-12-18T14:05:00Z",,,0,0,1,1,1,1,
"2016-12-18T14:05:00Z","2016-12-18T14:10:00Z",673.35,,0,0,1,0,0,0,
"2016-12-18T14:10:00Z","2016-12-18T14:15:00Z",673.40,0.59,0,0,0,0,0,0,
"2016-12-18T14:15:00Z","2016-12-18T14:20:00Z",673.28,,0,0,1,0,0,0,
"2016-12-18T14:20:00Z","2016-12-18T14:25:00Z",-0.25,,1,0,1,0,0,1,
"2016-12-18T14:25:00Z","2016-12-18T14:30:00Z",673.43,,0,0,1,0,0,0,
"2016-12-18T14:30:00Z","2016-12-18T14:35:00Z",673.36,0.59,0,0,0,0,0,0,
"2016-12-18T14:35:00Z","2016-12-18T14:40:00Z",673.35,0.59,0,0,0,0,0,0,
"2016-12-18T14:40:00Z","2016-12-18T14:45:00Z",673.38,0.59,0,0,0,0,0,0,
"2016-12-18T14:45:00Z","2016-12-18T14:50:00Z",673.39,0.59,0,0,0,0,0,0,
"2016-12-18T14:50:00Z","2016-12-18T14:55:00Z",673.35,0.59,0,0,0,0,0,0,
"2016-12-18T14:55:00Z","2016-12-18T15:00:00Z",673.39,0.59,0,0,0,0,0,0,
"2016-12-18T15:00:00Z","2016-12-18T15:05:00Z",673.36,0.59,0,0,0,0,0,0,
"2016-12-18T15:05:00Z","2016-12-18T15:10:00Z",673.41,0.59,0,0,0,0,0,0,
"2016-12-18T15:10:00Z","2016-12-18T15:15:00Z",673.35,0.59,0,0,0,0,0,0,
"2016-12-18T15:15:00Z","2016-12-18T15:20:00Z",673.36,0.59,0,0,0,0,0,0,
"2016-12-18T15:20:00Z","2016-12-18T15:25:00Z",673.42,,0,0,1,0,0,0,
"2016-12-18T15:25:00Z","2016-12-18T15:30:00Z",-0.16,,1,0,1,0,0,1,
"2016-12-18T15:30:00Z","2016-12-18T15:35:00Z",673.35,,0,0,1,0,0,0,
"2016-12-18T15:35:00Z","2016-12-18T15:40:00Z",673.38,0.59,0,0,0,0,0,0,
"2016-12-18T15:40:00Z","2016-12-18T15:45:00Z",673.39,0.59,0,0,0,0,0,0,
"2016-12-18T15:45:00Z","2016-12-18T15:50:00Z",673.41,0.59,0,0,0,0,0,0,
"2016-12-18T15:50:00Z","2016-12-18T15:55:00Z",673.41,0.59,0,0,0,0,0,0,
"2016-12-18T15:55:00Z","2016-12-18T16:00:00Z",673.33,0.59,0,0,0,0,0,0,
"2016-12-18T16:00:00Z","2016-12-18T16:05:00Z",673.35,0.59,0,0,0,0,0,0,
"2016-12-18T16:05:00Z","2016-12-18T16:10:00Z",673.31,0.59,0,0,0,0,0,0,
"2016-12-18T16:10:00Z","2016-12-18T16:15:00Z",673.45,0.59,0,0,0,0,0,0,
"2016-12-18T16:15:00Z","2016-12-18T16:20:00Z",673.45,0.59,0,0,0,0,0,0,
"2016-12-18T16:20:00Z","2016-12-18T16:25:00Z",673.37,0.59,0,0,0,0,0,0,
"2016-12-18T16:25:00Z","2016-12-18T16:30:00Z",673.41,0.59,0,0,0,0,0,0,
"2016-12-18T16:30:00Z","2016-12-18T16:35:00Z",673.42,0.59,0,0,0,0,0,0,
"2016-12-18T16:35:00Z","2016-12-18T16:40:00Z",673.45,0.59,0,0,0,0,0,0,
"2016-12-18T16:40:00Z","2016-12-18T16:45:00Z",673.28,0.59,0,0,0,0,0,0,
"2016-12-18T16:45:00Z","2016-12-18T16:50:00Z",673.36,0.59,0,0,0,0,0,0,
"2016-12-18T16:50:00Z","2016-12-18T16:55:00Z",673.33,0.59,0,0,0,0,0,0,
"2016-12-18T16:55:00Z","2016-12-18T17:00:00Z",673.41,0.59,0,0,0,0,0,0,
"2016-12-18T17:00:00Z","2016-12-18T17:05:00Z",673.41,0.59,0,0,0,0,0,0,
"2016-12-18T17:05:00Z","2016-12-18T17:10:00Z",673.32,0.59,0,0,0,0,0,0,
"2016-12-18T17:10:00Z","2016-12-18T17:15:00Z",673.28,0.59,0,0,0,0,0,0,
"2016-12-18T17:15:00Z","2016-12-18T17:20:00Z",673.42,0.59,0,0,0,0,0,0,
"2016-12-18T17:20:00Z","2016-12-18T17:25:00Z",673.37,0.59,0,0,0,0,0,0,
"2016-12-18T17:25:00Z","2016-12-18T17:30:00Z",673.42,0.59,0,0,0,0,0,0,
"2016-12-18T17:30:00Z","2016-12-18T17:35:00Z",673.42,0.59,0,0,0,0,0,0,
"2016-12-18T17:35:00Z","2016-12-18T17:40:00Z",673.30,0.59,0,0,0,0,0,0,
"2016-12-18T17:40:00Z","2016-12-18T17:45:00Z",673.33,0.59,0,0,0,0,0,0,
"2016-12-18T17:45:00Z","2016-12-18T17:50:00Z",673.29,0.59,0,0,0,0,0,0,
"2016-12-18T17:50:00Z","2016-12-18T17:55:00Z",673.33,0.59,0,0,0,0,0,0,
"2016-12-18T17:55:00Z","2016-12-18T18:00:00Z",673.34,0.59,0,0,0,0,0,0,
"2016-12-18T18:00:00Z","2016-12-18T18:05:00Z",673.33,0.59,0,0,0,0,0,0,
"2016-12-18T18:05:00Z","2016-12-18T18:10:00Z",673.30,0.59,0,0,0,0,0,0,
"2016-12-18T18:10:00Z","2016-12-18T18:15:00Z",673.34,0.59,0,0,0,0,0,0,
"2016-12-18T18:15:00Z","2016-12-18T18:20:00Z",673.40,0.59,0,0,0,0,0,0,
"2016-12-18T18:20:00Z","2016-12-18T18:25:00Z",673.33,0.59,0,0,0,0,0,0,
"2016-12-18T18:25:00Z","2016-12-18T18:30:00Z",673.34,0.59,0,0,0,0,0,0,
"2016-12-18T18:30:00Z","2016-12-18T18:35:00Z",673.30,0.59,0,0,0,0,0,0,
"2016-12-18T18:35:00Z","2016-12-18T18:40:00Z",673.36,0.59,0,0,0,0,0,0,
"2016-12-18T18:40:00Z","2016-12-18T18:45:00Z",673.33,0.59,0,0,0,0,0,0,
"2016-12-18T18:45:00Z","2016-12-18T18:50:00Z",673.35,0.59,0,0,0,0,0,0,
"2016-12-18T18:50:00Z","2016-12-18T18:55:00Z",673.24,0.59,0,0,0,0,0,0,
"2016-12-18T18:55:00Z","2016-12-18T19:00:00Z",673.23,0.59,0,0,0,0,0,0,
"2016-12-18T19:00:00Z","2016-12-18T19:05:00Z",673.13,0.59,0,0,0,0,0,0,
"2016-12-18T19:05:00Z","2016-12-18T19:10:00Z",673.29,0.59,0,0,0,0,0,0,
"2016-12-18T19:10:00Z","2016-12-18T19:15:00Z",673.24,0.59,0,0,0,0,0,0,
"2016-12-18T19:15:00Z","2016-12-18T19:20:00Z",673.30,0.59,0,0,0,0,0,0,
"2016-12-18T19:20:00Z","2016-12-18T19:25:00Z",673.23,0.59,0,0,0,0,0,0,
"2016-12-18T19:25:00Z","2016-12-18T19:30:00Z",673.21,0.59,0,0,0,0,0,0,
"2016-12-18T19:30:00Z","2016-12-18T19:35:00Z",673.23,0.59,0,0,0,0,0,0,
"2016-12-18T19:35:00Z","2016-12-18T19:40:00Z",673.19,0.59,0,0,0,0,0,0,
"2016-12-18T19:40:00Z","2016-12-18T19:45:00Z",673.24,0.59,0,0,0,0,0,0,
"2016-12-18T19:45:00Z","2016-12-18T19:50:00Z",673.10,0.59,0,0,0,0,0,0,
"2016-12-18T19:50:00Z","2016-12-18T19:55:00Z",673.11,0.59,0,0,0,0,0,0,
"2016-12-18T19:55:00Z","2016-12-18T20:00:00Z",673.12,0.59,0,0,0,0,0,0,
"2016-12-18T20:00:00Z","2016-12-18T20:05:00Z",673.17,0.59,0,0,0,0,0,0,
"2016-12-18T20:05:00Z","2016-12-18T20:10:00Z",673.15,0.59,0,0,0,0,0,0,
"2016-12-18T20:10:00Z","2016-12-18T20:15:00Z",673.12,0.59,0,0,0,0,0,0,
"2016-12-18T20:15:00Z","2016-12-18T20:20:00Z",673.12,0.59,0,0,0,0,0,0,
"2016-12-18T20:20:00Z","2016-12-18T20:25:00Z",673.14,0.59,0,0,0,0,0,0,
"2016-12-18T20:25:00Z","2016-12-18T20:30:00Z",672.97,0.59,0,0,0,0,0,0,
"2016-12-18T20:30:00Z","2016-12-18T20:35:00Z",673.13,0.59,0,0,0,0,0,0,
"2016-12-18T20:35:00Z","2016-12-18T20:40:00Z",673.12,0.59,0,0,0,0,0,0,
"2016-12-18T20:40:00Z","2016-12-18T20:45:00Z",673.14,0.59,0,0,0,0,0,0,
"2016-12-18T20:45:00Z","2016-12-18T20:50:00Z",673.13,0.59,0,0,0,0,0,0,
"2016-12-18T20:50:00Z","2016-12-18T20:55:00Z",673.00,0.59,0,0,0,0,0,0,
"2016-12-18T20:55:00Z","2016-12-18T21:00:00Z",673.02,0.59,0,0,0,0,0,0,
"2016-12-18T21:00:00Z","2016-12-18T21:05:00Z",673.03,0.59,0,0,0,0,0,0,
"2016-12-18T21:05:00Z","2016-12-18T21:10:00Z",673.04,0.59,0,0,0,0,0,0,
"2016-12-18T21:10:00Z","2016-12-18T21:15:00Z",673.01,0.59,0,0,0,0,0,0,
"2016-12-18T21:15:00Z","2016-12-18T21:20:00Z",673.03,0.59,0,0,0,0,0,0,
"2016-12-18T21:20:00Z","2016-12-18T21:25:00Z",673.00,0.59,0,0,0,0,0,0,
"2016-12-18T21:25:00Z","2016-12-18T21:30:00Z",673.09,0.59,0,0,0,0,0,0,
"2016-12-18T21:30:00Z","2016-12-18T21:35:00Z",673.05,0.59,0,0,0,0,0,0,
"2016-12-18T21:35:00Z","2016-12-18T21:40:00Z",673.02,0.59,0,0,0,0,0,0,
"2016-12-18T21:40:00Z","2016-12-18T21:45:00Z",673.11,0.59,0,0,0,0,0,0,
"2016-12-18T21:45:00Z","2016-12-18T21:50:00Z",673.05,0.59,0,0,0,0,0,0,
"2016-12-18T21:50:00Z","2016-12-18T21:55:00Z",672.99,0.59,0,0,0,0,0,0,
"2016-12-18T21:55:00Z","2016-12-18T22:00:00Z",673.12,0.59,0,0,0,0,0,0,
"2016-12-18T22:00:00Z","2016-12-18T22:05:00Z",673.03,0.59,0,0,0,0,0,0,
"2016-12-18T22:05:00Z","2016-12-18T22:10:00Z",673.03,0.59,0,0,0,0,0,0,
"2016-12-18T22:10:00Z","2016-12-18T22:15:00Z",672.93,0.59,0,0,0,0,0,0,
"2016-12-18T22:15:00Z","2016-12-18T22:20:00Z",672.98,0.59,0,0,0,0,0,0,
"2016-12-18T22:20:00Z","2016-12-18T22:25:00Z",673.06,0.59,0,0,0,0,0,0,
"2016-12-18T22:25:00Z","2016-12-18T22:30:00Z",672.98,0.59,0,0,0,0,0,0,
"2016-12-18T22:30:00Z","2016-12-18T22:35:00Z",673.04,0.59,0,0,0,0,0,0,
"2016-12-18T22:35:00Z","2016-12-18T22:40:00Z",673.04,0.59,0,0,0,0,0,0,
"2016-12-18T22:40:00Z","2016-12-18T22:45:00Z",673.02,0.59,0,0,0,0,0,0,
"2016-12-18T22:45:00Z","2016-12-18T22:50:00Z",672.97,0.59,0,0,0,0,0,0,
"2016-12-18T22:50:00Z","2016-12-18T22:55:00Z",672.97,0.59,0,0,0,0,0,0,
"2016-12-18T22:55:00Z","2016-12-18T23:00:00Z",672.93,0.59,0,0,0,0,0,0,
"2016-12-18T23:00:00Z","2016-12-18T23:05:00Z",673.00,0.59,0,0,0,0,0,0,
"2016-12-18T23:05:00Z","2016-12-18T23:10:00Z",672.93,0.59,0,0,0,0,0,0,
"2016-12-18T23:10:00Z","2016-12-18T23:15:00Z",672.89,0.59,0,0,0,0,0,0,
"2016-12-18T23:15:00Z","2016-12-18T23:20:00Z",673.03,0.59,0,0,0,0,0,0,
"2016-12-18T23:20:00Z","2016-12-18T23:25:00Z",672.97,0.59,0,0,0,0,0,0,
"2016-12-18T23:25:00Z","2016-12-18T23:30:00Z",672.92,0.59,0,0,0,0,0,0,
"2016-12-18T23:30:00Z","2016-12-18T23:35:00Z",672.92,0.59,0,0,0,0,0,0,
"2016-12-18T23:35:00Z","2016-12-18T23:40:00Z",672.90,0.59,0,0,0,0,0,0,
"2016-12-18T23:40:00Z","2016-12-18T23:45:00Z",672.93,0.59,0,0,0,0,0,0,
"2016-12-18T23:45:00Z","2016-12-18T23:50:00Z",672.87,0.59,0,0,0,0,0,0,
"2016-12-18T23:50:00Z","2016-12-18T23:55:00Z",672.96,0.59,0,0,0,0,0,0,
"2016-12-18T23:55:00Z","2016-12-19T00:00:00Z",672.91,0.59,0,0,0,0,0,0,
"2016-12-19T00:00:00Z","2016-12-19T00:05:00Z",672.87,0.59,0,0,0,0,0,0,
"2016-12-19T00:05:00Z","2016-12-19T00:10:00Z",672.88,0.59,0,0,0,0,0,0,
"2016-12-19T00:10:00Z","2016-12-19T00:15:00Z",672.89,0.59,0,0,0,0,0,0,
"2016-12-19T00:15:00Z","2016-12-19T00:20:00Z",672.87,0.59,0,0,0,0,0,0,
"2016-12-19T00:20:00Z","2016-12-19T00:25:00Z",672.92,0.59,0,0,0,0,0,0,
"2016-12-19T00:25:00Z","2016-12-19T00:30:00Z",672.86,0.59,0,0,0,0,0,0,
"2016-12-19T00:30:00Z","2016-12-19T00:35:00Z",672.84,0.59,0,0,0,0,0,0,
"2016-12-19T00:35:00Z","2016-12-19T00:40:00Z",672.92,0.59,0,0,0,0,0,0,
"2016-12-19T00:40:00Z","2016-12-19T00:45:00Z",672.85,0.59,0,0,0,0,0,0,
"2016-12-19T00:45:00Z","2016-12-19T00:50:00Z",672.81,0.59,0,0,0,0,0,0,
"2016-12-19T00:50:00Z","2016-12-19T00:55:00Z",672.83,0.59,0,0,0,0,0,0,
"2016-12-19T00:55:00Z","2016-12-19T01:00:00Z",672.82,0.59,0,0,0,0,0,0,
"2016-12-19T01:00:00Z","2016-12-19T01:05:00Z",672.81,0.59,0,0,0,0,0,0,
"2016-12-19T01:05:00Z","2016-12-19T01:10:00Z",672.85,0.59,0,0,0,0,0,0,
"2016-12-19T01:10:00Z","2016-12-19T01:15:00Z",672.78,0.59,0,0,0,0,0,0,
"2016-12-19T01:15:00Z","2016-12-19T01:20:00Z",672.88,0.59,0,0,0,0,0,0,
"2016-12-19T01:20:00Z","2016-12-19T01:25:00Z",672.78,0.59,0,0,0,0,0,0,
"2016-12-19T01:25:00Z","2016-12-19T01:30:00Z",672.84,0.59,0,0,0,0,0,0,
"2016-12-19T01:30:00Z","2016-12-19T01:35:00Z",672.75,0.59,0,0,0,0,0,0,
"2016-12-19T01:35:00Z","2016-12-19T01:40:00Z",672.80,0.59,0,0,0,0,0,0,
"2016-12-19T01:40:00Z","2016-12-19T01:45:00Z",672.80,0.59,0,0,0,0,0,0,
"2016-12-19T01:45:00Z","2016-12-19T01:50:00Z",672.83,0.59,0,0,0,0,0,0,
"2016-12-19T01:50:00Z","2016-12-19T01:55:00Z",672.77,0.59,0,0,0,0,0,0,
"2016-12-19T01:55:00Z","2016-12-19T02:00:00Z",672.81,0.59,0,0,0,0,0,0,
"2016-12-19T02:00:00Z","2016-12-19T02:05:00Z",672.84,0.59,0,0,0,0,0,0,
"2016-12-19T02:05:00Z","2016-12-19T02:10:00Z",672.79,0.59,0,0,0,0,0,0,
"2016-12-19T02:10:00Z","2016-12-19T02:15:00Z",672.81,0.59,0,0,0,0,0,0,
"2016-12-19T02:15:00Z","2016-12-19T02:20:00Z",672.87,0.59,0,0,0,0,0,0,
"2016-12-19T02:20:00Z","2016-12-19T02:25:00Z",672.87,0.59,0,0,0,0,0,0,
"2016-12-19T02:25:00Z","2016-12-19T02:30:00Z",672.96,0.59,0,0,0,0,0,0,
"2016-12-19T02:30:00Z","2016-12-19T02:35:00Z",672.90,0.59,0,0,0,0,0,0,
"2016-12-19T02:35:00Z","2016-12-19T02:40:00Z",672.90,0.59,0,0,0,0,0,0,
"2016-12-19T02:40:00Z","2016-12-19T02:45:00Z",672.88,0.59,0,0,0,0,0,0,
"2016-12-19T02:45:00Z","2016-12-19T02:50:00Z",672.91,0.59,0,0,0,0,0,0,
"2016-12-19T02:50:00Z","2016-12-19T02:55:00Z",672.83,0.59,0,0,0,0,0,0,
"2016-12-19T02:55:00Z","2016-12-19T03:00:00Z",672.87,0.59,0,0,0,0,0,0,
"2016-12-19T03:00:00Z","2016-12-19T03:05:00Z",672.87,0.59,0,0,0,0,0,0,
"2016-12-19T03:05:00Z","2016-12-19T03:10:00Z",672.93,0.59,0,0,0,0,0,0,
"2016-12-19T03:10:00Z","2016-12-19T03:15:00Z",672.96,0.59,0,0,0,0,0,0,
"2016-12-19T03:15:00Z","2016-12-19T03:20:00Z",672.94,0.59,0,0,0,0,0,0,
"2016-12-19T03:20:00Z","2016-12-19T03:25:00Z",673.00,0.59,0,0,0,0,0,0,
"2016-12-19T03:25:00Z","2016-12-19T03:30:00Z",672.98,0.59,0,0,0,0,0,0,
"2016-12-19T03:30:00Z","2016-12-19T03:35:00Z",672.98,0.59,0,0,0,0,0,0,
"2016-12-19T03:35:00Z","2016-12-19T03:40:00Z",672.93,0.59,0,0,0,0,0,0,
"2016-12-19T03:40:00Z","2016-12-19T03:45:00Z",672.89,0.59,0,0,0,0,0,0,
"2016-12-19T03:45:00Z","2016-12-19T03:50:00Z",672.89,0.59,0,0,0,0,0,0,
"2016-12-19T03:50:00Z","2016-12-19T03:55:00Z",672.98,0.59,0,0,0,0,0,0,
"2016-12-19T03:55:00Z","2016-12-19T04:00:00Z",673.01,0.59,0,0,0,0,0,0,
"2016-12-19T04:00:00Z","2016-12-19T04:05:00Z",672.96,0.59,0,0,0,0,0,0,
"2016-12-19T04:05:00Z","2016-12-19T04:10:00Z",672.95,0.59,0,0,0,0,0,0,
"2016-12-19T04:10:00Z","2016-12-19T04:15:00Z",672.99,0.59,0,0,0,0,0,0,
"2016-12-19T04:15:00Z","2016-12-19T04:20:00Z",672.98,0.59,0,0,0,0,0,0,
"2016-12-19T04:20:00Z","2016-12-19T04:25:00Z",673.00,0.59,0,0,0,0,0,0,
"2016-12-19T04:25:00Z","2016-12-19T04:30:00Z",673.06,0.59,0,0,0,0,0,0,
"2016-12-19T04:30:00Z","2016-12-19T04:35:00Z",673.00,0.59,0,0,0,0,0,0,
"2016-12-19T04:35:00Z","2016-12-19T04:40:00Z",672.98,0.59,0,0,0,0,0,0,
"2016-12-19T04:40:00Z","2016-12-19T04:45:00Z",672.96,0.59,0,0,0,0,0,0,
"2016-12-19T04:45:00Z","2016-12-19T04:50:00Z",672.99,0.59,0,0,0,0,0,0,
"2016-12-19T04:50:00Z","2016-12-19T04:55:00Z",673.04,0.59,0,0,0,0,0,0,
"2016-12-19T04:55:00Z","2016-12-19T05:00:00Z",673.00,0.59,0,0,0,0,0,0,
"2016-12-19T05:00:00Z","2016-12-19T05:05:00Z",672.86,0.59,0,0,0,0,0,0,
"2016-12-19T05:05:00Z","2016-12-19T05:10:00Z",673.01,0.59,0,0,0,0,0,0,
"2016-12-19T05:10:00Z","2016-12-19T05:15:00Z",672.90,0.59,0,0,0,0,0,0,
"2016-12-19T05:15:00Z","2016-12-19T05:20:00Z",673.05,0.59,0,0,0,0,0,0,
"2016-12-19T05:20:00Z","2016-12-19T05:25:00Z",672.99,0.59,0,0,0,0,0,0,
"2016-12-19T05:25:00Z","2016-12-19T05:30:00Z",672.99,0.59,0,0,0,0,0,0,
"2016-12-19T05:30:00Z","2016-12-19T05:35:00Z",672.91,0.59,0,0,0,0,0,0,
"2016-12-19T05:35:00Z","2016-12-19T05:40:00Z",672.87,0.59,0,0,0,0,0,0,
"2016-12-19T05:40:00Z","2016-12-19T05:45:00Z",673.06,0.59,0,0,0,0,0,0,
"2016-12-19T05:45:00Z","2016-12-19T05:50:00Z",672.99,0.59,0,0,0,0,0,0,
"2016-12-19T05:50:00Z","2016-12-19T05:55:00Z",673.01,0.59,0,0,0,0,0,0,
"2016-12-19T05:55:00Z","2016-12-19T06:00:00Z",672.99,0.59,0,0,0,0,0,0,
"2016-12-19T06:00:00Z","2016-12-19T06:05:00Z",672.97,0.59,0,0,0,0,0,0,
"2016-12-19T06:05:00Z","2016-12-19T06:10:00Z",672.97,0.59,0,0,0,0,0,0,
"2016-12-19T06:10:00Z","2016-12-19T06:15:00Z",673.01,0.59,0,0,0,0,0,0,
"2016-12-19T06:15:00Z","2016-12-19T06:20:00Z",673.03,0.59,0,0,0,0,0,0,
"2016-12-19T06:20:00Z","2016-12-19T06:25:00Z",673.00,0.59,0,0,0,0,0,0,
"2016-12-19T06:25:00Z","2016-12-19T06:30:00Z",672.96,0.59,0,0,0,0,0,0,
"2016-12-19T06:30:00Z","2016-12-19T06:35:00Z",672.97,0.59,0,0,0,0,0,0,
"2016-12-19T06:35:00Z","2016-12-19T06:40:00Z",673.00,0.59,0,0,0,0,0,0,
"2016-12-19T06:40:00Z","2016-12-19T06:45:00Z",673.05,0.59,0,0,0,0,0,0,
"2016-12-19T06:45:00Z","2016-12-19T06:50:00Z",672.98,0.59,0,0,0,0,0,0,
"2016-12-19T06:50:00Z","2016-12-19T06:55:00Z",672.95,0.59,0,0,0,0,0,0,
"2016-12-19T06:55:00Z","2016-12-19T07:00:00Z",673.01,0.59,0,0,0,0,0,0,
"2016-12-19T07:00:00Z","2016-12-19T07:05:00Z",672.93,0.59,0,0,0,0,0,0,
"2016-12-19T07:05:00Z","2016-12-19T07:10:00Z",673.07,0.59,0,0,0,0,0,0,
"2016-12-19T07:10:00Z","2016-12-19T07:15:00Z",672.99,0.59,0,0,0,0,0,0,
"2016-12-19T07:15:00Z","2016-12-19T07:20:00Z",672.93,0.59,0,0,0,0,0,0,
"2016-12-19T07:20:00Z","2016-12-19T07:25:00Z",673.01,0.59,0,0,0,0,0,0,
"2016-12-19T07:25:00Z","2016-12-19T07:30:00Z",672.98,0.59,0,0,0,0,0,0,
"2016-12-19T07:30:00Z","2016-12-19T07:35:00Z",672.95,0.59,0,0,0,0,0,0,
"2016-12-19T07:35:00Z","2016-12-19T07:40:00Z",672.99,0.59,0,0,0,0,0,0,
"2016-12-19T07:40:00Z","2016-12-19T07:45:00Z",673.05,0.59,0,0,0,0,0,0,
"2016-12-19T07:45:00Z","2016-12-19T07:50:00Z",673.00,0.59,0,0,0,0,0,0,
"2016-12-19T07:50:00Z","2016-12-19T07:55:00Z",672.93,0.59,0,0,0,0,0,0,
"2016-12-19T07:55:00Z","2016-12-19T08:00:00Z",673.03,0.59,0,0,0,0,0,0,
"2016-12-19T08:00:00Z","2016-12-19T08:05:00Z",673.00,0.59,0,0,0,0,0,0,
"2016-12-19T08:05:00Z","2016-12-19T08:10:00Z",672.95,0.59,0,0,0,0,0,0,
"2016-12-19T08:10:00Z","2016-12-19T08:15:00Z",673.06,0.59,0,0,0,0,0,0,
"2016-12-19T08:15:00Z","2016-12-19T08:20:00Z",673.01,0.59,0,0,0,0,0,0,
"2016-12-19T08:20:00Z","2016-12-19T08:25:00Z",673.03,0.59,0,0,0,0,0,0,
"2016-12-19T08:25:00Z","2016-12-19T08:30:00Z",672.98,0.59,0,0,0,0,0,0,
"2016-12-19T08:30:00Z","2016-12-19T08:35:00Z",673.00,0.59,0,0,0,0,0,0,
"2016-12-19T08:35:00Z","2016-12-19T08:40:00Z",673.07,0.59,0,0,0,0,0,0,
"2016-12-19T08:40:00Z","2016-12-19T08:45:00Z",673.00,0.59,0,0,0,0,0,0,
"2016-12-19T08:45:00Z","2016-12-19T08:50:00Z",673.09,0.59,0,0,0,0,0,0,
"2016-12-19T08:50:00Z","2016-12-19T08:55:00Z",673.13,0.59,0,0,0,0,0,0,
"2016-12-19T08:55:00Z","2016-12-19T09:00:00Z",672.98,0.59,0,0,0,0,0,0,
"2016-12-19T09:00:00Z","2016-12-19T09:05:00Z",672.97,0.59,0,0,0,0,0,0,
"2016-12-19T09:05:00Z","2016-12-19T09:10:00Z",673.06,0.59,0,0,0,0,0,0,
"2016-12-19T09:10:00Z","2016-12-19T09:15:00Z",673.18,0.59,0,0,0,0,0,0,
"2016-12-19T09:15:00Z","2016-12-19T09:20:00Z",673.12,0.59,0,0,0,0,0,0,
"2016-12-19T09:20:00Z","2016-12-19T09:25:00Z",673.11,0.59,0,0,0,0,0,0,
"2016-12-19T09:25:00Z","2016-12-19T09:30:00Z",673.09,0.59,0,0,0,0,0,0,
"2016-12-19T09:30:00Z","2016-12-19T09:35:00Z",673.07,0.59,0,0,0,0,0,0,
"2016-12-19T09:35:00Z","2016-12-19T09:40:00Z",673.01,0.59,0,0,0,0,0,0,
"2016-12-19T09:40:00Z","2016-12-19T09:45:00Z",672.99,0.59,0,0,0,0,0,0,
"2016-12-19T09:45:00Z","2016-12-19T09:50:00Z",673.04,0.59,0,0,0,0,0,0,
"2016-12-19T09:50:00Z","2016-12-19T09:55:00Z",673.06,0.59,0,0,0,0,0,0,
"2016-12-19T09:55:00Z","2016-12-19T10:00:00Z",673.15,0.59,0,0,0,0,0,0,
"2016-12-19T10:00:00Z","2016-12-19T10:05:00Z",673.09,0.59,0,0,0,0,0,0,
"2016-12-19T10:05:00Z","2016-12-19T10:10:00Z",673.04,0.59,0,0,0,0,0,0,
"2016-12-19T10:10:00Z","2016-12-19T10:15:00Z",673.10,0.59,0,0,0,0,0,0,
"2016-12-19T10:15:00Z","2016-12-19T10:20:00Z",673.16,0.59,0,0,0,0,0,0,
"2016-12-19T10:20:00Z","2016-12-19T10:25:00Z",673.01,0.59,0,0,0,0,0,0,
"2016-12-19T10:25:00Z","2016-12-19T10:30:00Z",673.02,0.59,0,0,0,0,0,0,
"2016-12-19T10:30:00Z","2016-12-19T10:35:00Z",673.11,0.59,0,0,0,0,0,0,
"2016-12-19T10:35:00Z","2016-12-19T10:40:00Z",673.07,0.59,0,0,0,0,0,0,
"2016-12-19T10:40:00Z","2016-12-19T10:45:00Z",673.07,0.59,0,0,0,0,0,0,
"2016-12-19T10:45:00Z","2016-12-19T10:50:00Z",673.03,0.59,0,0,0,0,0,0,
"2016-12-19T10:50:00Z","2016-12-19T10:55:00Z",672.96,0.59,0,0,0,0,0,0,
"2016-12-19T10:55:00Z","2016-12-19T11:00:00Z",672.98,0.59,0,0,0,0,0,0,
"2016-12-19T11:00:00Z","2016-12-19T11:05:00Z",672.93,0.59,0,0,0,0,0,0,
"2016-12-19T11:05:00Z","2016-12-19T11:10:00Z",673.00,0.59,0,0,0,0,0,0,
"2016-12-19T11:10:00Z","2016-12-19T11:15:00Z",673.08,0.59,0,0,0,0,0,0,
"2016-12-19T11:15:00Z","2016-12-19T11:20:00Z",672.95,0.59,0,0,0,0,0,0,
"2016-12-19T11:20:00Z","2016-12-19T11:25:00Z",672.97,0.59,0,0,0,0,0,0,
"2016-12-19T11:25:00Z","2016-12-19T11:30:00Z",672.98,0.59,0,0,0,0,0,0,
"2016-12-19T11:30:00Z","2016-12-19T11:35:00Z",672.97,0.59,0,0,0,0,0,0,
"2016-12-19T11:35:00Z","2016-12-19T11:40:00Z",673.00,0.59,0,0,0,0,0,0,
"2016-12-19T11:40:00Z","2016-12-19T11:45:00Z",673.04,0.59,0,0,0,0,0,0,
"2016-12-19T11:45:00Z","2016-12-19T11:50:00Z",673.02,0.59,0,0,0,0,0,0,
"2016-12-19T11:50:00Z","2016-12-19T11:55:00Z",673.04,0.59,0,0,0,0,0,0,
"2016-12-19T11:55:00Z","2016-12-19T12:00:00Z",673.09,0.59,0,0,0,0,0,0,
"2016-12-19T12:00:00Z","2016-12-19T12:05:00Z",673.06,0.59,0,0,0,0,0,0,
"2016-12-19T12:05:00Z","2016-12-19T12:10:00Z",672.98,0.59,0,0,0,0,0,0,
"2016-12-19T12:10:00Z","2016-12-19T12:15:00Z",673.03,0.59,0,0,0,0,0,0,
"2016-12-19T12:15:00Z","2016-12-19T12:20:00Z",672.96,0.59,0,0,0,0,0,0,
"2016-12-19T12:20:00Z","2016-12-19T12:25:00Z",673.00,0.59,0,0,0,0,0,0,
"2016-12-19T12:25:00Z","2016-12-19T12:30:00Z",673.02,0.59,0,0,0,0,0,0,
"2016-12-19T12:30:00Z","2016-12-19T12:35:00Z",672.99,0.59,0,0,0,0,0,0,
"2016-12-19T12:35:00Z","2016-12-19T12:40:00Z",672.97,0.59,0,0,0,0,0,0,
"2016-12-19T12:40:00Z","2016-12-19T12:45:00Z",672.95,0.59,0,0,0,0,0,0,
"2016-12-19T12:45:00Z","2016-12-19T12:50:00Z",673.00,0.59,0,0,0,0,0,0,
"2016-12-19T12:50:00Z","2016-12-19T12:55:00Z",673.02,0.59,0,0,0,0,0,0,
"2016-12-19T12:55:00Z","2016-12-19T13:00:00Z",673.01,0.59,0,0,0,0,0,0,
"2016-12-19T13:00:00Z","2016-12-19T13:05:00Z",673.08,0.59,0,0,0,0,0,0,
"2016-12-19T13:05:00Z","2016-12-19T13:10:00Z",672.93,0.59,0,0,0,0,0,0,
"2016-12-19T13:10:00Z","2016-12-19T13:15:00Z",673.00,0.59,0,0,0,0,0,0,
"2016-12-19T13:15:00Z","2016-12-19T13:20:00Z",672.92,0.59,0,0,0,0,0,0,
"2016-12-19T13:20:00Z","2016-12-19T13:25:00Z",673.00,0.59,0,0,0,0,0,0,
"2016-12-19T13:25:00Z","2016-12-19T13:30:00Z",672.99,0.59,0,0,0,0,0,0,
"2016-12-19T13:30:00Z","2016-12-19T13:35:00Z",673.01,0.59,0,0,0,0,0,0,
"2016-12-19T13:35:00Z","2016-12-19T13:40:00Z",672.90,0.59,0,0,0,0,0,0,
"2016-12-19T13:40:00Z","2016-12-19T13:45:00Z",672.99,0.59,0,0,0,0,0,0,
"2016-12-19T13:45:00Z","2016-12-19T13:50:00Z",672.91,0.59,0,0,0,0,0,0,
"2016-12-19T13:50:00Z","2016-12-19T13:55:00Z",673.03,0.59,0,0,0,0,0,0,
"2016-12-19T13:55:00Z","2016-12-19T14:00:00Z",673.00,0.59,0,0,0,0,0,0,
"2016-12-19T14:00:00Z","2016-12-19T14:05:00Z",672.98,0.59,0,0,0,0,0,0,
"2016-12-19T14:05:00Z","2016-12-19T14:10:00Z",673.05,0.59,0,0,0,0,0,0,
"2016-12-19T14:10:00Z","2016-12-19T14:15:00Z",672.93,0.59,0,0,0,0,0,0,
"2016-12-19T14:15:00Z","2016-12-19T14:20:00Z",673.00,0.59,0,0,0,0,0,0,
"2016-12-19T14:20:00Z","2016-12-19T14:25:00Z",672.95,0.59,0,0,0,0,0,0,
"2016-12-19T14:25:00Z","2016-12-19T14:30:00Z",672.95,0.59,0,0,0,0,0,0,
"2016-12-19T14:30:00Z","2016-12-19T14:35:00Z",672.96,0.59,0,0,0,0,0,0,
"2016-12-19T14:35:00Z","2016-12-19T14:40:00Z",672.84,0.59,0,0,0,0,0,0,
"2016-12-19T14:40:00Z","2016-12-19T14:45:00Z",672.96,0.59,0,0,0,0,0,0,
"2016-12-19T14:45:00Z","2016-12-19T14:50:00Z",672.94,0.59,0,0,0,0,0,0,
"2016-12-19T14:50:00Z","2016-12-19T14:55:00Z",673.00,0.59,0,0,0,0,0,0,
"2016-12-19T14:55:00Z","2016-12-19T15:00:00Z",672.92,0.59,0,0,0,0,0,0,
"2016-12-19T15:00:00Z","2016-12-19T15:05:00Z",672.87,0.59,0,0,0,0,0,0,
"2016-12-19T15:05:00Z","2016-12-19T15:10:00Z",672.98,0.59,0,0,0,0,0,0,
"2016-12-19T15:10:00Z","2016-12-19T15:15:00Z",672.91,0.59,0,0,0,0,0,0,
"2016-12-19T15:15:00Z","2016-12-19T15:20:00Z",672.95,0.59,0,0,0,0,0,0,
"2016-12-19T15:20:00Z","2016-12-19T15:25:00Z",672.96,0.59,0,0,0,0,0,0,
"2016-12-19T15:25:00Z","2016-12-19T15:30:00Z",672.90,0.59,0,0,0,0,0,0,
"2016-12-19T15:30:00Z","2016-12-19T15:35:00Z",672.93,0.59,0,0,0,0,0,0,
"2016-12-19T15:35:00Z","2016-12-19T15:40:00Z",672.91,0.59,0,0,0,0,0,0,
"2016-12-19T15:40:00Z","2016-12-19T15:45:00Z",673.03,0.60,0,0,0,0,0,0,
"2016-12-19T15:45:00Z","2016-12-19T15:50:00Z",672.90,0.59,0,0,0,0,0,0,
"2016-12-19T15:50:00Z","2016-12-19T15:55:00Z",672.95,0.59,0,0,0,0,0,0,
"2016-12-19T15:55:00Z","2016-12-19T16:00:00Z",672.91,0.60,0,0,0,0,0,0,
"2016-12-19T16:00:00Z","2016-12-19T16:05:00Z",673.00,0.60,0,0,0,0,0,0,
"2016-12-19T16:05:00Z","2016-12-19T16:10:00Z",672.93,0.59,0,0,0,0,0,0,
"2016-12-19T16:10:00Z","2016-12-19T16:15:00Z",672.91,0.60,0,0,0,0,0,0,
"2016-12-19T16:15:00Z","2016-12-19T16:20:00Z",672.94,0.59,0,0,0,0,0,0,
"2016-12-19T16:20:00Z","2016-12-19T16:25:00Z",673.03,0.60,0,0,0,0,0,0,
"2016-12-19T16:25:00Z","2016-12-19T16:30:00Z",673.03,0.60,0,0,0,0,0,0,
"2016-12-19T16:30:00Z","2016-12-19T16:35:00Z",673.00,0.60,0,0,0,0,0,0,
"2016-12-19T16:35:00Z","2016-12-19T16:40:00Z",673.02,0.60,0,0,0,0,0,0,
"2016-12-19T16:40:00Z","2016-12-19T16:45:00Z",673.03,0.60,0,0,0,0,0,0,
"2016-12-19T16:45:00Z","2016-12-19T16:50:00Z",672.85,0.59,0,0,0,0,0,0,
"2016-12-19T16:50:00Z","2016-12-19T16:55:00Z",672.84,0.59,0,0,0,0,0,0,
"2016-12-19T16:55:00Z","2016-12-19T17:00:00Z",672.89,0.60,0,0,0,0,0,0,
"2016-12-19T17:00:00Z","2016-12-19T17:05:00Z",672.85,0.59,0,0,0,0,0,0,
"2016-12-19T17:05:00Z","2016-12-19T17:10:00Z",672.93,0.60,0,0,0,0,0,0,
"2016-12-19T17:10:00Z","2016-12-19T17:15:00Z",672.85,0.59,0,0,0,0,0,0,
"2016-12-19T17:15:00Z","2016-12-19T17:20:00Z",672.88,0.60,0,0,0,0,0,0,
"2016-12-19T17:20:00Z","2016-12-19T17:25:00Z",672.84,0.59,0,0,0,0,0,0,
"2016-12-19T17:25:00Z","2016-12-19T17:30:00Z",672.84,0.60,0,0,0,0,0,0,
"2016-12-19T17:30:00Z","2016-12-19T17:35:00Z",672.82,0.59,0,0,0,0,0,0,
"2016-12-19T17:35:00Z","2016-12-19T17:40:00Z",672.77,0.59,0,0,0,0,0,0,
"2016-12-19T17:40:00Z","2016-12-19T17:45:00Z",672.72,0.60,0,0,0,0,0,0,
"2016-12-19T17:45:00Z","2016-12-19T17:50:00Z",672.71,0.59,0,0,0,0,0,0,
"2016-12-19T17:50:00Z","2016-12-19T17:55:00Z",672.72,0.59,0,0,0,0,0,0,
"2016-12-19T17:55:00Z","2016-12-19T18:00:00Z",672.67,0.59,0,0,0,0,0,0,
"2016-12-19T18:00:00Z","2016-12-19T18:05:00Z",672.70,0.59,0,0,0,0,0,0,
"2016-12-19T18:05:00Z","2016-12-19T18:10:00Z",672.71,0.59,0,0,0,0,0,0,
"2016-12-19T18:10:00Z","2016-12-19T18:15:00Z",672.69,0.59,0,0,0,0,0,0,
"2016-12-19T18:15:00Z","2016-12-19T18:20:00Z",672.70,0.59,0,0,0,0,0,0,
"2016-12-19T18:20:00Z","2016-12-19T18:25:00Z",672.69,0.59,0,0,0,0,0,0,
"2016-12-19T18:25:00Z","2016-12-19T18:30:00Z",672.75,0.60,0,0,0,0,0,0,
"2016-12-19T18:30:00Z","2016-12-19T18:35:00Z",672.72,0.59,0,0,0,0,0,0,
"2016-12-19T18:35:00Z","2016-12-19T18:40:00Z",672.68,0.59,0,0,0,0,0,0,
"2016-12-19T18:40:00Z","2016-12-19T18:45:00Z",672.75,0.60,0,0,0,0,0,0,
"2016-12-19T18:45:00Z","2016-12-19T18:50:00Z",672.72,0.60,0,0,0,0,0,0,
"2016-12-19T18:50:00Z","2016-12-19T18:55:00Z",672.80,0.60,0,0,0,0,0,0,
"2016-12-19T18:55:00Z","2016-12-19T19:00:00Z",672.66,0.60,0,0,0,0,0,0,
"2016-12-19T19:00:00Z","2016-12-19T19:05:00Z",672.69,0.60,0,0,0,0,0,0,
"2016-12-19T19:05:00Z","2016-12-19T19:10:00Z",672.66,0.59,0,0,0,0,0,0,
"2016-12-19T19:10:00Z","2016-12-19T19:15:00Z",672.69,0.60,0,0,0,0,0,0,
"2016-12-19T19:15:00Z","2016-12-19T19:20:00Z",672.66,0.60,0,0,0,0,0,0,
"2016-12-19T19:20:00Z","2016-12-19T19:25:00Z",672.60,0.59,0,0,0,0,0,0,
"2016-12-19T19:25:00Z","2016-12-19T19:30:00Z",672.65,0.60,0,0,0,0,0,0,
"2016-12-19T19:30:00Z","2016-12-19T19:35:00Z",672.61,0.59,0,0,0,0,0,0,
"2016-12-19T19:35:00Z","2016-12-19T19:40:00Z",672.66,0.60,0,0,0,0,0,0,
"2016-12-19T19:40:00Z","2016-12-19T19:45:00Z",672.64,0.60,0,0,0,0,0,0,
"2016-12-19T19:45:00Z","2016-12-19T19:50:00Z",672.64,0.60,0,0,0,0,0,0,
"2016-12-19T19:50:00Z","2016-12-19T19:55:00Z",672.56,0.59,0,0,0,0,0,0,
"2016-12-19T19:55:00Z","2016-12-19T20:00:00Z",672.55,0.59,0,0,0,0,0,0,
"2016-12-19T20:00:00Z","2016-12-19T20:05:00Z",672.66,0.60,0,0,0,0,0,0,
"2016-12-19T20:05:00Z","2016-12-19T20:10:00Z",672.61,0.60,0,0,0,0,0,0,
"2016-12-19T20:10:00Z","2016-12-19T20:15:00Z",672.60,0.60,0,0,0,0,0,0,
"2016-12-19T20:15:00Z","2016-12-19T20:20:00Z",672.57,0.60,0,0,0,0,0,0,
"2016-12-19T20:20:00Z","2016-12-19T20:25:00Z",672.62,0.60,0,0,0,0,0,0,
"2016-12-19T20:25:00Z","2016-12-19T20:30:00Z",672.52,0.60,0,0,0,0,0,0,
"2016-12-19T20:30:00Z","2016-12-19T20:35:00Z",672.49,0.59,0,0,0,0,0,0,
"2016-12-19T20:35:00Z","2016-12-19T20:40:00Z",672.51,0.59,0,0,0,0,0,0,
"2016-12-19T20:40:00Z","2016-12-19T20:45:00Z",672.42,0.59,0,0,0,0,0,0,
"2016-12-19T20:45:00Z","2016-12-19T20:50:00Z",672.41,0.59,0,0,0,0,0,0,
"2016-12-19T20:50:00Z","2016-12-19T20:55:00Z",672.53,0.60,0,0,0,0,0,0,
"2016-12-19T20:55:00Z","2016-12-19T21:00:00Z",672.55,0.60,0,0,0,0,0,0,
"2016-12-19T21:00:00Z","2016-12-19T21:05:00Z",672.51,0.60,0,0,0,0,0,0,
"2016-12-19T21:05:00Z","2016-12-19T21:10:00Z",672.43,0.59,0,0,0,0,0,0,
"2016-12-19T21:10:00Z","2016-12-19T21:15:00Z",672.41,0.59,0,0,0,0,0,0,
"2016-12-19T21:15:00Z","2016-12-19T21:20:00Z",672.39,0.59,0,0,0,0,0,0,
"2016-12-19T21:20:00Z","2016-12-19T21:25:00Z",672.46,0.60,0,0,0,0,0,0,
"2016-12-19T21:25:00Z","2016-12-19T21:30:00Z",672.38,0.59,0,0,0,0,0,0,
"2016-12-19T21:30:00Z","2016-12-19T21:35:00Z",672.44,0.60,0,0,0,0,0,0,
"2016-12-19T21:35:00Z","2016-12-19T21:40:00Z",672.37,0.59,0,0,0,0,0,0,
"2016-12-19T21:40:00Z","2016-12-19T21:45:00Z",672.38,0.59,0,0,0,0,0,0,
"2016-12-19T21:45:00Z","2016-12-19T21:50:00Z",672.38,0.60,0,0,0,0,0,0,
"2016-12-19T21:50:00Z","2016-12-19T21:55:00Z",672.36,0.59,0,0,0,0,0,0,
"2016-12-19T21:55:00Z","2016-12-19T22:00:00Z",672.38,0.60,0,0,0,0,0,0,
"2016-12-19T22:00:00Z","2016-12-19T22:05:00Z",672.30,0.59,0,0,0,0,0,0,
"2016-12-19T22:05:00Z","2016-12-19T22:10:00Z",672.41,0.60,0,0,0,0,0,0,
"2016-12-19T22:10:00Z","2016-12-19T22:15:00Z",672.32,0.59,0,0,0,0,0,0,
"2016-12-19T22:15:00Z","2016-12-19T22:20:00Z",672.22,0.60,0,0,0,0,0,0,
"2016-12-19T22:20:00Z","2016-12-19T22:25:00Z",672.32,0.60,0,0,0,0,0,0,
"2016-12-19T22:25:00Z","2016-12-19T22:30:00Z",672.25,0.59,0,0,0,0,0,0,
"2016-12-19T22:30:00Z","2016-12-19T22:35:00Z",672.13,0.59,0,0,0,0,0,0,
"2016-12-19T22:35:00Z","2016-12-19T22:40:00Z",672.24,0.59,0,0,0,0,0,0,
"2016-12-19T22:40:00Z","2016-12-19T22:45:00Z",672.25,0.59,0,0,0,0,0,0,
"2016-12-19T22:45:00Z","2016-12-19T22:50:00Z",672.33,0.60,0,0,0,0,0,0,
"2016-12-19T22:50:00Z","2016-12-19T22:55:00Z",672.26,0.59,0,0,0,0,0,0,
"2016-12-19T22:55:00Z","2016-12-19T23:00:00Z",672.25,0.60,0,0,0,0,0,0,
"2016-12-19T23:00:00Z","2016-12-19T23:05:00Z",672.19,0.59,0,0,0,0,0,0,
"2016-12-19T23:05:00Z","2016-12-19T23:10:00Z",672.25,0.60,0,0,0,0,0,0,
"2016-12-19T23:10:00Z","2016-12-19T23:15:00Z",672.16,0.59,0,0,0,0,0,0,
"2016-12-19T23:15:00Z","2016-12-19T23:20:00Z",672.27,0.60,0,0,0,0,0,0,
"2016-12-19T23:20:00Z","2016-12-19T23:25:00Z",672.21,0.59,0,0,0,0,0,0,
"2016-12-19T23:25:00Z","2016-12-19T23:30:00Z",672.27,0.60,0,0,0,0,0,0,
"2016-12-19T23:30:00Z","2016-12-19T23:35:00Z",672.15,0.59,0,0,0,0,0,0,
"2016-12-19T23:35:00Z","2016-12-19T23:40:00Z",672.24,0.60,0,0,0,0,0,0,
"2016-12-19T23:40:00Z","2016-12-19T23:45:00Z",672.21,0.60,0,0,0,0,0,0,
"2016-12-19T23:45:00Z","2016-12-19T23:50:00Z",672.12,0.59,0,0,0,0,0,0,
"2016-12-19T23:50:00Z","2016-12-19T23:55:00Z",672.15,0.59,0,0,0,0,0,0,
"2016-12-19T23:55:00Z","2016-12-20T00:00:00Z",672.26,0.60,0,0,0,0,0,0,
"2016-12-20T00:00:00Z","2016-12-20T00:05:00Z",672.12,0.59,0,0,0,0,0,0,
"2016-12-20T00:05:00Z","2016-12-20T00:10:00Z",672.24,0.60,0,0,0,0,0,0,
"2016-12-20T00:10:00Z","2016-12-20T00:15:00Z",672.15,0.60,0,0,0,0,0,0,
"2016-12-20T00:15:00Z","2016-12-20T00:20:00Z",672.21,0.60,0,0,0,0,0,0,
"2016-12-20T00:20:00Z","2016-12-20T00:25:00Z",672.27,0.60,0,0,0,0,0,0,
"2016-12-20T00:25:00Z","2016-12-20T00:30:00Z",672.20,0.60,0,0,0,0,0,0,
"2016-12-20T00:30:00Z","2016-12-20T00:35:00Z",672.23,0.60,0,0,0,0,0,0,
"2016-12-20T00:35:00Z","2016-12-20T00:40:00Z",672.21,0.60,0,0,0,0,0,0,
"2016-12-20T00:40:00Z","2016-12-20T00:45:00Z",672.25,0.60,0,0,0,0,0,0,
"2016-12-20T00:45:00Z","2016-12-20T00:50:00Z",672.23,0.60,0,0,0,0,0,0,
"2016-12-20T00:50:00Z","2016-12-20T00:55:00Z",672.17,0.60,0,0,0,0,0,0,
"2016-12-20T00:55:00Z","2016-12-20T01:00:00Z",672.15,0.60,0,0,0,0,0,0,
"2016-12-20T01:00:00Z","2016-12-20T01:05:00Z",672.25,0.60,0,0,0,0,0,0,
"2016-12-20T01:05:00Z","2016-12-20T01:10:00Z",672.29,0.60,0,0,0,0,0,0,
"2016-12-20T01:10:00Z","2016-12-20T01:15:00Z",672.20,0.60,0,0,0,0,0,0,
"2016-12-20T01:15:00Z","2016-12-20T01:20:00Z",672.23,0.60,0,0,0,0,0,0,
"2016-12-20T01:20:00Z","2016-12-20T01:25:00Z",672.27,0.60,0,0,0,0,0,0,
"2016-12-20T01:25:00Z","2016-12-20T01:30:00Z",672.31,0.60,0,0,0,0,0,0,
"2016-12-20T01:30:00Z","2016-12-20T01:35:00Z",672.29,0.60,0,0,0,0,0,0,
"2016-12-20T01:35:00Z","2016-12-20T01:40:00Z",672.29,0.60,0,0,0,0,0,0,
"2016-12-20T01:40:00Z","2016-12-20T01:45:00Z",672.34,0.60,0,0,0,0,0,0,
"2016-12-20T01:45:00Z","2016-12-20T01:50:00Z",672.20,0.60,0,0,0,0,0,0,
"2016-12-20T01:50:00Z","2016-12-20T01:55:00Z",672.24,0.60,0,0,0,0,0,0,
"2016-12-20T01:55:00Z","2016-12-20T02:00:00Z",672.23,0.60,0,0,0,0,0,0,
"2016-12-20T02:00:00Z","2016-12-20T02:05:00Z",672.15,0.60,0,0,0,0,0,0,
"2016-12-20T02:05:00Z","2016-12-20T02:10:00Z",672.31,0.60,0,0,0,0,0,0,
"2016-12-20T02:10:00Z","2016-12-20T02:15:00Z",672.20,0.60,0,0,0,0,0,0,
"2016-12-20T02:15:00Z","2016-12-20T02:20:00Z",672.21,0.60,0,0,0,0,0,0,
"2016-12-20T02:20:00Z","2016-12-20T02:25:00Z",672.22,0.60,0,0,0,0,0,0,
"2016-12-20T02:25:00Z","2016-12-20T02:30:00Z",672.25,0.60,0,0,0,0,0,0,
"2016-12-20T02:30:00Z","2016-12-20T02:35:00Z",672.21,0.60,0,0,0,0,0,0,
"2016-12-20T02:35:00Z","2016-12-20T02:40:00Z",672.18,0.60,0,0,0,0,0,0,
"2016-12-20T02:40:00Z","2016-12-20T02:45:00Z",672.22,0.60,0,0,0,0,0,0,
"2016-12-20T02:45:00Z","2016-12-20T02:50:00Z",672.14,0.60,0,0,0,0,0,0,
"2016-12-20T02:50:00Z","2016-12-20T02:55:00Z",672.19,0.60,0,0,0,0,0,0,
"2016-12-20T02:55:00Z","2016-12-20T03:00:00Z",672.28,0.60,0,0,0,0,0,0,
"2016-12-20T03:00:00Z","2016-12-20T03:05:00Z",672.14,0.60,0,0,0,0,0,0,
"2016-12-20T03:05:00Z","2016-12-20T03:10:00Z",672.17,0.60,0,0,0,0,0,0,
"2016-12-20T03:10:00Z","2016-12-20T03:15:00Z",672.17,0.60,0,0,0,0,0,0,
"2016-12-20T03:15:00Z","2016-12-20T03:20:00Z",672.15,0.60,0,0,0,0,0,0,
"2016-12-20T03:20:00Z","2016-12-20T03:25:00Z",672.12,0.60,0,0,0,0,0,0,
"2016-12-20T03:25:00Z","2016-12-20T03:30:00Z",672.19,0.60,0,0,0,0,0,0,
"2016-12-20T03:30:00Z","2016-12-20T03:35:00Z",672.09,0.60,0,0,0,0,0,0,
"2016-12-20T03:35:00Z","2016-12-20T03:40:00Z",672.07,0.60,0,0,0,0,0,0,
"2016-12-20T03:40:00Z","2016-12-20T03:45:00Z",672.10,0.60,0,0,0,0,0,0,
"2016-12-20T03:45:00Z","2016-12-20T03:50:00Z",672.21,0.60,0,0,0,0,0,0,
"2016-12-20T03:50:00Z","2016-12-20T03:55:00Z",672.12,0.60,0,0,0,0,0,0,
"2016-12-20T03:55:00Z","2016-12-20T04:00:00Z",672.10,0.60,0,0,0,0,0,0,
"2016-12-20T04:00:00Z","2016-12-20T04:05:00Z",672.12,0.60,0,0,0,0,0,0,
"2016-12-20T04:05:00Z","2016-12-20T04:10:00Z",672.14,0.60,0,0,0,0,0,0,
"2016-12-20T04:10:00Z","2016-12-20T04:15:00Z",672.17,0.60,0,0,0,0,0,0,
"2016-12-20T04:15:00Z","2016-12-20T04:20:00Z",672.24,0.60,0,0,0,0,0,0,
"2016-12-20T04:20:00Z","2016-12-20T04:25:00Z",672.15,0.60,0,0,0,0,0,0,
"2016-12-20T04:25:00Z","2016-12-20T04:30:00Z",672.13,0.60,0,0,0,0,0,0,
"2016-12-20T04:30:00Z","2016-12-20T04:35:00Z",672.15,0.60,0,0,0,0,0,0,
"2016-12-20T04:35:00Z","2016-12-20T04:40:00Z",672.13,0.60,0,0,0,0,0,0,
"2016-12-20T04:40:00Z","2016-12-20T04:45:00Z",672.22,0.60,0,0,0,0,0,0,
"2016-12-20T04:45:00Z","2016-12-20T04:50:00Z",672.26,0.60,0,0,0,0,0,0,
"2016-12-20T04:50:00Z","2016-12-20T04:55:00Z",672.19,0.60,0,0,0,0,0,0,
"2016-12-20T04:55:00Z","2016-12-20T05:00:00Z",672.25,0.60,0,0,0,0,0,0,
"2016-12-20T05:00:00Z","2016-12-20T05:05:00Z",672.25,0.60,0,0,0,0,0,0,
"2016-12-20T05:05:00Z","2016-12-20T05:10:00Z",672.28,0.60,0,0,0,0,0,0,
"2016-12-20T05:10:00Z","2016-12-20T05:15:00Z",672.15,0.60,0,0,0,0,0,0,
"2016-12-20T05:15:00Z","2016-12-20T05:20:00Z",672.19,0.60,0,0,0,0,0,0,
"2016-12-20T05:20:00Z","2016-12-20T05:25:00Z",672.27,0.60,0,0,0,0,0,0,
"2016-12-20T05:25:00Z","2016-12-20T05:30:00Z",672.29,0.60,0,0,0,0,0,0,
"2016-12-20T05:30:00Z","2016-12-20T05:35:00Z",672.27,0.60,0,0,0,0,0,0,
"2016-12-20T05:35:00Z","2016-12-20T05:40:00Z",672.20,0.60,0,0,0,0,0,0,
"2016-12-20T05:40:00Z","2016-12-20T05:45:00Z",672.33,0.60,0,0,0,0,0,0,
"2016-12-20T05:45:00Z","2016-12-20T05:50:00Z",672.28,0.60,0,0,0,0,0,0,
"2016-12-20T05:50:00Z","2016-12-20T05:55:00Z",672.18,0.60,0,0,0,0,0,0,
"2016-12-20T05:55:00Z","2016-12-20T06:00:00Z",672.33,0.60,0,0,0,0,0,0,
"2016-12-20T06:00:00Z","2016-12-20T06:05:00Z",672.25,0.60,0,0,0,0,0,0,
"2016-12-20T06:05:00Z","2016-12-20T06:10:00Z",672.33,0.60,0,0,0,0,0,0,
"2016-12-20T06:10:00Z","2016-12-20T06:15:00Z",672.20,0.60,0,0,0,0,0,0,
"2016-12-20T06:15:00Z","2016-12-20T06:20:00Z",672.28,0.60,0,0,0,0,0,0,
"2016-12-20T06:20:00Z","2016-12-20T06:25:00Z",672.38,0.60,0,0,0,0,0,0,
"2016-12-20T06:25:00Z","2016-12-20T06:30:00Z",672.27,0.60,0,0,0,0,0,0,
"2016-12-20T06:30:00Z","2016-12-20T06:35:00Z",672.35,0.60,0,0,0,0,0,0,
"2016-12-20T06:35:00Z","2016-12-20T06:40:00Z",672.33,0.60,0,0,0,0,0,0,
"2016-12-20T06:40:00Z","2016-12-20T06:45:00Z",672.32,0.60,0,0,0,0,0,0,
"2016-12-20T06:45:00Z","2016-12-20T06:50:00Z",672.36,0.60,0,0,0,0,0,0,
"2016-12-20T06:50:00Z","2016-12-20T06:55:00Z",672.33,0.60,0,0,0,0,0,0,
"2016-12-20T06:55:00Z","2016-12-20T07:00:00Z",672.30,0.60,0,0,0,0,0,0,
"2016-12-20T07:00:00Z","2016-12-20T07:05:00Z",672.39,0.60,0,0,0,0,0,0,
"2016-12-20T07:05:00Z","2016-12-20T07:10:00Z",672.43,0.60,0,0,0,0,0,0,
"2016-12-20T07:10:00Z","2016-12-20T07:15:00Z",672.34,0.60,0,0,0,0,0,0,
"2016-12-20T07:15:00Z","2016-12-20T07:20:00Z",672.22,0.60,0,0,0,0,0,0,
"2016-12-20T07:20:00Z","2016-12-20T07:25:00Z",672.33,0.60,0,0,0,0,0,0,
"2016-12-20T07:25:00Z","2016-12-20T07:30:00Z",672.34,0.60,0,0,0,0,0,0,
"2016-12-20T07:30:00Z","2016-12-20T07:35:00Z",672.32,0.60,0,0,0,0,0,0,
"2016-12-20T07:35:00Z","2016-12-20T07:40:00Z",672.38,0.60,0,0,0,0,0,0,
"2016-12-20T07:40:00Z","2016-12-20T07:45:00Z",672.40,0.60,0,0,0,0,0,0,
"2016-12-20T07:45:00Z","2016-12-20T07:50:00Z",672.33,0.60,0,0,0,0,0,0,
"2016-12-20T07:50:00Z","2016-12-20T07:55:00Z",672.33,0.60,0,0,0,0,0,0,
"2016-12-20T07:55:00Z","2016-12-20T08:00:00Z",672.32,0.60,0,0,0,0,0,0,
"2016-12-20T08:00:00Z","2016-12-20T08:05:00Z",672.34,0.60,0,0,0,0,0,0,
"2016-12-20T08:05:00Z","2016-12-20T08:10:00Z",672.26,0.60,0,0,0,0,0,0,
"2016-12-20T08:10:00Z","2016-12-20T08:15:00Z",672.33,0.60,0,0,0,0,0,0,
"2016-12-20T08:15:00Z","2016-12-20T08:20:00Z",672.29,0.60,0,0,0,0,0,0,
"2016-12-20T08:20:00Z","2016-12-20T08:25:00Z",672.30,0.60,0,0,0,0,0,0,
"2016-12-20T08:25:00Z","2016-12-20T08:30:00Z",672.27,0.60,0,0,0,0,0,0,
"2016-12-20T08:30:00Z","2016-12-20T08:35:00Z",672.30,0.60,0,0,0,0,0,0,
"2016-12-20T08:35:00Z","2016-12-20T08:40:00Z",672.25,0.60,0,0,0,0,0,0,
"2016-12-20T08:40:00Z","2016-12-20T08:45:00Z",672.31,0.60,0,0,0,0,0,0,
"2016-12-20T08:45:00Z","2016-12-20T08:50:00Z",672.30,0.60,0,0,0,0,0,0,
"2016-12-20T08:50:00Z","2016-12-20T08:55:00Z",672.37,0.60,0,0,0,0,0,0,
"2016-12-20T08:55:00Z","2016-12-20T09:00:00Z",672.34,0.60,0,0,0,0,0,0,
"2016-12-20T09:00:00Z","2016-12-20T09:05:00Z",672.24,0.60,0,0,0,0,0,0,
"2016-12-20T09:05:00Z","2016-12-20T09:10:00Z",672.35,0.60,0,0,0,0,0,0,
"2016-12-20T09:10:00Z","2016-12-20T09:15:00Z",672.36,0.60,0,0,0,0,0,0,
"2016-12-20T09:15:00Z","2016-12-20T09:20:00Z",672.41,0.60,0,0,0,0,0,0,
"2016-12-20T09:20:00Z","2016-12-20T09:25:00Z",672.38,0.60,0,0,0,0,0,0,
"2016-12-20T09:25:00Z","2016-12-20T09:30:00Z",672.31,0.60,0,0,0,0,0,0,
"2016-12-20T09:30:00Z","2016-12-20T09:35:00Z",672.40,0.60,0,0,0,0,0,0,
"2016-12-20T09:35:00Z","2016-12-20T09:40:00Z",672.31,0.60,0,0,0,0,0,0,
"2016-12-20T09:40:00Z","2016-12-20T09:45:00Z",672.36,0.60,0,0,0,0,0,0,
"2016-12-20T09:45:00Z","2016-12-20T09:50:00Z",672.35,0.60,0,0,0,0,0,0,
"2016-12-20T09:50:00Z","2016-12-20T09:55:00Z",672.31,0.60,0,0,0,0,0,0,
"2016-12-20T09:55:00Z","2016-12-20T10:00:00Z",672.34,0.60,0,0,0,0,0,0,
"2016-12-20T10:00:00Z","2016-12-20T10:05:00Z",672.40,0.60,0,0,0,0,0,0,
"2016-12-20T10:05:00Z","2016-12-20T10:10:00Z",672.33,0.60,0,0,0,0,0,0,
"2016-12-20T10:10:00Z","2016-12-20T10:15:00Z",672.29,0.60,0,0,0,0,0,0,
"2016-12-20T10:15:00Z","2016-12-20T10:20:00Z",672.31,0.60,0,0,0,0,0,0,
"2016-12-20T10:20:00Z","2016-12-20T10:25:00Z",672.29,0.60,0,0,0,0,0,0,
"2016-12-20T10:25:00Z","2016-12-20T10:30:00Z",672.32,0.60,0,0,0,0,0,0,
"2016-12-20T10:30:00Z","2016-12-20T10:35:00Z",672.29,0.60,0,0,0,0,0,0,
"2016-12-20T10:35:00Z","2016-12-20T10:40:00Z",672.28,0.60,0,0,0,0,0,0,
"2016-12-20T10:40:00Z","2016-12-20T10:45:00Z",672.30,0.60,0,0,0,0,0,0,
"2016-12-20T10:45:00Z","2016-12-20T10:50:00Z",672.25,0.60,0,0,0,0,0,0,
"2016-12-20T10:50:00Z","2016-12-20T10:55:00Z",672.15,0.60,0,0,0,0,0,0,
"2016-12-20T10:55:00Z","2016-12-20T11:00:00Z",672.21,0.60,0,0,0,0,0,0,
"2016-12-20T11:00:00Z","2016-12-20T11:05:00Z",672.16,0.60,0,0,0,0,0,0,
"2016-12-20T11:05:00Z","2016-12-20T11:10:00Z",672.18,0.60,0,0,0,0,0,0,
"2016-12-20T11:10:00Z","2016-12-20T11:15:00Z",672.16,0.60,0,0,0,0,0,0,
"2016-12-20T11:15:00Z","2016-12-20T11:20:00Z",672.21,0.60,0,0,0,0,0,0,
"2016-12-20T11:20:00Z","2016-12-20T11:25:00Z",672.15,0.60,0,0,0,0,0,0,
"2016-12-20T11:25:00Z","2016-12-20T11:30:00Z",672.21,0.60,0,0,0,0,0,0,
"2016-12-20T11:30:00Z","2016-12-20T11:35:00Z",672.22,0.60,0,0,0,0,0,0,
"2016-12-20T11:35:00Z","2016-12-20T11:40:00Z",672.12,0.60,0,0,0,0,0,0,
"2016-12-20T11:40:00Z","2016-12-20T11:45:00Z",672.09,0.60,0,0,0,0,0,0,
"2016-12-20T11:45:00Z","2016-12-20T11:50:00Z",672.24,0.60,0,0,0,0,0,0,
"2016-12-20T11:50:00Z","2016-12-20T11:55:00Z",672.17,0.60,0,0,0,0,0,0,
"2016-12-20T11:55:00Z","2016-12-20T12:00:00Z",672.23,0.60,0,0,0,0,0,0,
"2016-12-20T12:00:00Z","2016-12-20T12:05:00Z",672.17,0.60,0,0,0,0,0,0,
"2016-12-20T12:05:00Z","2016-12-20T12:10:00Z",672.19,0.60,0,0,0,0,0,0,
"2016-12-20T12:10:00Z","2016-12-20T12:15:00Z",672.20,0.60,0,0,0,0,0,0,
"2016-12-20T12:15:00Z","2016-12-20T12:20:00Z",672.22,0.60,0,0,0,0,0,0,
"2016-12-20T12:20:00Z","2016-12-20T12:25:00Z",672.17,0.60,0,0,0,0,0,0,
"2016-12-20T12:25:00Z","2016-12-20T12:30:00Z",672.15,0.60,0,0,0,0,0,0,
"2016-12-20T12:30:00Z","2016-12-20T12:35:00Z",672.13,0.60,0,0,0,0,0,0,
"2016-12-20T12:35:00Z","2016-12-20T12:40:00Z",672.16,0.60,0,0,0,0,0,0,
"2016-12-20T12:40:00Z","2016-12-20T12:45:00Z",672.05,0.60,0,0,0,0,0,0,
"2016-12-20T12:45:00Z","2016-12-20T12:50:00Z",672.12,0.60,0,0,0,0,0,0,
"2016-12-20T12:50:00Z","2016-12-20T12:55:00Z",672.07,0.60,0,0,0,0,0,0,
"2016-12-20T12:55:00Z","2016-12-20T13:00:00Z",672.02,0.60,0,0,0,0,0,0,
"2016-12-20T13:00:00Z","2016-12-20T13:05:00Z",672.09,0.60,0,0,0,0,0,0,
"2016-12-20T13:05:00Z","2016-12-20T13:10:00Z",672.18,0.60,0,0,0,0,0,0,
"2016-12-20T13:10:00Z","2016-12-20T13:15:00Z",672.11,0.60,0,0,0,0,0,0,
"2016-12-20T13:15:00Z","2016-12-20T13:20:00Z",672.15,0.60,0,0,0,0,0,0,
"2016-12-20T13:20:00Z","2016-12-20T13:25:00Z",672.17,0.60,0,0,0,0,0,0,
"2016-12-20T13:25:00Z","2016-12-20T13:30:00Z",672.09,0.60,0,0,0,0,0,0,
"2016-12-20T13:30:00Z","2016-12-20T13:35:00Z",672.12,0.60,0,0,0,0,0,0,
"2016-12-20T13:35:00Z","2016-12-20T13:40:00Z",672.11,0.60,0,0,0,0,0,0,
"2016-12-20T13:40:00Z","2016-12-20T13:45:00Z",672.22,0.60,0,0,0,0,0,0,
"2016-12-20T13:45:00Z","2016-12-20T13:50:00Z",672.14,0.60,0,0,0,0,0,0,
"2016-12-20T13:50:00Z","2016-12-20T13:55:00Z",672.15,0.60,0,0,0,0,0,0,
"2016-12-20T13:55:00Z","2016-12-20T14:00:00Z",672.07,0.60,0,0,0,0,0,0,
"2016-12-20T14:00:00Z","2016-12-20T14:05:00Z",672.07,0.60,0,0,0,0,0,0,
"2016-12-20T14:05:00Z","2016-12-20T14:10:00Z",672.14,0.60,0,0,0,0,0,0,
"2016-12-20T14:10:00Z","2016-12-20T14:15:00Z",672.17,0.60,0,0,0,0,0,0,
"2016-12-20T14:15:00Z","2016-12-20T14:20:00Z",672.10,0.60,0,0,0,0,0,0,
"2016-12-20T14:20:00Z","2016-12-20T14:25:00Z",672.16,0.60,0,0,0,0,0,0,
"2016-12-20T14:25:00Z","2016-12-20T14:30:00Z",672.15,0.60,0,0,0,0,0,0,
"2016-12-20T14:30:00Z","2016-12-20T14:35:00Z",672.08,0.60,0,0,0,0,0,0,
"2016-12-20T14:35:00Z","2016-12-20T14:40:00Z",672.20,0.60,0,0,0,0,0,0,
"2016-12-20T14:40:00Z","2016-12-20T14:45:00Z",672.14,0.60,0,0,0,0,0,0,
"2016-12-20T14:45:00Z","2016-12-20T14:50:00Z",672.23,0.60,0,0,0,0,0,0,
"2016-12-20T14:50:00Z","2016-12-20T14:55:00Z",672.28,0.60,0,0,0,0,0,0,
"2016-12-20T14:55:00Z","2016-12-20T15:00:00Z",672.19,0.60,0,0,0,0,0,0,
"2016-12-20T15:00:00Z","2016-12-20T15:05:00Z",672.24,0.60,0,0,0,0,0,0,
"2016-12-20T15:05:00Z","2016-12-20T15:10:00Z",672.13,0.60,0,0,0,0,0,0,
"2016-12-20T15:10:00Z","2016-12-20T15:15:00Z",672.14,0.60,0,0,0,0,0,0,
"2016-12-20T15:15:00Z","2016-12-20T15:20:00Z",672.21,0.60,0,0,0,0,0,0,
"2016-12-20T15:20:00Z","2016-12-20T15:25:00Z",672.16,0.60,0,0,0,0,0,0,
"2016-12-20T15:25:00Z","2016-12-20T15:30:00Z",672.08,0.60,0,0,0,0,0,0,
"2016-12-20T15:30:00Z","2016-12-20T15:35:00Z",672.06,0.60,0,0,0,0,0,0,
"2016-12-20T15:35:00Z","2016-12-20T15:40:00Z",672.12,0.60,0,0,0,0,0,0,
"2016-12-20T15:40:00Z","2016-12-20T15:45:00Z",672.15,0.60,0,0,0,0,0,0,
"2016-12-20T15:45:00Z","2016-12-20T15:50:00Z",672.13,0.60,0,0,0,0,0,0,
"2016-12-20T15:50:00Z","2016-12-20T15:55:00Z",672.16,0.60,0,0,0,0,0,0,
"2016-12-20T15:55:00Z","2016-12-20T16:00:00Z",672.18,0.60,0,0,0,0,0,0,
"2016-12-20T16:00:00Z","2016-12-20T16:05:00Z",672.23,0.60,0,0,0,0,0,0,
"2016-12-20T16:05:00Z","2016-12-20T16:10:00Z",672.16,0.60,0,0,0,0,0,0,
"2016-12-20T16:10:00Z","2016-12-20T16:15:00Z",672.10,0.60,0,0,0,0,0,0,
"2016-12-20T16:15:00Z","2016-12-20T16:20:00Z",672.10,0.60,0,0,0,0,0,0,
"2016-12-20T16:20:00Z","2016-12-20T16:25:00Z",672.16,0.60,0,0,0,0,0,0,
"2016-12-20T16:25:00Z","2016-12-20T16:30:00Z",672.18,0.60,0,0,0,0,0,0,
"2016-12-20T16:30:00Z","2016-12-20T16:35:00Z",672.20,0.60,0,0,0,0,0,0,
"2016-12-20T16:35:00Z","2016-12-20T16:40:00Z",672.17,0.60,0,0,0,0,0,0,
"2016-12-20T16:40:00Z","2016-12-20T16:45:00Z",672.14,0.60,0,0,0,0,0,0,
"2016-12-20T16:45:00Z","2016-12-20T16:50:00Z",672.12,0.60,0,0,0,0,0,0,
"2016-12-20T16:50:00Z","2016-12-20T16:55:00Z",672.19,0.60,0,0,0,0,0,0,
"2016-12-20T16:55:00Z","2016-12-20T17:00:00Z",672.10,0.60,0,0,0,0,0,0,
"2016-12-20T17:00:00Z","2016-12-20T17:05:00Z",672.14,0.60,0,0,0,0,0,0,
"2016-12-20T17:05:00Z","2016-12-20T17:10:00Z",672.20,0.60,0,0,0,0,0,0,
"2016-12-20T17:10:00Z","2016-12-20T17:15:00Z",672.08,0.60,0,0,0,0,0,0,
"2016-12-20T17:15:00Z","2016-12-20T17:20:00Z",672.10,0.60,0,0,0,0,0,0,
"2016-12-20T17:20:00Z","2016-12-20T17:25:00Z",672.24,0.60,0,0,0,0,0,0,
"2016-12-20T17:25:00Z","2016-12-20T17:30:00Z",672.13,0.60,0,0,0,0,0,0,
"2016-12-20T17:30:00Z","2016-12-20T17:35:00Z",672.10,0.60,0,0,0,0,0,0,
"2016-12-20T17:35:00Z","2016-12-20T17:40:00Z",672.15,0.60,0,0,0,0,0,0,
"2016-12-20T17:40:00Z","2016-12-20T17:45:00Z",672.14,0.60,0,0,0,0,0,0,
"2016-12-20T17:45:00Z","2016-12-20T17:50:00Z",672.13,0.60,0,0,0,0,0,0,
"2016-12-20T17:50:00Z","2016-12-20T17:55:00Z",672.07,0.60,0,0,0,0,0,0,
"2016-12-20T17:55:00Z","2016-12-20T18:00:00Z",671.97,0.60,0,0,0,0,0,0,
"2016-12-20T18:00:00Z","2016-12-20T18:05:00Z",672.05,0.60,0,0,0,0,0,0,
"2016-12-20T18:05:00Z","2016-12-20T18:10:00Z",672.05,0.60,0,0,0,0,0,0,
"2016-12-20T18:10:00Z","2016-12-20T18:15:00Z",672.06,0.60,0,0,0,0,0,0,
"2016-12-20T18:15:00Z","2016-12-20T18:20:00Z",672.02,0.60,0,0,0,0,0,0,
"2016-12-20T18:20:00Z","2016-12-20T18:25:00Z",671.95,0.60,0,0,0,0,0,0,
"2016-12-20T18:25:00Z","2016-12-20T18:30:00Z",671.97,0.60,0,0,0,0,0,0,
"2016-12-20T18:30:00Z","2016-12-20T18:35:00Z",671.98,0.60,0,0,0,0,0,0,
"2016-12-20T18:35:00Z","2016-12-20T18:40:00Z",672.01,0.60,0,0,0,0,0,0,
"2016-12-20T18:40:00Z","2016-12-20T18:45:00Z",671.95,0.60,0,0,0,0,0,0,
"2016-12-20T18:45:00Z","2016-12-20T18:50:00Z",671.96,0.60,0,0,0,0,0,0,
"2016-12-20T18:50:00Z","2016-12-20T18:55:00Z",671.85,0.60,0,0,0,0,0,0,
"2016-12-20T18:55:00Z","2016-12-20T19:00:00Z",671.90,0.60,0,0,0,0,0,0,
"2016-12-20T19:00:00Z","2016-12-20T19:05:00Z",671.99,0.60,0,0,0,0,0,0,
"2016-12-20T19:05:00Z","2016-12-20T19:10:00Z",671.95,0.60,0,0,0,0,0,0,
"2016-12-20T19:10:00Z","2016-12-20T19:15:00Z",671.91,0.60,0,0,0,0,0,0,
"2016-12-20T19:15:00Z","2016-12-20T19:20:00Z",671.84,0.60,0,0,0,0,0,0,
"2016-12-20T19:20:00Z","2016-12-20T19:25:00Z",671.85,0.60,0,0,0,0,0,0,
"2016-12-20T19:25:00Z","2016-12-20T19:30:00Z",671.83,0.60,0,0,0,0,0,0,
"2016-12-20T19:30:00Z","2016-12-20T19:35:00Z",671.88,0.60,0,0,0,0,0,0,
"2016-12-20T19:35:00Z","2016-12-20T19:40:00Z",671.80,0.60,0,0,0,0,0,0,
"2016-12-20T19:40:00Z","2016-12-20T19:45:00Z",671.83,0.60,0,0,0,0,0,0,
"2016-12-20T19:45:00Z","2016-12-20T19:50:00Z",671.77,0.60,0,0,0,0,0,0,
"2016-12-20T19:50:00Z","2016-12-20T19:55:00Z",671.73,0.60,0,0,0,0,0,0,
"2016-12-20T19:55:00Z","2016-12-20T20:00:00Z",671.70,0.60,0,0,0,0,0,0,
"2016-12-20T20:00:00Z","2016-12-20T20:05:00Z",671.83,0.60,0,0,0,0,0,0,
"2016-12-20T20:05:00Z","2016-12-20T20:10:00Z",671.79,0.60,0,0,0,0,0,0,
"2016-12-20T20:10:00Z","2016-12-20T20:15:00Z",671.78,0.60,0,0,0,0,0,0,
"2016-12-20T20:15:00Z","2016-12-20T20:20:00Z",671.67,0.60,0,0,0,0,0,0,
"2016-12-20T20:20:00Z","2016-12-20T20:25:00Z",671.61,0.60,0,0,0,0,0,0,
"2016-12-20T20:25:00Z","2016-12-20T20:30:00Z",671.64,0.60,0,0,0,0,0,0,
"2016-12-20T20:30:00Z","2016-12-20T20:35:00Z",671.68,0.60,0,0,0,0,0,0,
"2016-12-20T20:35:00Z","2016-12-20T20:40:00Z",671.60,0.60,0,0,0,0,0,0,
"2016-12-20T20:40:00Z","2016-12-20T20:45:00Z",671.65,0.60,0,0,0,0,0,0,
"2016-12-20T20:45:00Z","2016-12-20T20:50:00Z",671.62,0.60,0,0,0,0,0,0,
"2016-12-20T20:50:00Z","2016-12-20T20:55:00Z",671.60,0.60,0,0,0,0,0,0,
"2016-12-20T20:55:00Z","2016-12-20T21:00:00Z",671.62,0.60,0,0,0,0,0,0,
"2016-12-20T21:00:00Z","2016-12-20T21:05:00Z",671.55,0.60,0,0,0,0,0,0,
"2016-12-20T21:05:00Z","2016-12-20T21:10:00Z",671.58,0.60,0,0,0,0,0,0,
"2016-12-20T21:10:00Z","2016-12-20T21:15:00Z",671.51,0.60,0,0,0,0,0,0,
"2016-12-20T21:15:00Z","2016-12-20T21:20:00Z",671.52,0.60,0,0,0,0,0,0,
"2016-12-20T21:20:00Z","2016-12-20T21:25:00Z",671.46,0.60,0,0,0,0,0,0,
"2016-12-20T21:25:00Z","2016-12-20T21:30:00Z",671.53,0.60,0,0,0,0,0,0,
"2016-12-20T21:30:00Z","2016-12-20T21:35:00Z",671.51,0.60,0,0,0,0,0,0,
"2016-12-20T21:35:00Z","2016-12-20T21:40:00Z",671.50,0.60,0,0,0,0,0,0,
"2016-12-20T21:40:00Z","2016-12-20T21:45:00Z",671.47,0.60,0,0,0,0,0,0,
"2016-12-20T21:45:00Z","2016-12-20T21:50:00Z",671.47,0.60,0,0,0,0,0,0,
"2016-12-20T21:50:00Z","2016-12-20T21:55:00Z",671.41,0.60,0,0,0,0,0,0,
"2016-12-20T21:55:00Z","2016-12-20T22:00:00Z",671.35,0.60,0,0,0,0,0,0,
"2016-12-20T22:00:00Z","2016-12-20T22:05:00Z",671.41,0.60,0,0,0,0,0,0,
"2016-12-20T22:05:00Z","2016-12-20T22:10:00Z",671.34,0.60,0,0,0,0,0,0,
"2016-12-20T22:10:00Z","2016-12-20T22:15:00Z",671.47,0.60,0,0,0,0,0,0,
"2016-12-20T22:15:00Z","2016-12-20T22:20:00Z",671.40,0.60,0,0,0,0,0,0,
"2016-12-20T22:20:00Z","2016-12-20T22:25:00Z",671.34,0.60,0,0,0,0,0,0,
"2016-12-20T22:25:00Z","2016-12-20T22:30:00Z",671.29,0.60,0,0,0,0,0,0,
"2016-12-20T22:30:00Z","2016-12-20T22:35:00Z",671.28,0.60,0,0,0,0,0,0,
"2016-12-20T22:35:00Z","2016-12-20T22:40:00Z",671.28,0.60,0,0,0,0,0,0,
"2016-12-20T22:40:00Z","2016-12-20T22:45:00Z",671.32,0.60,0,0,0,0,0,0,
"2016-12-20T22:45:00Z","2016-12-20T22:50:00Z",671.22,0.60,0,0,0,0,0,0,
"2016-12-20T22:50:00Z","2016-12-20T22:55:00Z",671.29,0.60,0,0,0,0,0,0,
"2016-12-20T22:55:00Z","2016-12-20T23:00:00Z",671.29,0.60,0,0,0,0,0,0,
"2016-12-20T23:00:00Z","2016-12-20T23:05:00Z",671.37,0.60,0,0,0,0,0,0,
"2016-12-20T23:05:00Z","2016-12-20T23:10:00Z",671.33,0.60,0,0,0,0,0,0,
"2016-12-20T23:10:00Z","2016-12-20T23:15:00Z",671.28,0.60,0,0,0,0,0,0,
"2016-12-20T23:15:00Z","2016-12-20T23:20:00Z",671.29,0.60,0,0,0,0,0,0,
"2016-12-20T23:20:00Z","2016-12-20T23:25:00Z",671.38,0.60,0,0,0,0,0,0,
"2016-12-20T23:25:00Z","2016-12-20T23:30:00Z",671.31,0.60,0,0,0,0,0,0,
"2016-12-20T23:30:00Z","2016-12-20T23:35:00Z",671.26,0.60,0,0,0,0,0,0,
"2016-12-20T23:35:00Z","2016-12-20T23:40:00Z",671.21,0.60,0,0,0,0,0,0,
"2016-12-20T23:40:00Z","2016-12-20T23:45:00Z",671.21,0.60,0,0,0,0,0,0,
"2016-12-20T23:45:00Z","2016-12-20T23:50:00Z",671.30,0.60,0,0,0,0,0,0,
"2016-12-20T23:50:00Z","2016-12-20T23:55:00Z",671.27,0.60,0,0,0,0,0,0,
"2016-12-20T23:55:00Z","2016-12-21T00:00:00Z",671.27,0.60,0,0,0,0,0,0,
"2016-12-21T00:00:00Z","2016-12-21T00:05:00Z",671.33,0.60,0,0,0,0,0,0,
"2016-12-21T00:05:00Z","2016-12-21T00:10:00Z",671.26,0.60,0,0,0,0,0,0,
"2016-12-21T00:10:00Z","2016-12-21T00:15:00Z",671.28,0.60,0,0,0,0,0,0,
"2016-12-21T00:15:00Z","2016-12-21T00:20:00Z",671.39,0.60,0,0,0,0,0,0,
"2016-12-21T00:20:00Z","2016-12-21T00:25:00Z",671.29,0.60,0,0,0,0,0,0,
"2016-12-21T00:25:00Z","2016-12-21T00:30:00Z",671.31,0.60,0,0,0,0,0,0,
"2016-12-21T00:30:00Z","2016-12-21T00:35:00Z",671.29,0.60,0,0,0,0,0,0,
"2016-12-21T00:35:00Z","2016-12-21T00:40:00Z",671.43,0.60,0,0,0,0,0,0,
"2016-12-21T00:40:00Z","2016-12-21T00:45:00Z",671.35,0.60,0,0,0,0,0,0,
"2016-12-21T00:45:00Z","2016-12-21T00:50:00Z",671.40,0.60,0,0,0,0,0,0,
"2016-12-21T00:50:00Z","2016-12-21T00:55:00Z",671.37,0.60,0,0,0,0,0,0,
"2016-12-21T00:55:00Z","2016-12-21T01:00:00Z",671.47,0.60,0,0,0,0,0,0,
"2016-12-21T01:00:00Z","2016-12-21T01:05:00Z",671.50,0.60,0,0,0,0,0,0,
"2016-12-21T01:05:00Z","2016-12-21T01:10:00Z",671.41,0.60,0,0,0,0,0,0,
"2016-12-21T01:10:00Z","2016-12-21T01:15:00Z",671.40,0.60,0,0,0,0,0,0,
"2016-12-21T01:15:00Z","2016-12-21T01:20:00Z",671.47,0.60,0,0,0,0,0,0,
"2016-12-21T01:20:00Z","2016-12-21T01:25:00Z",671.55,0.60,0,0,0,0,0,0,
"2016-12-21T01:25:00Z","2016-12-21T01:30:00Z",671.56,0.60,0,0,0,0,0,0,
"2016-12-21T01:30:00Z","2016-12-21T01:35:00Z",671.53,0.60,0,0,0,0,0,0,
"2016-12-21T01:35:00Z","2016-12-21T01:40:00Z",671.46,0.60,0,0,0,0,0,0,
"2016-12-21T01:40:00Z","2016-12-21T01:45:00Z",671.64,0.60,0,0,0,0,0,0,
"2016-12-21T01:45:00Z","2016-12-21T01:50:00Z",671.61,0.60,0,0,0,0,0,0,
"2016-12-21T01:50:00Z","2016-12-21T01:55:00Z",671.66,0.60,0,0,0,0,0,0,
"2016-12-21T01:55:00Z","2016-12-21T02:00:00Z",671.67,0.60,0,0,0,0,0,0,
"2016-12-21T02:00:00Z","2016-12-21T02:05:00Z",671.68,0.60,0,0,0,0,0,0,
"2016-12-21T02:05:00Z","2016-12-21T02:10:00Z",671.72,0.60,0,0,0,0,0,0,
"2016-12-21T02:10:00Z","2016-12-21T02:15:00Z",671.67,0.60,0,0,0,0,0,0,
"2016-12-21T02:15:00Z","2016-12-21T02:20:00Z",671.76,0.60,0,0,0,0,0,0,
"2016-12-21T02:20:00Z","2016-12-21T02:25:00Z",671.69,0.60,0,0,0,0,0,0,
"2016-12-21T02:25:00Z","2016-12-21T02:30:00Z",671.73,0.60,0,0,0,0,0,0,
"2016-12-21T02:30:00Z","2016-12-21T02:35:00Z",671.78,0.60,0,0,0,0,0,0,
"2016-12-21T02:35:00Z","2016-12-21T02:40:00Z",671.79,0.60,0,0,0,0,0,0,
"2016-12-21T02:40:00Z","2016-12-21T02:45:00Z",671.80,0.60,0,0,0,0,0,0,
"2016-12-21T02:45:00Z","2016-12-21T02:50:00Z",671.90,0.60,0,0,0,0,0,0,
"2016-12-21T02:50:00Z","2016-12-21T02:55:00Z",671.90,0.60,0,0,0,0,0,0,
"2016-12-21T02:55:00Z","2016-12-21T03:00:00Z",671.73,0.60,0,0,0,0,0,0,
"2016-12-21T03:00:00Z","2016-12-21T03:05:00Z",671.75,0.60,0,0,0,0,0,0,
"2016-12-21T03:05:00Z","2016-12-21T03:10:00Z",671.80,0.60,0,0,0,0,0,0,
"2016-12-21T03:10:00Z","2016-12-21T03:15:00Z",671.72,0.60,0,0,0,0,0,0,
"2016-12-21T03:15:00Z","2016-12-21T03:20:00Z",671.82,0.60,0,0,0,0,0,0,
"2016-12-21T03:20:00Z","2016-12-21T03:25:00Z",671.68,0.60,0,0,0,0,0,0,
"2016-12-21T03:25:00Z","2016-12-21T03:30:00Z",671.78,0.60,0,0,0,0,0,0,
"2016-12-21T03:30:00Z","2016-12-21T03:35:00Z",671.87,0.60,0,0,0,0,0,0,
"2016-12-21T03:35:00Z","2016-12-21T03:40:00Z",672.00,0.60,0,0,0,0,0,0,
"2016-12-21T03:40:00Z","2016-12-21T03:45:00Z",671.86,0.60,0,0,0,0,0,0,
"2016-12-21T03:45:00Z","2016-12-21T03:50:00Z",671.82,0.60,0,0,0,0,0,0,
"2016-12-21T03:50:00Z","2016-12-21T03:55:00Z",671.85,0.60,0,0,0,0,0,0,
"2016-12-21T03:55:00Z","2016-12-21T04:00:00Z",671.90,0.60,0,0,0,0,0,0,
"2016-12-21T04:00:00Z","2016-12-21T04:05:00Z",671.90,0.60,0,0,0,0,0,0,
"2016-12-21T04:05:00Z","2016-12-21T04:10:00Z",671.93,0.60,0,0,0,0,0,0,
"2016-12-21T04:10:00Z","2016-12-21T04:15:00Z",671.87,0.60,0,0,0,0,0,0,
"2016-12-21T04:15:00Z","2016-12-21T04:20:00Z",671.91,0.60,0,0,0,0,0,0,
"2016-12-21T04:20:00Z","2016-12-21T04:25:00Z",671.96,0.60,0,0,0,0,0,0,
"2016-12-21T04:25:00Z","2016-12-21T04:30:00Z",671.95,0.60,0,0,0,0,0,0,
"2016-12-21T04:30:00Z","2016-12-21T04:35:00Z",671.99,0.60,0,0,0,0,0,0,
"2016-12-21T04:35:00Z","2016-12-21T04:40:00Z",671.93,0.60,0,0,0,0,0,0,
"2016-12-21T04:40:00Z","2016-12-21T04:45:00Z",671.93,0.60,0,0,0,0,0,0,
"2016-12-21T04:45:00Z","2016-12-21T04:50:00Z",671.94,0.60,0,0,0,0,0,0,
"2016-12-21T04:50:00Z","2016-12-21T04:55:00Z",671.93,0.60,0,0,0,0,0,0,
"2016-12-21T04:55:00Z","2016-12-21T05:00:00Z",671.99,0.60,0,0,0,0,0,0,
"2016-12-21T05:00:00Z","2016-12-21T05:05:00Z",671.99,0.60,0,0,0,0,0,0,
"2016-12-21T05:05:00Z","2016-12-21T05:10:00Z",672.02,0.60,0,0,0,0,0,0,
"2016-12-21T05:10:00Z","2016-12-21T05:15:00Z",671.97,0.60,0,0,0,0,0,0,
"2016-12-21T05:15:00Z","2016-12-21T05:20:00Z",672.00,0.60,0,0,0,0,0,0,
"2016-12-21T05:20:00Z","2016-12-21T05:25:00Z",671.90,0.60,0,0,0,0,0,0,
"2016-12-21T05:25:00Z","2016-12-21T05:30:00Z",671.95,0.60,0,0,0,0,0,0,
"2016-12-21T05:30:00Z","2016-12-21T05:35:00Z",671.93,0.60,0,0,0,0,0,0,
"2016-12-21T05:35:00Z","2016-12-21T05:40:00Z",671.97,0.60,0,0,0,0,0,0,
"2016-12-21T05:40:00Z","2016-12-21T05:45:00Z",671.96,0.60,0,0,0,0,0,0,
"2016-12-21T05:45:00Z","2016-12-21T05:50:00Z",672.07,0.60,0,0,0,0,0,0,
"2016-12-21T05:50:00Z","2016-12-21T05:55:00Z",672.04,0.60,0,0,0,0,0,0,
"2016-12-21T05:55:00Z","2016-12-21T06:00:00Z",672.00,0.60,0,0,0,0,0,0,
"2016-12-21T06:00:00Z","2016-12-21T06:05:00Z",672.00,0.60,0,0,0,0,0,0,
"2016-12-21T06:05:00Z","2016-12-21T06:10:00Z",672.00,0.60,0,0,0,0,0,0,
"2016-12-21T06:10:00Z","2016-12-21T06:15:00Z",672.00,0.60,0,0,0,0,0,0,
"2016-12-21T06:15:00Z","2016-12-21T06:20:00Z",672.04,0.60,0,0,0,0,0,0,
"2016-12-21T06:20:00Z","2016-12-21T06:25:00Z",672.05,0.60,0,0,0,0,0,0,
"2016-12-21T06:25:00Z","2016-12-21T06:30:00Z",672.06,0.60,0,0,0,0,0,0,
"2016-12-21T06:30:00Z","2016-12-21T06:35:00Z",671.98,0.60,0,0,0,0,0,0,
"2016-12-21T06:35:00Z","2016-12-21T06:40:00Z",671.90,0.60,0,0,0,0,0,0,
"2016-12-21T06:40:00Z","2016-12-21T06:45:00Z",671.99,0.60,0,0,0,0,0,0,
"2016-12-21T06:45:00Z","2016-12-21T06:50:00Z",672.02,0.60,0,0,0,0,0,0,
"2016-12-21T06:50:00Z","2016-12-21T06:55:00Z",672.13,0.60,0,0,0,0,0,0,
"2016-12-21T06:55:00Z","2016-12-21T07:00:00Z",672.01,0.60,0,0,0,0,0,0,
"2016-12-21T07:00:00Z","2016-12-21T07:05:00Z",671.95,0.60,0,0,0,0,0,0,
"2016-12-21T07:05:00Z","2016-12-21T07:10:00Z",672.00,0.60,0,0,0,0,0,0,
"2016-12-21T07:10:00Z","2016-12-21T07:15:00Z",672.00,0.60,0,0,0,0,0,0,
"2016-12-21T07:15:00Z","2016-12-21T07:20:00Z",672.04,0.60,0,0,0,0,0,0,
"2016-12-21T07:20:00Z","2016-12-21T07:25:00Z",672.02,0.60,0,0,0,0,0,0,
"2016-12-21T07:25:00Z","2016-12-21T07:30:00Z",671.94,0.60,0,0,0,0,0,0,
"2016-12-21T07:30:00Z","2016-12-21T07:35:00Z",672.01,0.60,0,0,0,0,0,0,
"2016-12-21T07:35:00Z","2016-12-21T07:40:00Z",671.91,0.60,0,0,0,0,0,0,
"2016-12-21T07:40:00Z","2016-12-21T07:45:00Z",671.96,0.60,0,0,0,0,0,0,
"2016-12-21T07:45:00Z","2016-12-21T07:50:00Z",672.07,0.60,0,0,0,0,0,0,
"2016-12-21T07:50:00Z","2016-12-21T07:55:00Z",672.04,0.60,0,0,0,0,0,0,
"2016-12-21T07:55:00Z","2016-12-21T08:00:00Z",672.09,0.60,0,0,0,0,0,0,
"2016-12-21T08:00:00Z","2016-12-21T08:05:00Z",672.05,0.60,0,0,0,0,0,0,
"2016-12-21T08:05:00Z","2016-12-21T08:10:00Z",672.08,0.60,0,0,0,0,0,0,
"2016-12-21T08:10:00Z","2016-12-21T08:15:00Z",672.02,0.60,0,0,0,0,0,0,
"2016-12-21T08:15:00Z","2016-12-21T08:20:00Z",671.99,0.60,0,0,0,0,0,0,
"2016-12-21T08:20:00Z","2016-12-21T08:25:00Z",672.05,0.60,0,0,0,0,0,0,
"2016-12-21T08:25:00Z","2016-12-21T08:30:00Z",672.16,0.60,0,0,0,0,0,0,
"2016-12-21T08:30:00Z","2016-12-21T08:35:00Z",672.01,0.60,0,0,0,0,0,0,
"2016-12-21T08:35:00Z","2016-12-21T08:40:00Z",672.05,0.60,0,0,0,0,0,0,
"2016-12-21T08:40:00Z","2016-12-21T08:45:00Z",672.07,0.60,0,0,0,0,0,0,
"2016-12-21T08:45:00Z","2016-12-21T08:50:00Z",672.03,0.60,0,0,0,0,0,0,
"2016-12-21T08:50:00Z","2016-12-21T08:55:00Z",672.15,0.60,0,0,0,0,0,0,
"2016-12-21T08:55:00Z","2016-12-21T09:00:00Z",672.00,0.60,0,0,0,0,0,0,
"2016-12-21T09:00:00Z","2016-12-21T09:05:00Z",672.10,0.60,0,0,0,0,0,0,
"2016-12-21T09:05:00Z","2016-12-21T09:10:00Z",672.12,0.60,0,0,0,0,0,0,
"2016-12-21T09:10:00Z","2016-12-21T09:15:00Z",672.04,0.60,0,0,0,0,0,0,
"2016-12-21T09:15:00Z","2016-12-21T09:20:00Z",672.13,0.60,0,0,0,0,0,0,
"2016-12-21T09:20:00Z","2016-12-21T09:25:00Z",672.07,0.60,0,0,0,0,0,0,
"2016-12-21T09:25:00Z","2016-12-21T09:30:00Z",672.10,0.60,0,0,0,0,0,0,
"2016-12-21T09:30:00Z","2016-12-21T09:35:00Z",672.11,0.60,0,0,0,0,0,0,
"2016-12-21T09:35:00Z","2016-12-21T09:40:00Z",672.18,0.60,0,0,0,0,0,0,
"2016-12-21T09:40:00Z","2016-12-21T09:45:00Z",672.11,0.60,0,0,0,0,0,0,
"2016-12-21T09:45:00Z","2016-12-21T09:50:00Z",672.04,0.60,0,0,0,0,0,0,
"2016-12-21T09:50:00Z","2016-12-21T09:55:00Z",672.10,0.60,0,0,0,0,0,0,
"2016-12-21T09:55:00Z","2016-12-21T10:00:00Z",672.04,0.60,0,0,0,0,0,0,
"2016-12-21T10:00:00Z","2016-12-21T10:05:00Z",671.99,0.60,0,0,0,0,0,0,
"2016-12-21T10:05:00Z","2016-12-21T10:10:00Z",672.11,0.60,0,0,0,0,0,0,
"2016-12-21T10:10:00Z","2016-12-21T10:15:00Z",672.11,0.60,0,0,0,0,0,0,
"2016-12-21T10:15:00Z","2016-12-21T10:20:00Z",672.10,0.60,0,0,0,0,0,0,
"2016-12-21T10:20:00Z","2016-12-21T10:25:00Z",672.09,0.60,0,0,0,0,0,0,
"2016-12-21T10:25:00Z","2016-12-21T10:30:00Z",672.10,0.60,0,0,0,0,0,0,
"2016-12-21T10:30:00Z","2016-12-21T10:35:00Z",672.03,0.60,0,0,0,0,0,0,
"2016-12-21T10:35:00Z","2016-12-21T10:40:00Z",672.20,0.60,0,0,0,0,0,0,
"2016-12-21T10:40:00Z","2016-12-21T10:45:00Z",672.06,0.60,0,0,0,0,0,0,
"2016-12-21T10:45:00Z","2016-12-21T10:50:00Z",671.97,0.60,0,0,0,0,0,0,
"2016-12-21T10:50:00Z","2016-12-21T10:55:00Z",672.01,0.60,0,0,0,0,0,0,
"2016-12-21T10:55:00Z","2016-12-21T11:00:00Z",672.05,0.60,0,0,0,0,0,0,
"2016-12-21T11:00:00Z","2016-12-21T11:05:00Z",672.06,0.60,0,0,0,0,0,0,
"2016-12-21T11:05:00Z","2016-12-21T11:10:00Z",672.02,0.60,0,0,0,0,0,0,
"2016-12-21T11:10:00Z","2016-12-21T11:15:00Z",672.23,0.60,0,0,0,0,0,0,
"2016-12-21T11:15:00Z","2016-12-21T11:20:00Z",672.06,0.60,0,0,0,0,0,0,
"2016-12-21T11:20:00Z","2016-12-21T11:25:00Z",671.95,0.60,0,0,0,0,0,0,
"2016-12-21T11:25:00Z","2016-12-21T11:30:00Z",671.94,0.60,0,0,0,0,0,0,
"2016-12-21T11:30:00Z","2016-12-21T11:35:00Z",671.95,0.60,0,0,0,0,0,0,
"2016-12-21T11:35:00Z","2016-12-21T11:40:00Z",672.00,0.60,0,0,0,0,0,0,
"2016-12-21T11:40:00Z","2016-12-21T11:45:00Z",671.85,0.60,0,0,0,0,0,0,
"2016-12-21T11:45:00Z","2016-12-21T11:50:00Z",671.96,0.60,0,0,0,0,0,0,
"2016-12-21T11:50:00Z","2016-12-21T11:55:00Z",671.90,0.60,0,0,0,0,0,0,
"2016-12-21T11:55:00Z","2016-12-21T12:00:00Z",671.94,0.60,0,0,0,0,0,0,
"2016-12-21T12:00:00Z","2016-12-21T12:05:00Z",671.85,0.60,0,0,0,0,0,0,
"2016-12-21T12:05:00Z","2016-12-21T12:10:00Z",671.89,0.60,0,0,0,0,0,0,
"2016-12-21T12:10:00Z","2016-12-21T12:15:00Z",671.92,0.60,0,0,0,0,0,0,
"2016-12-21T12:15:00Z","2016-12-21T12:20:00Z",671.90,0.60,0,0,0,0,0,0,
"2016-12-21T12:20:00Z","2016-12-21T12:25:00Z",671.88,0.60,0,0,0,0,0,0,
"2016-12-21T12:25:00Z","2016-12-21T12:30:00Z",671.85,0.60,0,0,0,0,0,0,
"2016-12-21T12:30:00Z","2016-12-21T12:35:00Z",671.88,0.60,0,0,0,0,0,0,
"2016-12-21T12:35:00Z","2016-12-21T12:40:00Z",671.90,0.60,0,0,0,0,0,0,
"2016-12-21T12:40:00Z","2016-12-21T12:45:00Z",671.81,0.60,0,0,0,0,0,0,
"2016-12-21T12:45:00Z","2016-12-21T12:50:00Z",671.95,0.60,0,0,0,0,0,0,
"2016-12-21T12:50:00Z","2016-12-21T12:55:00Z",671.96,0.60,0,0,0,0,0,0,
"2016-12-21T12:55:00Z","2016-12-21T13:00:00Z",671.95,0.60,0,0,0,0,0,0,
"2016-12-21T13:00:00Z","2016-12-21T13:05:00Z",671.92,0.60,0,0,0,0,0,0,
"2016-12-21T13:05:00Z","2016-12-21T13:10:00Z",671.81,0.60,0,0,0,0,0,0,
"2016-12-21T13:10:00Z","2016-12-21T13:15:00Z",672.00,0.60,0,0,0,0,0,0,
"2016-12-21T13:15:00Z","2016-12-21T13:20:00Z",671.88,0.60,0,0,0,0,0,0,
"2016-12-21T13:20:00Z","2016-12-21T13:25:00Z",671.88,0.60,0,0,0,0,0,0,
"2016-12-21T13:25:00Z","2016-12-21T13:30:00Z",671.97,0.60,0,0,0,0,0,0,
"2016-12-21T13:30:00Z","2016-12-21T13:35:00Z",671.98,0.60,0,0,0,0,0,0,
"2016-12-21T13:35:00Z","2016-12-21T13:40:00Z",671.94,0.60,0,0,0,0,0,0,
"2016-12-21T13:40:00Z","2016-12-21T13:45:00Z",671.98,0.60,0,0,0,0,0,0,
"2016-12-21T13:45:00Z","2016-12-21T13:50:00Z",671.95,0.60,0,0,0,0,0,0,
"2016-12-21T13:50:00Z","2016-12-21T13:55:00Z",672.04,0.60,0,0,0,0,0,0,
"2016-12-21T13:55:00Z","2016-12-21T14:00:00Z",672.01,0.60,0,0,0,0,0,0,
"2016-12-21T14:00:00Z","2016-12-21T14:05:00Z",671.96,0.60,0,0,0,0,0,0,
"2016-12-21T14:05:00Z","2016-12-21T14:10:00Z",671.96,0.60,0,0,0,0,0,0,
"2016-12-21T14:10:00Z","2016-12-21T14:15:00Z",671.98,0.60,0,0,0,0,0,0,
"2016-12-21T14:15:00Z","2016-12-21T14:20:00Z",672.03,0.60,0,0,0,0,0,0,
"2016-12-21T14:20:00Z","2016-12-21T14:25:00Z",671.95,0.60,0,0,0,0,0,0,
"2016-12-21T14:25:00Z","2016-12-21T14:30:00Z",671.98,0.60,0,0,0,0,0,0,
"2016-12-21T14:30:00Z","2016-12-21T14:35:00Z",671.96,0.60,0,0,0,0,0,0,
"2016-12-21T14:35:00Z","2016-12-21T14:40:00Z",671.91,0.60,0,0,0,0,0,0,
"2016-12-21T14:40:00Z","2016-12-21T14:45:00Z",672.05,0.60,0,0,0,0,0,0,
"2016-12-21T14:45:00Z","2016-12-21T14:50:00Z",672.02,0.60,0,0,0,0,0,0,
"2016-12-21T14:50:00Z","2016-12-21T14:55:00Z",671.88,0.60,0,0,0,0,0,0,
"2016-12-21T14:55:00Z","2016-12-21T15:00:00Z",671.86,0.60,0,0,0,0,0,0,
"2016-12-21T15:00:00Z","2016-12-21T15:05:00Z",671.98,0.60,0,0,0,0,0,0,
"2016-12-21T15:05:00Z","2016-12-21T15:10:00Z",672.04,0.60,0,0,0,0,0,0,
"2016-12-21T15:10:00Z","2016-12-21T15:15:00Z",671.91,0.60,0,0,0,0,0,0,
"2016-12-21T15:15:00Z","2016-12-21T15:20:00Z",671.87,0.60,0,0,0,0,0,0,
"2016-12-21T15:20:00Z","2016-12-21T15:25:00Z",671.90,0.60,0,0,0,0,0,0,
"2016-12-21T15:25:00Z","2016-12-21T15:30:00Z",671.85,0.60,0,0,0,0,0,0,
"2016-12-21T15:30:00Z","2016-12-21T15:35:00Z",671.89,0.60,0,0,0,0,0,0,
"2016-12-21T15:35:00Z","2016-12-21T15:40:00Z",671.93,0.60,0,0,0,0,0,0,
"2016-12-21T15:40:00Z","2016-12-21T15:45:00Z",671.83,0.60,0,0,0,0,0,0,
"2016-12-21T15:45:00Z","2016-12-21T15:50:00Z",671.81,0.60,0,0,0,0,0,0,
"2016-12-21T15:50:00Z","2016-12-21T15:55:00Z",671.84,0.60,0,0,0,0,0,0,
"2016-12-21T15:55:00Z","2016-12-21T16:00:00Z",671.86,0.60,0,0,0,0,0,0,
"2016-12-21T16:00:00Z","2016-12-21T16:05:00Z",671.83,0.60,0,0,0,0,0,0,
"2016-12-21T16:05:00Z","2016-12-21T16:10:00Z",671.84,0.60,0,0,0,0,0,0,
"2016-12-21T16:10:00Z","2016-12-21T16:15:00Z",671.77,0.60,0,0,0,0,0,0,
"2016-12-21T16:15:00Z","2016-12-21T16:20:00Z",671.77,0.60,0,0,0,0,0,0,
"2016-12-21T16:20:00Z","2016-12-21T16:25:00Z",671.75,0.60,0,0,0,0,0,0,
"2016-12-21T16:25:00Z","2016-12-21T16:30:00Z",671.70,0.60,0,0,0,0,0,0,
"2016-12-21T16:30:00Z","2016-12-21T16:35:00Z",671.68,0.60,0,0,0,0,0,0,
"2016-12-21T16:35:00Z","2016-12-21T16:40:00Z",671.62,0.60,0,0,0,0,0,0,
"2016-12-21T16:40:00Z","2016-12-21T16:45:00Z",671.57,0.60,0,0,0,0,0,0,
"2016-12-21T16:45:00Z","2016-12-21T16:50:00Z",671.65,0.60,0,0,0,0,0,0,
"2016-12-21T16:50:00Z","2016-12-21T16:55:00Z",671.59,0.60,0,0,0,0,0,0,
"2016-12-21T16:55:00Z","2016-12-21T17:00:00Z",671.55,0.60,0,0,0,0,0,0,
"2016-12-21T17:00:00Z","2016-12-21T17:05:00Z",671.64,0.60,0,0,0,0,0,0,
"2016-12-21T17:05:00Z","2016-12-21T17:10:00Z",671.51,0.60,0,0,0,0,0,0,
"2016-12-21T17:10:00Z","2016-12-21T17:15:00Z",671.50,0.60,0,0,0,0,0,0,
"2016-12-21T17:15:00Z","2016-12-21T17:20:00Z",671.57,0.60,0,0,0,0,0,0,
"2016-12-21T17:20:00Z","2016-12-21T17:25:00Z",671.45,0.60,0,0,0,0,0,0,
"2016-12-21T17:25:00Z","2016-12-21T17:30:00Z",671.37,0.60,0,0,0,0,0,0,
"2016-12-21T17:30:00Z","2016-12-21T17:35:00Z",671.44,0.60,0,0,0,0,0,0,
"2016-12-21T17:35:00Z","2016-12-21T17:40:00Z",671.36,0.60,0,0,0,0,0,0,
"2016-12-21T17:40:00Z","2016-12-21T17:45:00Z",671.37,0.60,0,0,0,0,0,0,
"2016-12-21T17:45:00Z","2016-12-21T17:50:00Z",671.32,0.60,0,0,0,0,0,0,
"2016-12-21T17:50:00Z","2016-12-21T17:55:00Z",671.41,0.60,0,0,0,0,0,0,
"2016-12-21T17:55:00Z","2016-12-21T18:00:00Z",671.31,0.60,0,0,0,0,0,0,
"2016-12-21T18:00:00Z","2016-12-21T18:05:00Z",671.30,0.60,0,0,0,0,0,0,
"2016-12-21T18:05:00Z","2016-12-21T18:10:00Z",671.17,0.60,0,0,0,0,0,0,
"2016-12-21T18:10:00Z","2016-12-21T18:15:00Z",671.34,0.60,0,0,0,0,0,0,
"2016-12-21T18:15:00Z","2016-12-21T18:20:00Z",671.19,0.60,0,0,0,0,0,0,
"2016-12-21T18:20:00Z","2016-12-21T18:25:00Z",671.12,0.60,0,0,0,0,0,0,
"2016-12-21T18:25:00Z","2016-12-21T18:30:00Z",671.18,0.60,0,0,0,0,0,0,
"2016-12-21T18:30:00Z","2016-12-21T18:35:00Z",671.10,0.60,0,0,0,0,0,0,
"2016-12-21T18:35:00Z","2016-12-21T18:40:00Z",671.16,0.60,0,0,0,0,0,0,
"2016-12-21T18:40:00Z","2016-12-21T18:45:00Z",671.11,0.60,0,0,0,0,0,0,
"2016-12-21T18:45:00Z","2016-12-21T18:50:00Z",671.12,0.60,0,0,0,0,0,0,
"2016-12-21T18:50:00Z","2016-12-21T18:55:00Z",671.00,0.60,0,0,0,0,0,0,
"2016-12-21T18:55:00Z","2016-12-21T19:00:00Z",671.05,0.60,0,0,0,0,0,0,
"2016-12-21T19:00:00Z","2016-12-21T19:05:00Z",671.04,0.60,0,0,0,0,0,0,
"2016-12-21T19:05:00Z","2016-12-21T19:10:00Z",670.92,0.60,0,0,0,0,0,0,
"2016-12-21T19:10:00Z","2016-12-21T19:15:00Z",670.93,0.60,0,0,0,0,0,0,
"2016-12-21T19:15:00Z","2016-12-21T19:20:00Z",671.00,0.60,0,0,0,0,0,0,
"2016-12-21T19:20:00Z","2016-12-21T19:25:00Z",670.87,0.60,0,0,0,0,0,0,
"2016-12-21T19:25:00Z","2016-12-21T19:30:00Z",671.02,0.60,0,0,0,0,0,0,
"2016-12-21T19:30:00Z","2016-12-21T19:35:00Z",670.91,0.60,0,0,0,0,0,0,
"2016-12-21T19:35:00Z","2016-12-21T19:40:00Z",671.05,0.60,0,0,0,0,0,0,
"2016-12-21T19:40:00Z","2016-12-21T19:45:00Z",670.94,0.60,0,0,0,0,0,0,
"2016-12-21T19:45:00Z","2016-12-21T19:50:00Z",670.87,0.60,0,0,0,0,0,0,
"2016-12-21T19:50:00Z","2016-12-21T19:55:00Z",670.85,0.60,0,0,0,0,0,0,
"2016-12-21T19:55:00Z","2016-12-21T20:00:00Z",670.79,0.60,0,0,0,0,0,0,
"2016-12-21T20:00:00Z","2016-12-21T20:05:00Z",671.02,0.60,0,0,0,0,0,0,
"2016-12-21T20:05:00Z","2016-12-21T20:10:00Z",670.73,0.60,0,0,0,0,0,0,
"2016-12-21T20:10:00Z","2016-12-21T20:15:00Z",670.78,0.60,0,0,0,0,0,0,
"2016-12-21T20:15:00Z","2016-12-21T20:20:00Z",670.78,0.60,0,0,0,0,0,0,
"2016-12-21T20:20:00Z","2016-12-21T20:25:00Z",670.72,0.60,0,0,0,0,0,0,
"2016-12-21T20:25:00Z","2016-12-21T20:30:00Z",670.66,0.60,0,0,0,0,0,0,
"2016-12-21T20:30:00Z","2016-12-21T20:35:00Z",670.70,0.60,0,0,0,0,0,0,
"2016-12-21T20:35:00Z","2016-12-21T20:40:00Z",670.64,0.60,0,0,0,0,0,0,
"2016-12-21T20:40:00Z","2016-12-21T20:45:00Z",670.69,0.60,0,0,0,0,0,0,
"2016-12-21T20:45:00Z","2016-12-21T20:50:00Z",670.56,0.60,0,0,0,0,0,0,
"2016-12-21T20:50:00Z","2016-12-21T20:55:00Z",670.78,0.60,0,0,0,0,0,0,
"2016-12-21T20:55:00Z","2016-12-21T21:00:00Z",670.63,0.60,0,0,0,0,0,0,
"2016-12-21T21:00:00Z","2016-12-21T21:05:00Z",670.60,0.60,0,0,0,0,0,0,
"2016-12-21T21:05:00Z","2016-12-21T21:10:00Z",670.59,0.60,0,0,0,0,0,0,
"2016-12-21T21:10:00Z","2016-12-21T21:15:00Z",670.59,0.60,0,0,0,0,0,0,
"2016-12-21T21:15:00Z","2016-12-21T21:20:00Z",670.51,0.60,0,0,0,0,0,0,
"2016-12-21T21:20:00Z","2016-12-21T21:25:00Z",670.60,0.60,0,0,0,0,0,0,
"2016-12-21T21:25:00Z","2016-12-21T21:30:00Z",670.59,0.60,0,0,0,0,0,0,
"2016-12-21T21:30:00Z","2016-12-21T21:35:00Z",670.49,0.60,0,0,0,0,0,0,
"2016-12-21T21:35:00Z","2016-12-21T21:40:00Z",670.51,0.60,0,0,0,0,0,0,
"2016-12-21T21:40:00Z","2016-12-21T21:45:00Z",670.47,0.60,0,0,0,0,0,0,
"2016-12-21T21:45:00Z","2016-12-21T21:50:00Z",670.48,0.60,0,0,0,0,0,0,
"2016-12-21T21:50:00Z","2016-12-21T21:55:00Z",670.55,0.60,0,0,0,0,0,0,
"2016-12-21T21:55:00Z","2016-12-21T22:00:00Z",670.49,0.60,0,0,0,0,0,0,
"2016-12-21T22:00:00Z","2016-12-21T22:05:00Z",670.47,0.60,0,0,0,0,0,0,
"2016-12-21T22:05:00Z","2016-12-21T22:10:00Z",670.43,0.60,0,0,0,0,0,0,
"2016-12-21T22:10:00Z","2016-12-21T22:15:00Z",670.53,0.60,0,0,0,0,0,0,
"2016-12-21T22:15:00Z","2016-12-21T22:20:00Z",670.53,0.60,0,0,0,0,0,0,
"2016-12-21T22:20:00Z","2016-12-21T22:25:00Z",670.41,0.60,0,0,0,0,0,0,
"2016-12-21T22:25:00Z","2016-12-21T22:30:00Z",670.53,0.60,0,0,0,0,0,0,
"2016-12-21T22:30:00Z","2016-12-21T22:35:00Z",670.49,0.60,0,0,0,0,0,0,
"2016-12-21T22:35:00Z","2016-12-21T22:40:00Z",670.48,0.60,0,0,0,0,0,0,
"2016-12-21T22:40:00Z","2016-12-21T22:45:00Z",670.42,0.60,0,0,0,0,0,0,
"2016-12-21T22:45:00Z","2016-12-21T22:50:00Z",670.39,0.60,0,0,0,0,0,0,
"2016-12-21T22:50:00Z","2016-12-21T22:55:00Z",670.54,0.60,0,0,0,0,0,0,
"2016-12-21T22:55:00Z","2016-12-21T23:00:00Z",670.50,0.60,0,0,0,0,0,0,
"2016-12-21T23:00:00Z","2016-12-21T23:05:00Z",670.48,0.60,0,0,0,0,0,0,
"2016-12-21T23:05:00Z","2016-12-21T23:10:00Z",670.50,0.60,0,0,0,0,0,0,
"2016-12-21T23:10:00Z","2016-12-21T23:15:00Z",670.45,0.60,0,0,0,0,0,0,
"2016-12-21T23:15:00Z","2016-12-21T23:20:00Z",670.54,0.60,0,0,0,0,0,0,
"2016-12-21T23:20:00Z","2016-12-21T23:25:00Z",670.50,0.60,0,0,0,0,0,0,
"2016-12-21T23:25:00Z","2016-12-21T23:30:00Z",670.51,0.60,0,0,0,0,0,0,
"2016-12-21T23:30:00Z","2016-12-21T23:35:00Z",670.54,0.60,0,0,0,0,0,0,
"2016-12-21T23:35:00Z","2016-12-21T23:40:00Z",670.47,0.60,0,0,0,0,0,0,
"2016-12-21T23:40:00Z","2016-12-21T23:45:00Z",670.50,0.60,0,0,0,0,0,0,
"2016-12-21T23:45:00Z","2016-12-21T23:50:00Z",670.44,0.60,0,0,0,0,0,0,
"2016-12-21T23:50:00Z","2016-12-21T23:55:00Z",670.50,0.60,0,0,0,0,0,0,
"2016-12-21T23:55:00Z","2016-12-22T00:00:00Z",670.52,0.60,0,0,0,0,0,0,
"2016-12-22T00:00:00Z","2016-12-22T00:05:00Z",670.59,0.60,0,0,0,0,0,0,
"2016-12-22T00:05:00Z","2016-12-22T00:10:00Z",670.44,0.60,0,0,0,0,0,0,
"2016-12-22T00:10:00Z","2016-12-22T00:15:00Z",670.54,0.60,0,0,0,0,0,0,
"2016-12-22T00:15:00Z","2016-12-22T00:20:00Z",670.49,0.60,0,0,0,0,0,0,
"2016-12-22T00:20:00Z","2016-12-22T00:25:00Z",670.53,0.60,0,0,0,0,0,0,
"2016-12-22T00:25:00Z","2016-12-22T00:30:00Z",670.62,0.60,0,0,0,0,0,0,
"2016-12-22T00:30:00Z","2016-12-22T00:35:00Z",670.60,0.60,0,0,0,0,0,0,
"2016-12-22T00:35:00Z","2016-12-22T00:40:00Z",670.54,0.60,0,0,0,0,0,0,
"2016-12-22T00:40:00Z","2016-12-22T00:45:00Z",670.65,0.60,0,0,0,0,0,0,
"2016-12-22T00:45:00Z","2016-12-22T00:50:00Z",670.58,0.60,0,0,0,0,0,0,
"2016-12-22T00:50:00Z","2016-12-22T00:55:00Z",670.63,0.60,0,0,0,0,0,0,
"2016-12-22T00:55:00Z","2016-12-22T01:00:00Z",670.61,0.60,0,0,0,0,0,0,
"2016-12-22T01:00:00Z","2016-12-22T01:05:00Z",670.71,0.60,0,0,0,0,0,0,
"2016-12-22T01:05:00Z","2016-12-22T01:10:00Z",670.65,0.60,0,0,0,0,0,0,
"2016-12-22T01:10:00Z","2016-12-22T01:15:00Z",670.69,0.60,0,0,0,0,0,0,
"2016-12-22T01:15:00Z","2016-12-22T01:20:00Z",670.74,0.60,0,0,0,0,0,0,
"2016-12-22T01:20:00Z","2016-12-22T01:25:00Z",670.76,0.60,0,0,0,0,0,0,
"2016-12-22T01:25:00Z","2016-12-22T01:30:00Z",670.80,0.60,0,0,0,0,0,0,
"2016-12-22T01:30:00Z","2016-12-22T01:35:00Z",670.78,0.60,0,0,0,0,0,0,
"2016-12-22T01:35:00Z","2016-12-22T01:40:00Z",670.82,0.60,0,0,0,0,0,0,
"2016-12-22T01:40:00Z","2016-12-22T01:45:00Z",670.77,0.60,0,0,0,0,0,0,
"2016-12-22T01:45:00Z","2016-12-22T01:50:00Z",670.87,0.60,0,0,0,0,0,0,
"2016-12-22T01:50:00Z","2016-12-22T01:55:00Z",670.86,0.60,0,0,0,0,0,0,
"2016-12-22T01:55:00Z","2016-12-22T02:00:00Z",670.87,0.60,0,0,0,0,0,0,
"2016-12-22T02:00:00Z","2016-12-22T02:05:00Z",670.82,0.60,0,0,0,0,0,0,
"2016-12-22T02:05:00Z","2016-12-22T02:10:00Z",671.01,0.60,0,0,0,0,0,0,
"2016-12-22T02:10:00Z","2016-12-22T02:15:00Z",671.00,0.60,0,0,0,0,0,0,
"2016-12-22T02:15:00Z","2016-12-22T02:20:00Z",670.92,0.60,0,0,0,0,0,0,
"2016-12-22T02:20:00Z","2016-12-22T02:25:00Z",670.96,0.60,0,0,0,0,0,0,
"2016-12-22T02:25:00Z","2016-12-22T02:30:00Z",670.99,0.60,0,0,0,0,0,0,
"2016-12-22T02:30:00Z","2016-12-22T02:35:00Z",670.93,0.60,0,0,0,0,0,0,
"2016-12-22T02:35:00Z","2016-12-22T02:40:00Z",671.02,0.60,0,0,0,0,0,0,
"2016-12-22T02:40:00Z","2016-12-22T02:45:00Z",671.05,0.60,0,0,0,0,0,0,
"2016-12-22T02:45:00Z","2016-12-22T02:50:00Z",671.05,0.60,0,0,0,0,0,0,
"2016-12-22T02:50:00Z","2016-12-22T02:55:00Z",671.00,0.60,0,0,0,0,0,0,
"2016-12-22T02:55:00Z","2016-12-22T03:00:00Z",671.11,0.60,0,0,0,0,0,0,
"2016-12-22T03:00:00Z","2016-12-22T03:05:00Z",671.18,0.60,0,0,0,0,0,0,
"2016-12-22T03:05:00Z","2016-12-22T03:10:00Z",671.19,0.60,0,0,0,0,0,0,
"2016-12-22T03:10:00Z","2016-12-22T03:15:00Z",671.27,0.60,0,0,0,0,0,0,
"2016-12-22T03:15:00Z","2016-12-22T03:20:00Z",671.26,0.60,0,0,0,0,0,0,
"2016-12-22T03:20:00Z","2016-12-22T03:25:00Z",671.17,0.60,0,0,0,0,0,0,
"2016-12-22T03:25:00Z","2016-12-22T03:30:00Z",671.19,0.60,0,0,0,0,0,0,
"2016-12-22T03:30:00Z","2016-12-22T03:35:00Z",671.23,0.60,0,0,0,0,0,0,
"2016-12-22T03:35:00Z","2016-12-22T03:40:00Z",671.27,0.60,0,0,0,0,0,0,
"2016-12-22T03:40:00Z","2016-12-22T03:45:00Z",671.29,0.60,0,0,0,0,0,0,
"2016-12-22T03:45:00Z","2016-12-22T03:50:00Z",671.27,0.60,0,0,0,0,0,0,
"2016-12-22T03:50:00Z","2016-12-22T03:55:00Z",671.31,0.60,0,0,0,0,0,0,
"2016-12-22T03:55:00Z","2016-12-22T04:00:00Z",671.36,0.60,0,0,0,0,0,0,
"2016-12-22T04:00:00Z","2016-12-22T04:05:00Z",671.29,0.60,0,0,0,0,0,0,
"2016-12-22T04:05:00Z","2016-12-22T04:10:00Z",671.28,0.60,0,0,0,0,0,0,
"2016-12-22T04:10:00Z","2016-12-22T04:15:00Z",671.30,0.60,0,0,0,0,0,0,
"2016-12-22T04:15:00Z","2016-12-22T04:20:00Z",671.33,0.60,0,0,0,0,0,0,
"2016-12-22T04:20:00Z","2016-12-22T04:25:00Z",671.30,0.60,0,0,0,0,0,0,
"2016-12-22T04:25:00Z","2016-12-22T04:30:00Z",671.27,0.60,0,0,0,0,0,0,
"2016-12-22T04:30:00Z","2016-12-22T04:35:00Z",671.23,0.60,0,0,0,0,0,0,
"2016-12-22T04:35:00Z","2016-12-22T04:40:00Z",671.29,0.60,0,0,0,0,0,0,
"2016-12-22T04:40:00Z","2016-12-22T04:45:00Z",671.31,0.60,0,0,0,0,0,0,
"2016-12-22T04:45:00Z","2016-12-22T04:50:00Z",671.26,0.60,0,0,0,0,0,0,
"2016-12-22T04:50:00Z","2016-12-22T04:55:00Z",671.31,0.60,0,0,0,0,0,0,
"2016-12-22T04:55:00Z","2016-12-22T05:00:00Z",671.31,0.60,0,0,0,0,0,0,
"2016-12-22T05:00:00Z","2016-12-22T05:05:00Z",671.31,0.60,0,0,0,0,0,0,
"2016-12-22T05:05:00Z","2016-12-22T05:10:00Z",671.32,0.60,0,0,0,0,0,0,
"2016-12-22T05:10:00Z","2016-12-22T05:15:00Z",671.30,0.60,0,0,0,0,0,0,
"2016-12-22T05:15:00Z","2016-12-22T05:20:00Z",671.39,0.60,0,0,0,0,0,0,
"2016-12-22T05:20:00Z","2016-12-22T05:25:00Z",671.36,0.60,0,0,0,0,0,0,
"2016-12-22T05:25:00Z","2016-12-22T05:30:00Z",671.31,0.60,0,0,0,0,0,0,
"2016-12-22T05:30:00Z","2016-12-22T05:35:00Z",671.42,0.60,0,0,0,0,0,0,
"2016-12-22T05:35:00Z","2016-12-22T05:40:00Z",671.35,0.60,0,0,0,0,0,0,
"2016-12-22T05:40:00Z","2016-12-22T05:45:00Z",671.31,0.60,0,0,0,0,0,0,
"2016-12-22T05:45:00Z","2016-12-22T05:50:00Z",671.38,0.60,0,0,0,0,0,0,
"2016-12-22T05:50:00Z","2016-12-22T05:55:00Z",671.35,0.60,0,0,0,0,0,0,
"2016-12-22T05:55:00Z","2016-12-22T06:00:00Z",671.33,0.60,0,0,0,0,0,0,
"2016-12-22T06:00:00Z","2016-12-22T06:05:00Z",671.38,0.60,0,0,0,0,0,0,
"2016-12-22T06:05:00Z","2016-12-22T06:10:00Z",671.37,0.60,0,0,0,0,0,0,
"2016-12-22T06:10:00Z","2016-12-22T06:15:00Z",671.36,0.60,0,0,0,0,0,0,
"2016-12-22T06:15:00Z","2016-12-22T06:20:00Z",671.39,0.60,0,0,0,0,0,0,
"2016-12-22T06:20:00Z","2016-12-22T06:25:00Z",671.44,0.60,0,0,0,0,0,0,
"2016-12-22T06:25:00Z","2016-12-22T06:30:00Z",671.43,0.60,0,0,0,0,0,0,
"2016-12-22T06:30:00Z","2016-12-22T06:35:00Z",671.33,0.60,0,0,0,0,0,0,
"2016-12-22T06:35:00Z","2016-12-22T06:40:00Z",671.32,0.60,0,0,0,0,0,0,
"2016-12-22T06:40:00Z","2016-12-22T06:45:00Z",671.32,0.60,0,0,0,0,0,0,
"2016-12-22T06:45:00Z","2016-12-22T06:50:00Z",671.30,0.60,0,0,0,0,0,0,
"2016-12-22T06:50:00Z","2016-12-22T06:55:00Z",671.38,0.60,0,0,0,0,0,0,
"2016-12-22T06:55:00Z","2016-12-22T07:00:00Z",671.30,0.60,0,0,0,0,0,0,
"2016-12-22T07:00:00Z","2016-12-22T07:05:00Z",671.30,0.60,0,0,0,0,0,0,
"2016-12-22T07:05:00Z","2016-12-22T07:10:00Z",671.33,0.60,0,0,0,0,0,0,
"2016-12-22T07:10:00Z","2016-12-22T07:15:00Z",671.31,0.60,0,0,0,0,0,0,
"2016-12-22T07:15:00Z","2016-12-22T07:20:00Z",671.36,0.60,0,0,0,0,0,0,
"2016-12-22T07:20:00Z","2016-12-22T07:25:00Z",671.31,0.60,0,0,0,0,0,0,
"2016-12-22T07:25:00Z","2016-12-22T07:30:00Z",671.39,0.60,0,0,0,0,0,0,
"2016-12-22T07:30:00Z","2016-12-22T07:35:00Z",671.37,0.60,0,0,0,0,0,0,
"2016-12-22T07:35:00Z","2016-12-22T07:40:00Z",671.31,0.60,0,0,0,0,0,0,
"2016-12-22T07:40:00Z","2016-12-22T07:45:00Z",671.33,0.60,0,0,0,0,0,0,
"2016-12-22T07:45:00Z","2016-12-22T07:50:00Z",671.38,0.60,0,0,0,0,0,0,
"2016-12-22T07:50:00Z","2016-12-22T07:55:00Z",671.41,0.60,0,0,0,0,0,0,
"2016-12-22T07:55:00Z","2016-12-22T08:00:00Z",671.38,0.60,0,0,0,0,0,0,
"2016-12-22T08:00:00Z","2016-12-22T08:05:00Z",671.43,0.60,0,0,0,0,0,0,
"2016-12-22T08:05:00Z","2016-12-22T08:10:00Z",671.46,0.60,0,0,0,0,0,0,
"2016-12-22T08:10:00Z","2016-12-22T08:15:00Z",671.48,0.60,0,0,0,0,0,0,
"2016-12-22T08:15:00Z","2016-12-22T08:20:00Z",671.34,0.60,0,0,0,0,0,0,
"2016-12-22T08:20:00Z","2016-12-22T08:25:00Z",671.45,0.60,0,0,0,0,0,0,
"2016-12-22T08:25:00Z","2016-12-22T08:30:00Z",671.41,0.60,0,0,0,0,0,0,
"2016-12-22T08:30:00Z","2016-12-22T08:35:00Z",671.45,0.60,0,0,0,0,0,0,
"2016-12-22T08:35:00Z","2016-12-22T08:40:00Z",671.40,0.60,0,0,0,0,0,0,
"2016-12-22T08:40:00Z","2016-12-22T08:45:00Z",671.55,0.60,0,0,0,0,0,0,
"2016-12-22T08:45:00Z","2016-12-22T08:50:00Z",671.55,0.60,0,0,0,0,0,0,
"2016-12-22T08:50:00Z","2016-12-22T08:55:00Z",671.47,0.60,0,0,0,0,0,0,
"2016-12-22T08:55:00Z","2016-12-22T09:00:00Z",671.52,0.60,0,0,0,0,0,0,
"2016-12-22T09:00:00Z","2016-12-22T09:05:00Z",671.55,0.60,0,0,0,0,0,0,
"2016-12-22T09:05:00Z","2016-12-22T09:10:00Z",671.46,0.60,0,0,0,0,0,0,
"2016-12-22T09:10:00Z","2016-12-22T09:15:00Z",671.45,0.60,0,0,0,0,0,0,
"2016-12-22T09:15:00Z","2016-12-22T09:20:00Z",671.49,0.60,0,0,0,0,0,0,
"2016-12-22T09:20:00Z","2016-12-22T09:25:00Z",671.48,0.60,0,0,0,0,0,0,
"2016-12-22T09:25:00Z","2016-12-22T09:30:00Z",671.51,0.60,0,0,0,0,0,0,
"2016-12-22T09:30:00Z","2016-12-22T09:35:00Z",671.53,0.60,0,0,0,0,0,0,
"2016-12-22T09:35:00Z","2016-12-22T09:40:00Z",671.56,0.60,0,0,0,0,0,0,
"2016-12-22T09:40:00Z","2016-12-22T09:45:00Z",671.42,0.60,0,0,0,0,0,0,
"2016-12-22T09:45:00Z","2016-12-22T09:50:00Z",671.53,0.60,0,0,0,0,0,0,
"2016-12-22T09:50:00Z","2016-12-22T09:55:00Z",671.35,0.60,0,0,0,0,0,0,
"2016-12-22T09:55:00Z","2016-12-22T10:00:00Z",671.45,0.60,0,0,0,0,0,0,
"2016-12-22T10:00:00Z","2016-12-22T10:05:00Z",671.47,0.60,0,0,0,0,0,0,
"2016-12-22T10:05:00Z","2016-12-22T10:10:00Z",671.44,0.60,0,0,0,0,0,0,
"2016-12-22T10:10:00Z","2016-12-22T10:15:00Z",671.35,0.60,0,0,0,0,0,0,
"2016-12-22T10:15:00Z","2016-12-22T10:20:00Z",671.33,0.60,0,0,0,0,0,0,
"2016-12-22T10:20:00Z","2016-12-22T10:25:00Z",671.38,0.60,0,0,0,0,0,0,
"2016-12-22T10:25:00Z","2016-12-22T10:30:00Z",671.34,0.60,0,0,0,0,0,0,
"2016-12-22T10:30:00Z","2016-12-22T10:35:00Z",671.39,0.60,0,0,0,0,0,0,
"2016-12-22T10:35:00Z","2016-12-22T10:40:00Z",671.44,0.60,0,0,0,0,0,0,
"2016-12-22T10:40:00Z","2016-12-22T10:45:00Z",671.44,0.60,0,0,0,0,0,0,
"2016-12-22T10:45:00Z","2016-12-22T10:50:00Z",671.38,0.60,0,0,0,0,0,0,
"2016-12-22T10:50:00Z","2016-12-22T10:55:00Z",671.33,0.60,0,0,0,0,0,0,
"2016-12-22T10:55:00Z","2016-12-22T11:00:00Z",671.40,0.60,0,0,0,0,0,0,
"2016-12-22T11:00:00Z","2016-12-22T11:05:00Z",671.39,0.60,0,0,0,0,0,0,
"2016-12-22T11:05:00Z","2016-12-22T11:10:00Z",671.33,0.60,0,0,0,0,0,0,
"2016-12-22T11:10:00Z","2016-12-22T11:15:00Z",671.37,0.60,0,0,0,0,0,0,
"2016-12-22T11:15:00Z","2016-12-22T11:20:00Z",671.37,0.60,0,0,0,0,0,0,
"2016-12-22T11:20:00Z","2016-12-22T11:25:00Z",671.35,0.60,0,0,0,0,0,0,
"2016-12-22T11:25:00Z","2016-12-22T11:30:00Z",671.28,0.60,0,0,0,0,0,0,
"2016-12-22T11:30:00Z","2016-12-22T11:35:00Z",671.25,0.60,0,0,0,0,0,0,
"2016-12-22T11:35:00Z","2016-12-22T11:40:00Z",671.26,0.60,0,0,0,0,0,0,
"2016-12-22T11:40:00Z","2016-12-22T11:45:00Z",671.26,0.60,0,0,0,0,0,0,
"2016-12-22T11:45:00Z","2016-12-22T11:50:00Z",671.24,0.60,0,0,0,0,0,0,
"2016-12-22T11:50:00Z","2016-12-22T11:55:00Z",671.17,0.60,0,0,0,0,0,0,
"2016-12-22T11:55:00Z","2016-12-22T12:00:00Z",671.16,0.60,0,0,0,0,0,0,
"2016-12-22T12:00:00Z","2016-12-22T12:05:00Z",671.11,0.60,0,0,0,0,0,0,
"2016-12-22T12:05:00Z","2016-12-22T12:10:00Z",671.20,0.60,0,0,0,0,0,0,
"2016-12-22T12:10:00Z","2016-12-22T12:15:00Z",671.13,0.60,0,0,0,0,0,0,
"2016-12-22T12:15:00Z","2016-12-22T12:20:00Z",671.14,0.60,0,0,0,0,0,0,
"2016-12-22T12:20:00Z","2016-12-22T12:25:00Z",671.22,0.60,0,0,0,0,0,0,
"2016-12-22T12:25:00Z","2016-12-22T12:30:00Z",671.12,0.60,0,0,0,0,0,0,
"2016-12-22T12:30:00Z","2016-12-22T12:35:00Z",671.14,0.60,0,0,0,0,0,0,
"2016-12-22T12:35:00Z","2016-12-22T12:40:00Z",671.08,0.60,0,0,0,0,0,0,
"2016-12-22T12:40:00Z","2016-12-22T12:45:00Z",671.17,0.60,0,0,0,0,0,0,
"2016-12-22T12:45:00Z","2016-12-22T12:50:00Z",671.06,0.60,0,0,0,0,0,0,
"2016-12-22T12:50:00Z","2016-12-22T12:55:00Z",671.14,0.60,0,0,0,0,0,0,
"2016-12-22T12:55:00Z","2016-12-22T13:00:00Z",671.15,0.60,0,0,0,0,0,0,
"2016-12-22T13:00:00Z","2016-12-22T13:05:00Z",671.14,0.60,0,0,0,0,0,0,
"2016-12-22T13:05:00Z","2016-12-22T13:10:00Z",671.13,0.60,0,0,0,0,0,0,
"2016-12-22T13:10:00Z","2016-12-22T13:15:00Z",671.17,0.60,0,0,0,0,0,0,
"2016-12-22T13:15:00Z","2016-12-22T13:20:00Z",671.15,0.60,0,0,0,0,0,0,
"2016-12-22T13:20:00Z","2016-12-22T13:25:00Z",671.11,0.60,0,0,0,0,0,0,
"2016-12-22T13:25:00Z","2016-12-22T13:30:00Z",671.19,0.60,0,0,0,0,0,0,
"2016-12-22T13:30:00Z","2016-12-22T13:35:00Z",671.09,0.60,0,0,0,0,0,0,
"2016-12-22T13:35:00Z","2016-12-22T13:40:00Z",671.16,0.60,0,0,0,0,0,0,
"2016-12-22T13:40:00Z","2016-12-22T13:45:00Z",671.22,0.60,0,0,0,0,0,0,
"2016-12-22T13:45:00Z","2016-12-22T13:50:00Z",671.17,0.60,0,0,0,0,0,0,
"2016-12-22T13:50:00Z","2016-12-22T13:55:00Z",671.18,0.60,0,0,0,0,0,0,
"2016-12-22T13:55:00Z","2016-12-22T14:00:00Z",671.26,0.60,0,0,0,0,0,0,
"2016-12-22T14:00:00Z","2016-12-22T14:05:00Z",671.30,0.60,0,0,0,0,0,0,
"2016-12-22T14:05:00Z","2016-12-22T14:10:00Z",671.23,0.60,0,0,0,0,0,0,
"2016-12-22T14:10:00Z","2016-12-22T14:15:00Z",671.30,0.60,0,0,0,0,0,0,
"2016-12-22T14:15:00Z","2016-12-22T14:20:00Z",671.31,0.60,0,0,0,0,0,0,
"2016-12-22T14:20:00Z","2016-12-22T14:25:00Z",671.24,0.60,0,0,0,0,0,0,
"2016-12-22T14:25:00Z","2016-12-22T14:30:00Z",671.37,0.60,0,0,0,0,0,0,
"2016-12-22T14:30:00Z","2016-12-22T14:35:00Z",671.39,0.60,0,0,0,0,0,0,
"2016-12-22T14:35:00Z","2016-12-22T14:40:00Z",671.34,0.60,0,0,0,0,0,0,
"2016-12-22T14:40:00Z","2016-12-22T14:45:00Z",671.37,0.60,0,0,0,0,0,0,
"2016-12-22T14:45:00Z","2016-12-22T14:50:00Z",671.36,0.60,0,0,0,0,0,0,
"2016-12-22T14:50:00Z","2016-12-22T14:55:00Z",671.35,0.60,0,0,0,0,0,0,
"2016-12-22T14:55:00Z","2016-12-22T15:00:00Z",671.41,0.60,0,0,0,0,0,0,
"2016-12-22T15:00:00Z","2016-12-22T15:05:00Z",671.43,0.60,0,0,0,0,0,0,
"2016-12-22T15:05:00Z","2016-12-22T15:10:00Z",671.30,0.60,0,0,0,0,0,0,
"2016-12-22T15:10:00Z","2016-12-22T15:15:00Z",671.35,0.60,0,0,0,0,0,0,
"2016-12-22T15:15:00Z","2016-12-22T15:20:00Z",671.32,0.60,0,0,0,0,0,0,
"2016-12-22T15:20:00Z","2016-12-22T15:25:00Z",671.40,0.60,0,0,0,0,0,0,
"2016-12-22T15:25:00Z","2016-12-22T15:30:00Z",671.42,0.60,0,0,0,0,0,0,
"2016-12-22T15:30:00Z","2016-12-22T15:35:00Z",671.36,0.60,0,0,0,0,0,0,
"2016-12-22T15:35:00Z","2016-12-22T15:40:00Z",671.41,0.60,0,0,0,0,0,0,
"2016-12-22T15:40:00Z","2016-12-22T15:45:00Z",671.39,0.60,0,0,0,0,0,0,
"2016-12-22T15:45:00Z","2016-12-22T15:50:00Z",671.36,0.60,0,0,0,0,0,0,
"2016-12-22T15:50:00Z","2016-12-22T15:55:00Z",671.46,0.60,0,0,0,0,0,0,
"2016-12-22T15:55:00Z","2016-12-22T16:00:00Z",671.46,0.61,0,0,0,0,0,0,
"2016-12-22T16:00:00Z","2016-12-22T16:05:00Z",671.52,0.60,0,0,0,0,0,0,
"2016-12-22T16:05:00Z","2016-12-22T16:10:00Z",671.43,0.60,0,0,0,0,0,0,
"2016-12-22T16:10:00Z","2016-12-22T16:15:00Z",671.38,0.60,0,0,0,0,0,0,
"2016-12-22T16:15:00Z","2016-12-22T16:20:00Z",671.48,0.60,0,0,0,0,0,0,
"2016-12-22T16:20:00Z","2016-12-22T16:25:00Z",671.42,0.60,0,0,0,0,0,0,
"2016-12-22T16:25:00Z","2016-12-22T16:30:00Z",671.40,0.60,0,0,0,0,0,0,
"2016-12-22T16:30:00Z","2016-12-22T16:35:00Z",671.37,0.60,0,0,0,0,0,0,
"2016-12-22T16:35:00Z","2016-12-22T16:40:00Z",671.38,0.60,0,0,0,0,0,0,
"2016-12-22T16:40:00Z","2016-12-22T16:45:00Z",671.35,0.60,0,0,0,0,0,0,
"2016-12-22T16:45:00Z","2016-12-22T16:50:00Z",671.42,0.60,0,0,0,0,0,0,
"2016-12-22T16:50:00Z","2016-12-22T16:55:00Z",671.43,0.60,0,0,0,0,0,0,
"2016-12-22T16:55:00Z","2016-12-22T17:00:00Z",671.38,0.60,0,0,0,0,0,0,
"2016-12-22T17:00:00Z","2016-12-22T17:05:00Z",671.35,0.60,0,0,0,0,0,0,
"2016-12-22T17:05:00Z","2016-12-22T17:10:00Z",671.29,0.60,0,0,0,0,0,0,
"2016-12-22T17:10:00Z","2016-12-22T17:15:00Z",671.27,0.60,0,0,0,0,0,0,
"2016-12-22T17:15:00Z","2016-12-22T17:20:00Z",671.22,0.60,0,0,0,0,0,0,
"2016-12-22T17:20:00Z","2016-12-22T17:25:00Z",671.28,0.60,0,0,0,0,0,0,
"2016-12-22T17:25:00Z","2016-12-22T17:30:00Z",671.18,0.60,0,0,0,0,0,0,
"2016-12-22T17:30:00Z","2016-12-22T17:35:00Z",671.24,0.60,0,0,0,0,0,0,
"2016-12-22T17:35:00Z","2016-12-22T17:40:00Z",671.24,0.60,0,0,0,0,0,0,
"2016-12-22T17:40:00Z","2016-12-22T17:45:00Z",671.13,0.60,0,0,0,0,0,0,
"2016-12-22T17:45:00Z","2016-12-22T17:50:00Z",671.28,0.60,0,0,0,0,0,0,
"2016-12-22T17:50:00Z","2016-12-22T17:55:00Z",671.22,0.60,0,0,0,0,0,0,
"2016-12-22T17:55:00Z","2016-12-22T18:00:00Z",671.23,0.60,0,0,0,0,0,0,
"2016-12-22T18:00:00Z","2016-12-22T18:05:00Z",671.22,0.60,0,0,0,0,0,0,
"2016-12-22T18:05:00Z","2016-12-22T18:10:00Z",671.13,0.60,0,0,0,0,0,0,
"2016-12-22T18:10:00Z","2016-12-22T18:15:00Z",671.20,0.60,0,0,0,0,0,0,
"2016-12-22T18:15:00Z","2016-12-22T18:20:00Z",671.14,0.60,0,0,0,0,0,0,
"2016-12-22T18:20:00Z","2016-12-22T18:25:00Z",671.12,0.60,0,0,0,0,0,0,
"2016-12-22T18:25:00Z","2016-12-22T18:30:00Z",671.13,0.60,0,0,0,0,0,0,
"2016-12-22T18:30:00Z","2016-12-22T18:35:00Z",671.16,0.60,0,0,0,0,0,0,
"2016-12-22T18:35:00Z","2016-12-22T18:40:00Z",671.07,0.60,0,0,0,0,0,0,
"2016-12-22T18:40:00Z","2016-12-22T18:45:00Z",671.11,0.60,0,0,0,0,0,0,
"2016-12-22T18:45:00Z","2016-12-22T18:50:00Z",671.18,0.60,0,0,0,0,0,0,
"2016-12-22T18:50:00Z","2016-12-22T18:55:00Z",671.06,0.60,0,0,0,0,0,0,
"2016-12-22T18:55:00Z","2016-12-22T19:00:00Z",671.05,0.60,0,0,0,0,0,0,
"2016-12-22T19:00:00Z","2016-12-22T19:05:00Z",671.02,0.60,0,0,0,0,0,0,
"2016-12-22T19:05:00Z","2016-12-22T19:10:00Z",671.01,0.60,0,0,0,0,0,0,
"2016-12-22T19:10:00Z","2016-12-22T19:15:00Z",671.02,0.60,0,0,0,0,0,0,
"2016-12-22T19:15:00Z","2016-12-22T19:20:00Z",671.02,0.60,0,0,0,0,0,0,
"2016-12-22T19:20:00Z","2016-12-22T19:25:00Z",671.03,0.60,0,0,0,0,0,0,
"2016-12-22T19:25:00Z","2016-12-22T19:30:00Z",670.96,0.60,0,0,0,0,0,0,
"2016-12-22T19:30:00Z","2016-12-22T19:35:00Z",671.02,0.60,0,0,0,0,0,0,
"2016-12-22T19:35:00Z","2016-12-22T19:40:00Z",671.00,0.60,0,0,0,0,0,0,
"2016-12-22T19:40:00Z","2016-12-22T19:45:00Z",670.93,0.60,0,0,0,0,0,0,
"2016-12-22T19:45:00Z","2016-12-22T19:50:00Z",670.99,0.60,0,0,0,0,0,0,
"2016-12-22T19:50:00Z","2016-12-22T19:55:00Z",670.98,0.60,0,0,0,0,0,0,
"2016-12-22T19:55:00Z","2016-12-22T20:00:00Z",670.93,0.60,0,0,0,0,0,0,
"2016-12-22T20:00:00Z","2016-12-22T20:05:00Z",670.88,0.60,0,0,0,0,0,0,
"2016-12-22T20:05:00Z","2016-12-22T20:10:00Z",670.82,0.60,0,0,0,0,0,0,
"2016-12-22T20:10:00Z","2016-12-22T20:15:00Z",670.84,0.60,0,0,0,0,0,0,
"2016-12-22T20:15:00Z","2016-12-22T20:20:00Z",670.92,0.60,0,0,0,0,0,0,
"2016-12-22T20:20:00Z","2016-12-22T20:25:00Z",670.90,0.60,0,0,0,0,0,0,
"2016-12-22T20:25:00Z","2016-12-22T20:30:00Z",670.80,0.60,0,0,0,0,0,0,
"2016-12-22T20:30:00Z","2016-12-22T20:35:00Z",670.80,0.60,0,0,0,0,0,0,
"2016-12-22T20:35:00Z","2016-12-22T20:40:00Z",670.78,0.60,0,0,0,0,0,0,
"2016-12-22T20:40:00Z","2016-12-22T20:45:00Z",670.70,0.60,0,0,0,0,0,0,
"2016-12-22T20:45:00Z","2016-12-22T20:50:00Z",670.73,0.60,0,0,0,0,0,0,
"2016-12-22T20:50:00Z","2016-12-22T20:55:00Z",670.77,0.60,0,0,0,0,0,0,
"2016-12-22T20:55:00Z","2016-12-22T21:00:00Z",670.71,0.60,0,0,0,0,0,0,
"2016-12-22T21:00:00Z","2016-12-22T21:05:00Z",670.69,0.60,0,0,0,0,0,0,
"2016-12-22T21:05:00Z","2016-12-22T21:10:00Z",670.71,0.60,0,0,0,0,0,0,
"2016-12-22T21:10:00Z","2016-12-22T21:15:00Z",670.63,0.60,0,0,0,0,0,0,
"2016-12-22T21:15:00Z","2016-12-22T21:20:00Z",670.60,0.60,0,0,0,0,0,0,
"2016-12-22T21:20:00Z","2016-12-22T21:25:00Z",670.67,0.60,0,0,0,0,0,0,
"2016-12-22T21:25:00Z","2016-12-22T21:30:00Z",670.58,0.60,0,0,0,0,0,0,
"2016-12-22T21:30:00Z","2016-12-22T21:35:00Z",670.64,0.60,0,0,0,0,0,0,
"2016-12-22T21:35:00Z","2016-12-22T21:40:00Z",670.66,0.60,0,0,0,0,0,0,
"2016-12-22T21:40:00Z","2016-12-22T21:45:00Z",670.67,0.60,0,0,0,0,0,0,
"2016-12-22T21:45:00Z","2016-12-22T21:50:00Z",670.61,0.60,0,0,0,0,0,0,
"2016-12-22T21:50:00Z","2016-12-22T21:55:00Z",670.59,0.60,0,0,0,0,0,0,
"2016-12-22T21:55:00Z","2016-12-22T22:00:00Z",670.58,0.60,0,0,0,0,0,0,
"2016-12-22T22:00:00Z","2016-12-22T22:05:00Z",670.56,0.60,0,0,0,0,0,0,
"2016-12-22T22:05:00Z","2016-12-22T22:10:00Z",670.60,0.60,0,0,0,0,0,0,
"2016-12-22T22:10:00Z","2016-12-22T22:15:00Z",670.63,0.60,0,0,0,0,0,0,
"2016-12-22T22:15:00Z","2016-12-22T22:20:00Z",670.50,0.60,0,0,0,0,0,0,
"2016-12-22T22:20:00Z","2016-12-22T22:25:00Z",670.59,0.60,0,0,0,0,0,0,
"2016-12-22T22:25:00Z","2016-12-22T22:30:00Z",670.52,0.60,0,0,0,0,0,0,
"2016-12-22T22:30:00Z","2016-12-22T22:35:00Z",670.57,0.60,0,0,0,0,0,0,
"2016-12-22T22:35:00Z","2016-12-22T22:40:00Z",670.54,0.60,0,0,0,0,0,0,
"2016-12-22T22:40:00Z","2016-12-22T22:45:00Z",670.51,0.60,0,0,0,0,0,0,
"2016-12-22T22:45:00Z","2016-12-22T22:50:00Z",670.53,0.60,0,0,0,0,0,0,
"2016-12-22T22:50:00Z","2016-12-22T22:55:00Z",670.57,0.60,0,0,0,0,0,0,
"2016-12-22T22:55:00Z","2016-12-22T23:00:00Z",670.54,0.60,0,0,0,0,0,0,
"2016-12-22T23:00:00Z","2016-12-22T23:05:00Z",670.56,0.60,0,0,0,0,0,0,
"2016-12-22T23:05:00Z","2016-12-22T23:10:00Z",670.63,0.60,0,0,0,0,0,0,
"2016-12-22T23:10:00Z","2016-12-22T23:15:00Z",670.51,0.60,0,0,0,0,0,0,
"2016-12-22T23:15:00Z","2016-12-22T23:20:00Z",670.52,0.60,0,0,0,0,0,0,
"2016-12-22T23:20:00Z","2016-12-22T23:25:00Z",670.55,0.60,0,0,0,0,0,0,
"2016-12-22T23:25:00Z","2016-12-22T23:30:00Z",670.59,0.60,0,0,0,0,0,0,
"2016-12-22T23:30:00Z","2016-12-22T23:35:00Z",670.63,0.60,0,0,0,0,0,0,
"2016-12-22T23:35:00Z","2016-12-22T23:40:00Z",670.60,0.60,0,0,0,0,0,0,
"2016-12-22T23:40:00Z","2016-12-22T23:45:00Z",670.65,0.60,0,0,0,0,0,0,
"2016-12-22T23:45:00Z","2016-12-22T23:50:00Z",670.53,0.60,0,0,0,0,0,0,
"2016-12-22T23:50:00Z","2016-12-22T23:55:00Z",670.59,0.60,0,0,0,0,0,0,
"2016-12-22T23:55:00Z","2016-12-23T00:00:00Z",670.66,0.60,0,0,0,0,0,0,
"2016-12-23T00:00:00Z","2016-12-23T00:05:00Z",670.60,0.60,0,0,0,0,0,0,
"2016-12-23T00:05:00Z","2016-12-23T00:10:00Z",670.58,0.60,0,0,0,0,0,0,
"2016-12-23T00:10:00Z","2016-12-23T00:15:00Z",670.56,0.60,0,0,0,0,0,0,
"2016-12-23T00:15:00Z","2016-12-23T00:20:00Z",670.56,0.60,0,0,0,0,0,0,
"2016-12-23T00:20:00Z","2016-12-23T00:25:00Z",670.60,0.60,0,0,0,0,0,0,
"2016-12-23T00:25:00Z","2016-12-23T00:30:00Z",670.58,0.60,0,0,0,0,0,0,
"2016-12-23T00:30:00Z","2016-12-23T00:35:00Z",670.61,0.60,0,0,0,0,0,0,
"2016-12-23T00:35:00Z","2016-12-23T00:40:00Z",670.51,0.60,0,0,0,0,0,0,
"2016-12-23T00:40:00Z","2016-12-23T00:45:00Z",670.59,0.60,0,0,0,0,0,0,
"2016-12-23T00:45:00Z","2016-12-23T00:50:00Z",670.62,0.60,0,0,0,0,0,0,
"2016-12-23T00:50:00Z","2016-12-23T00:55:00Z",670.55,0.60,0,0,0,0,0,0,
"2016-12-23T00:55:00Z","2016-12-23T01:00:00Z",670.55,0.60,0,0,0,0,0,0,
"2016-12-23T01:00:00Z","2016-12-23T01:05:00Z",670.63,0.60,0,0,0,0,0,0,
"2016-12-23T01:05:00Z","2016-12-23T01:10:00Z",670.58,0.60,0,0,0,0,0,0,
"2016-12-23T01:10:00Z","2016-12-23T01:15:00Z",670.52,0.60,0,0,0,0,0,0,
"2016-12-23T01:15:00Z","2016-12-23T01:20:00Z",670.68,0.60,0,0,0,0,0,0,
"2016-12-23T01:20:00Z","2016-12-23T01:25:00Z",670.63,0.60,0,0,0,0,0,0,
"2016-12-23T01:25:00Z","2016-12-23T01:30:00Z",670.69,0.60,0,0,0,0,0,0,
"2016-12-23T01:30:00Z","2016-12-23T01:35:00Z",670.57,0.60,0,0,0,0,0,0,
"2016-12-23T01:35:00Z","2016-12-23T01:40:00Z",670.66,0.60,0,0,0,0,0,0,
"2016-12-23T01:40:00Z","2016-12-23T01:45:00Z",670.71,0.60,0,0,0,0,0,0,
"2016-12-23T01:45:00Z","2016-12-23T01:50:00Z",670.68,0.60,0,0,0,0,0,0,
"2016-12-23T01:50:00Z","2016-12-23T01:55:00Z",670.76,0.60,0,0,0,0,0,0,
"2016-12-23T01:55:00Z","2016-12-23T02:00:00Z",670.75,0.60,0,0,0,0,0,0,
"2016-12-23T02:00:00Z","2016-12-23T02:05:00Z",670.79,0.60,0,0,0,0,0,0,
"2016-12-23T02:05:00Z","2016-12-23T02:10:00Z",670.74,0.60,0,0,0,0,0,0,
"2016-12-23T02:10:00Z","2016-12-23T02:15:00Z",670.74,0.60,0,0,0,0,0,0,
"2016-12-23T02:15:00Z","2016-12-23T02:20:00Z",670.72,0.60,0,0,0,0,0,0,
"2016-12-23T02:20:00Z","2016-12-23T02:25:00Z",670.76,0.60,0,0,0,0,0,0,
"2016-12-23T02:25:00Z","2016-12-23T02:30:00Z",670.79,0.60,0,0,0,0,0,0,
"2016-12-23T02:30:00Z","2016-12-23T02:35:00Z",670.72,0.60,0,0,0,0,0,0,
"2016-12-23T02:35:00Z","2016-12-23T02:40:00Z",670.77,0.60,0,0,0,0,0,0,
"2016-12-23T02:40:00Z","2016-12-23T02:45:00Z",670.83,0.60,0,0,0,0,0,0,
"2016-12-23T02:45:00Z","2016-12-23T02:50:00Z",670.74,0.60,0,0,0,0,0,0,
"2016-12-23T02:50:00Z","2016-12-23T02:55:00Z",670.79,0.60,0,0,0,0,0,0,
"2016-12-23T02:55:00Z","2016-12-23T03:00:00Z",670.79,0.60,0,0,0,0,0,0,
"2016-12-23T03:00:00Z","2016-12-23T03:05:00Z",670.73,0.60,0,0,0,0,0,0,
"2016-12-23T03:05:00Z","2016-12-23T03:10:00Z",670.74,0.60,0,0,0,0,0,0,
"2016-12-23T03:10:00Z","2016-12-23T03:15:00Z",670.76,0.60,0,0,0,0,0,0,
"2016-12-23T03:15:00Z","2016-12-23T03:20:00Z",670.66,0.60,0,0,0,0,0,0,
"2016-12-23T03:20:00Z","2016-12-23T03:25:00Z",670.69,0.60,0,0,0,0,0,0,
"2016-12-23T03:25:00Z","2016-12-23T03:30:00Z",670.78,0.60,0,0,0,0,0,0,
"2016-12-23T03:30:00Z","2016-12-23T03:35:00Z",670.77,0.60,0,0,0,0,0,0,
"2016-12-23T03:35:00Z","2016-12-23T03:40:00Z",670.66,0.60,0,0,0,0,0,0,
"2016-12-23T03:40:00Z","2016-12-23T03:45:00Z",670.68,0.60,0,0,0,0,0,0,
"2016-12-23T03:45:00Z","2016-12-23T03:50:00Z",670.63,0.60,0,0,0,0,0,0,
"2016-12-23T03:50:00Z","2016-12-23T03:55:00Z",670.67,0.60,0,0,0,0,0,0,
"2016-12-23T03:55:00Z","2016-12-23T04:00:00Z",670.61,0.60,0,0,0,0,0,0,
"2016-12-23T04:00:00Z","2016-12-23T04:05:00Z",670.69,0.60,0,0,0,0,0,0,
"2016-12-23T04:05:00Z","2016-12-23T04:10:00Z",670.68,0.60,0,0,0,0,0,0,
"2016-12-23T04:10:00Z","2016-12-23T04:15:00Z",670.68,0.60,0,0,0,0,0,0,
"2016-12-23T04:15:00Z","2016-12-23T04:20:00Z",670.69,0.60,0,0,0,0,0,0,
"2016-12-23T04:20:00Z","2016-12-23T04:25:00Z",670.70,0.60,0,0,0,0,0,0,
"2016-12-23T04:25:00Z","2016-12-23T04:30:00Z",670.70,0.60,0,0,0,0,0,0,
"2016-12-23T04:30:00Z","2016-12-23T04:35:00Z",670.67,0.60,0,0,0,0,0,0,
"2016-12-23T04:35:00Z","2016-12-23T04:40:00Z",670.62,0.60,0,0,0,0,0,0,
"2016-12-23T04:40:00Z","2016-12-23T04:45:00Z",670.73,0.60,0,0,0,0,0,0,
"2016-12-23T04:45:00Z","2016-12-23T04:50:00Z",670.77,0.60,0,0,0,0,0,0,
"2016-12-23T04:50:00Z","2016-12-23T04:55:00Z",670.66,0.60,0,0,0,0,0,0,
"2016-12-23T04:55:00Z","2016-12-23T05:00:00Z",670.64,0.60,0,0,0,0,0,0,
"2016-12-23T05:00:00Z","2016-12-23T05:05:00Z",670.75,0.60,0,0,0,0,0,0,
"2016-12-23T05:05:00Z","2016-12-23T05:10:00Z",670.61,0.60,0,0,0,0,0,0,
"2016-12-23T05:10:00Z","2016-12-23T05:15:00Z",670.71,0.60,0,0,0,0,0,0,
"2016-12-23T05:15:00Z","2016-12-23T05:20:00Z",670.76,0.60,0,0,0,0,0,0,
"2016-12-23T05:20:00Z","2016-12-23T05:25:00Z",670.75,0.60,0,0,0,0,0,0,
"2016-12-23T05:25:00Z","2016-12-23T05:30:00Z",670.83,0.60,0,0,0,0,0,0,
"2016-12-23T05:30:00Z","2016-12-23T05:35:00Z",670.79,0.60,0,0,0,0,0,0,
"2016-12-23T05:35:00Z","2016-12-23T05:40:00Z",670.76,0.60,0,0,0,0,0,0,
"2016-12-23T05:40:00Z","2016-12-23T05:45:00Z",670.70,0.60,0,0,0,0,0,0,
"2016-12-23T05:45:00Z","2016-12-23T05:50:00Z",670.74,0.60,0,0,0,0,0,0,
"2016-12-23T05:50:00Z","2016-12-23T05:55:00Z",670.71,0.60,0,0,0,0,0,0,
"2016-12-23T05:55:00Z","2016-12-23T06:00:00Z",670.80,0.60,0,0,0,0,0,0,
"2016-12-23T06:00:00Z","2016-12-23T06:05:00Z",670.76,0.60,0,0,0,0,0,0,
"2016-12-23T06:05:00Z","2016-12-23T06:10:00Z",670.76,0.60,0,0,0,0,0,0,
"2016-12-23T06:10:00Z","2016-12-23T06:15:00Z",670.66,0.60,0,0,0,0,0,0,
"2016-12-23T06:15:00Z","2016-12-23T06:20:00Z",670.67,0.60,0,0,0,0,0,0,
"2016-12-23T06:20:00Z","2016-12-23T06:25:00Z",670.71,0.60,0,0,0,0,0,0,
"2016-12-23T06:25:00Z","2016-12-23T06:30:00Z",670.75,0.60,0,0,0,0,0,0,
"2016-12-23T06:30:00Z","2016-12-23T06:35:00Z",670.79,0.60,0,0,0,0,0,0,
"2016-12-23T06:35:00Z","2016-12-23T06:40:00Z",670.76,0.60,0,0,0,0,0,0,
"2016-12-23T06:40:00Z","2016-12-23T06:45:00Z",670.70,0.60,0,0,0,0,0,0,
"2016-12-23T06:45:00Z","2016-12-23T06:50:00Z",670.71,0.60,0,0,0,0,0,0,
"2016-12-23T06:50:00Z","2016-12-23T06:55:00Z",670.73,0.60,0,0,0,0,0,0,
"2016-12-23T06:55:00Z","2016-12-23T07:00:00Z",670.69,0.60,0,0,0,0,0,0,
"2016-12-23T07:00:00Z","2016-12-23T07:05:00Z",670.75,0.60,0,0,0,0,0,0,
"2016-12-23T07:05:00Z","2016-12-23T07:10:00Z",670.64,0.60,0,0,0,0,0,0,
"2016-12-23T07:10:00Z","2016-12-23T07:15:00Z",670.65,0.60,0,0,0,0,0,0,
"2016-12-23T07:15:00Z","2016-12-23T07:20:00Z",670.69,0.60,0,0,0,0,0,0,
"2016-12-23T07:20:00Z","2016-12-23T07:25:00Z",670.65,0.60,0,0,0,0,0,0,
"2016-12-23T07:25:00Z","2016-12-23T07:30:00Z",670.71,0.60,0,0,0,0,0,0,
"2016-12-23T07:30:00Z","2016-12-23T07:35:00Z",670.64,0.60,0,0,0,0,0,0,
"2016-12-23T07:35:00Z","2016-12-23T07:40:00Z",670.63,0.60,0,0,0,0,0,0,
"2016-12-23T07:40:00Z","2016-12-23T07:45:00Z",670.58,0.60,0,0,0,0,0,0,
"2016-12-23T07:45:00Z","2016-12-23T07:50:00Z",670.63,0.60,0,0,0,0,0,0,
"2016-12-23T07:50:00Z","2016-12-23T07:55:00Z",670.62,0.60,0,0,0,0,0,0,
"2016-12-23T07:55:00Z","2016-12-23T08:00:00Z",670.61,0.60,0,0,0,0,0,0,
"2016-12-23T08:00:00Z","2016-12-23T08:05:00Z",670.59,0.60,0,0,0,0,0,0,
"2016-12-23T08:05:00Z","2016-12-23T08:10:00Z",670.64,0.60,0,0,0,0,0,0,
"2016-12-23T08:10:00Z","2016-12-23T08:15:00Z",670.65,0.60,0,0,0,0,0,0,
"2016-12-23T08:15:00Z","2016-12-23T08:20:00Z",670.66,0.60,0,0,0,0,0,0,
"2016-12-23T08:20:00Z","2016-12-23T08:25:00Z",670.66,0.60,0,0,0,0,0,0,
"2016-12-23T08:25:00Z","2016-12-23T08:30:00Z",670.57,0.60,0,0,0,0,0,0,
"2016-12-23T08:30:00Z","2016-12-23T08:35:00Z",670.62,0.60,0,0,0,0,0,0,
"2016-12-23T08:35:00Z","2016-12-23T08:40:00Z",670.54,0.60,0,0,0,0,0,0,
"2016-12-23T08:40:00Z","2016-12-23T08:45:00Z",670.58,0.60,0,0,0,0,0,0,
"2016-12-23T08:45:00Z","2016-12-23T08:50:00Z",670.61,0.60,0,0,0,0,0,0,
"2016-12-23T08:50:00Z","2016-12-23T08:55:00Z",670.59,0.60,0,0,0,0,0,0,
"2016-12-23T08:55:00Z","2016-12-23T09:00:00Z",670.59,0.60,0,0,0,0,0,0,
"2016-12-23T09:00:00Z","2016-12-23T09:05:00Z",670.61,0.60,0,0,0,0,0,0,
"2016-12-23T09:05:00Z","2016-12-23T09:10:00Z",670.56,0.60,0,0,0,0,0,0,
"2016-12-23T09:10:00Z","2016-12-23T09:15:00Z",670.58,0.60,0,0,0,0,0,0,
"2016-12-23T09:15:00Z","2016-12-23T09:20:00Z",670.61,0.60,0,0,0,0,0,0,
"2016-12-23T09:20:00Z","2016-12-23T09:25:00Z",670.56,0.60,0,0,0,0,0,0,
"2016-12-23T09:25:00Z","2016-12-23T09:30:00Z",670.68,0.60,0,0,0,0,0,0,
"2016-12-23T09:30:00Z","2016-12-23T09:35:00Z",670.65,0.60,0,0,0,0,0,0,
"2016-12-23T09:35:00Z","2016-12-23T09:40:00Z",670.64,0.60,0,0,0,0,0,0,
"2016-12-23T09:40:00Z","2016-12-23T09:45:00Z",670.61,0.60,0,0,0,0,0,0,
"2016-12-23T09:45:00Z","2016-12-23T09:50:00Z",670.62,0.60,0,0,0,0,0,0,
"2016-12-23T09:50:00Z","2016-12-23T09:55:00Z",670.68,0.60,0,0,0,0,0,0,
"2016-12-23T09:55:00Z","2016-12-23T10:00:00Z",670.64,0.60,0,0,0,0,0,0,
"2016-12-23T10:00:00Z","2016-12-23T10:05:00Z",670.66,0.60,0,0,0,0,0,0,
"2016-12-23T10:05:00Z","2016-12-23T10:10:00Z",670.55,0.60,0,0,0,0,0,0,
"2016-12-23T10:10:00Z","2016-12-23T10:15:00Z",670.59,0.60,0,0,0,0,0,0,
"2016-12-23T10:15:00Z","2016-12-23T10:20:00Z",670.64,0.60,0,0,0,0,0,0,
"2016-12-23T10:20:00Z","2016-12-23T10:25:00Z",670.69,0.60,0,0,0,0,0,0,
"2016-12-23T10:25:00Z","2016-12-23T10:30:00Z",670.67,0.60,0,0,0,0,0,0,
"2016-12-23T10:30:00Z","2016-12-23T10:35:00Z",670.61,0.60,0,0,0,0,0,0,
"2016-12-23T10:35:00Z","2016-12-23T10:40:00Z",670.57,0.60,0,0,0,0,0,0,
"2016-12-23T10:40:00Z","2016-12-23T10:45:00Z",670.70,0.60,0,0,0,0,0,0,
"2016-12-23T10:45:00Z","2016-12-23T10:50:00Z",670.61,0.60,0,0,0,0,0,0,
"2016-12-23T10:50:00Z","2016-12-23T10:55:00Z",670.50,0.60,0,0,0,0,0,0,
"2016-12-23T10:55:00Z","2016-12-23T11:00:00Z",670.52,0.60,0,0,0,0,0,0,
"2016-12-23T11:00:00Z","2016-12-23T11:05:00Z",670.61,0.60,0,0,0,0,0,0,
"2016-12-23T11:05:00Z","2016-12-23T11:10:00Z",670.59,0.60,0,0,0,0,0,0,
"2016-12-23T11:10:00Z","2016-12-23T11:15:00Z",670.54,0.60,0,0,0,0,0,0,
"2016-12-23T11:15:00Z","2016-12-23T11:20:00Z",670.59,0.60,0,0,0,0,0,0,
"2016-12-23T11:20:00Z","2016-12-23T11:25:00Z",670.64,0.60,0,0,0,0,0,0,
"2016-12-23T11:25:00Z","2016-12-23T11:30:00Z",670.57,0.60,0,0,0,0,0,0,
"2016-12-23T11:30:00Z","2016-12-23T11:35:00Z",670.53,0.60,0,0,0,0,0,0,
"2016-12-23T11:35:00Z","2016-12-23T11:40:00Z",670.63,0.60,0,0,0,0,0,0,
"2016-12-23T11:40:00Z","2016-12-23T11:45:00Z",670.62,0.60,0,0,0,0,0,0,
"2016-12-23T11:45:00Z","2016-12-23T11:50:00Z",670.61,0.60,0,0,0,0,0,0,
"2016-12-23T11:50:00Z","2016-12-23T11:55:00Z",670.63,0.60,0,0,0,0,0,0,
"2016-12-23T11:55:00Z","2016-12-23T12:00:00Z",670.59,0.60,0,0,0,0,0,0,
"2016-12-23T12:00:00Z","2016-12-23T12:05:00Z",670.60,0.60,0,0,0,0,0,0,
"2016-12-23T12:05:00Z","2016-12-23T12:10:00Z",670.48,0.60,0,0,0,0,0,0,
"2016-12-23T12:10:00Z","2016-12-23T12:15:00Z",670.54,0.60,0,0,0,0,0,0,
"2016-12-23T12:15:00Z","2016-12-23T12:20:00Z",670.64,0.60,0,0,0,0,0,0,
"2016-12-23T12:20:00Z","2016-12-23T12:25:00Z",670.50,0.60,0,0,0,0,0,0,
"2016-12-23T12:25:00Z","2016-12-23T12:30:00Z",670.46,0.60,0,0,0,0,0,0,
"2016-12-23T12:30:00Z","2016-12-23T12:35:00Z",670.46,0.60,0,0,0,0,0,0,
"2016-12-23T12:35:00Z","2016-12-23T12:40:00Z",670.48,0.60,0,0,0,0,0,0,
"2016-12-23T12:40:00Z","2016-12-23T12:45:00Z",670.43,0.60,0,0,0,0,0,0,
"2016-12-23T12:45:00Z","2016-12-23T12:50:00Z",670.40,0.60,0,0,0,0,0,0,
"2016-12-23T12:50:00Z","2016-12-23T12:55:00Z",670.43,0.60,0,0,0,0,0,0,
"2016-12-23T12:55:00Z","2016-12-23T13:00:00Z",670.40,0.60,0,0,0,0,0,0,
"2016-12-23T13:00:00Z","2016-12-23T13:05:00Z",670.42,0.60,0,0,0,0,0,0,
"2016-12-23T13:05:00Z","2016-12-23T13:10:00Z",670.34,0.60,0,0,0,0,0,0,
"2016-12-23T13:10:00Z","2016-12-23T13:15:00Z",670.36,0.60,0,0,0,0,0,0,
"2016-12-23T13:15:00Z","2016-12-23T13:20:00Z",670.45,0.60,0,0,0,0,0,0,
"2016-12-23T13:20:00Z","2016-12-23T13:25:00Z",670.44,0.60,0,0,0,0,0,0,
"2016-12-23T13:25:00Z","2016-12-23T13:30:00Z",670.46,0.61,0,0,0,0,0,0,
"2016-12-23T13:30:00Z","2016-12-23T13:35:00Z",670.42,0.60,0,0,0,0,0,0,
"2016-12-23T13:35:00Z","2016-12-23T13:40:00Z",670.50,0.60,0,0,0,0,0,0,
"2016-12-23T13:40:00Z","2016-12-23T13:45:00Z",670.52,0.60,0,0,0,0,0,0,
"2016-12-23T13:45:00Z","2016-12-23T13:50:00Z",670.53,0.60,0,0,0,0,0,0,
"2016-12-23T13:50:00Z","2016-12-23T13:55:00Z",670.52,0.60,0,0,0,0,0,0,
"2016-12-23T13:55:00Z","2016-12-23T14:00:00Z",670.52,0.60,0,0,0,0,0,0,
"2016-12-23T14:00:00Z","2016-12-23T14:05:00Z",670.54,0.60,0,0,0,0,0,0,
"2016-12-23T14:05:00Z","2016-12-23T14:10:00Z",670.57,0.60,0,0,0,0,0,0,
"2016-12-23T14:10:00Z","2016-12-23T14:15:00Z",670.54,0.60,0,0,0,0,0,0,
"2016-12-23T14:15:00Z","2016-12-23T14:20:00Z",670.58,0.60,0,0,0,0,0,0,
"2016-12-23T14:20:00Z","2016-12-23T14:25:00Z",670.66,0.60,0,0,0,0,0,0,
"2016-12-23T14:25:00Z","2016-12-23T14:30:00Z",670.63,0.60,0,0,0,0,0,0,
"2016-12-23T14:30:00Z","2016-12-23T14:35:00Z",670.61,0.60,0,0,0,0,0,0,
"2016-12-23T14:35:00Z","2016-12-23T14:40:00Z",670.55,0.60,0,0,0,0,0,0,
"2016-12-23T14:40:00Z","2016-12-23T14:45:00Z",670.66,0.60,0,0,0,0,0,0,
"2016-12-23T14:45:00Z","2016-12-23T14:50:00Z",670.55,0.60,0,0,0,0,0,0,
"2016-12-23T14:50:00Z","2016-12-23T14:55:00Z",670.59,0.60,0,0,0,0,0,0,
"2016-12-23T14:55:00Z","2016-12-23T15:00:00Z",670.59,0.60,0,0,0,0,0,0,
"2016-12-23T15:00:00Z","2016-12-23T15:05:00Z",670.54,0.60,0,0,0,0,0,0,
"2016-12-23T15:05:00Z","2016-12-23T15:10:00Z",670.60,0.60,0,0,0,0,0,0,
"2016-12-23T15:10:00Z","2016-12-23T15:15:00Z",670.60,0.60,0,0,0,0,0,0,
"2016-12-23T15:15:00Z","2016-12-23T15:20:00Z",670.52,0.60,0,0,0,0,0,0,
"2016-12-23T15:20:00Z","2016-12-23T15:25:00Z",670.52,0.60,0,0,0,0,0,0,
"2016-12-23T15:25:00Z","2016-12-23T15:30:00Z",670.59,0.60,0,0,0,0,0,0,
"2016-12-23T15:30:00Z","2016-12-23T15:35:00Z",670.61,0.60,0,0,0,0,0,0,
"2016-12-23T15:35:00Z","2016-12-23T15:40:00Z",670.63,0.60,0,0,0,0,0,0,
"2016-12-23T15:40:00Z","2016-12-23T15:45:00Z",670.57,0.60,0,0,0,0,0,0,
"2016-12-23T15:45:00Z","2016-12-23T15:50:00Z",670.64,0.60,0,0,0,0,0,0,
"2016-12-23T15:50:00Z","2016-12-23T15:55:00Z",670.59,0.60,0,0,0,0,0,0,
"2016-12-23T15:55:00Z","2016-12-23T16:00:00Z",670.51,0.61,0,0,0,0,0,0,
"2016-12-23T16:00:00Z","2016-12-23T16:05:00Z",670.55,0.60,0,0,0,0,0,0,
"2016-12-23T16:05:00Z","2016-12-23T16:10:00Z",670.53,0.60,0,0,0,0,0,0,
"2016-12-23T16:10:00Z","2016-12-23T16:15:00Z",670.49,0.60,0,0,0,0,0,0,
"2016-12-23T16:15:00Z","2016-12-23T16:20:00Z",670.49,0.60,0,0,0,0,0,0,
"2016-12-23T16:20:00Z","2016-12-23T16:25:00Z",670.48,0.60,0,0,0,0,0,0,
"2016-12-23T16:25:00Z","2016-12-23T16:30:00Z",670.64,0.60,0,0,0,0,0,0,
"2016-12-23T16:30:00Z","2016-12-23T16:35:00Z",670.57,0.60,0,0,0,0,0,0,
"2016-12-23T16:35:00Z","2016-12-23T16:40:00Z",670.59,0.60,0,0,0,0,0,0,
"2016-12-23T16:40:00Z","2016-12-23T16:45:00Z",670.59,0.60,0,0,0,0,0,0,
"2016-12-23T16:45:00Z","2016-12-23T16:50:00Z",670.55,0.60,0,0,0,0,0,0,
"2016-12-23T16:50:00Z","2016-12-23T16:55:00Z",670.59,0.60,0,0,0,0,0,0,
"2016-12-23T16:55:00Z","2016-12-23T17:00:00Z",670.46,0.60,0,0,0,0,0,0,
"2016-12-23T17:00:00Z","2016-12-23T17:05:00Z",670.59,0.60,0,0,0,0,0,0,
"2016-12-23T17:05:00Z","2016-12-23T17:10:00Z",670.53,0.60,0,0,0,0,0,0,
"2016-12-23T17:10:00Z","2016-12-23T17:15:00Z",670.53,0.60,0,0,0,0,0,0,
"2016-12-23T17:15:00Z","2016-12-23T17:20:00Z",670.57,0.60,0,0,0,0,0,0,
"2016-12-23T17:20:00Z","2016-12-23T17:25:00Z",670.57,0.60,0,0,0,0,0,0,
"2016-12-23T17:25:00Z","2016-12-23T17:30:00Z",670.41,0.60,0,0,0,0,0,0,
"2016-12-23T17:30:00Z","2016-12-23T17:35:00Z",670.53,0.60,0,0,0,0,0,0,
"2016-12-23T17:35:00Z","2016-12-23T17:40:00Z",670.58,0.60,0,0,0,0,0,0,
"2016-12-23T17:40:00Z","2016-12-23T17:45:00Z",670.50,0.60,0,0,0,0,0,0,
"2016-12-23T17:45:00Z","2016-12-23T17:50:00Z",670.47,0.60,0,0,0,0,0,0,
"2016-12-23T17:50:00Z","2016-12-23T17:55:00Z",670.53,0.60,0,0,0,0,0,0,
"2016-12-23T17:55:00Z","2016-12-23T18:00:00Z",670.43,0.60,0,0,0,0,0,0,
"2016-12-23T18:00:00Z","2016-12-23T18:05:00Z",670.40,0.60,0,0,0,0,0,0,
"2016-12-23T18:05:00Z","2016-12-23T18:10:00Z",670.41,0.60,0,0,0,0,0,0,
"2016-12-23T18:10:00Z","2016-12-23T18:15:00Z",670.36,0.60,0,0,0,0,0,0,
"2016-12-23T18:15:00Z","2016-12-23T18:20:00Z",670.36,0.60,0,0,0,0,0,0,
"2016-12-23T18:20:00Z","2016-12-23T18:25:00Z",670.32,0.60,0,0,0,0,0,0,
"2016-12-23T18:25:00Z","2016-12-23T18:30:00Z",670.24,0.60,0,0,0,0,0,0,
"2016-12-23T18:30:00Z","2016-12-23T18:35:00Z",670.33,0.60,0,0,0,0,0,0,
"2016-12-23T18:35:00Z","2016-12-23T18:40:00Z",670.25,0.60,0,0,0,0,0,0,
"2016-12-23T18:40:00Z","2016-12-23T18:45:00Z",670.22,0.60,0,0,0,0,0,0,
"2016-12-23T18:45:00Z","2016-12-23T18:50:00Z",670.29,0.60,0,0,0,0,0,0,
"2016-12-23T18:50:00Z","2016-12-23T18:55:00Z",670.26,0.60,0,0,0,0,0,0,
"2016-12-23T18:55:00Z","2016-12-23T19:00:00Z",670.23,0.60,0,0,0,0,0,0,
"2016-12-23T19:00:00Z","2016-12-23T19:05:00Z",670.30,0.60,0,0,0,0,0,0,
"2016-12-23T19:05:00Z","2016-12-23T19:10:00Z",670.30,0.60,0,0,0,0,0,0,
"2016-12-23T19:10:00Z","2016-12-23T19:15:00Z",670.18,0.60,0,0,0,0,0,0,
"2016-12-23T19:15:00Z","2016-12-23T19:20:00Z",670.24,0.60,0,0,0,0,0,0,
"2016-12-23T19:20:00Z","2016-12-23T19:25:00Z",670.26,0.60,0,0,0,0,0,0,
"2016-12-23T19:25:00Z","2016-12-23T19:30:00Z",670.25,0.60,0,0,0,0,0,0,
"2016-12-23T19:30:00Z","2016-12-23T19:35:00Z",670.26,0.60,0,0,0,0,0,0,
"2016-12-23T19:35:00Z","2016-12-23T19:40:00Z",670.30,0.60,0,0,0,0,0,0,
"2016-12-23T19:40:00Z","2016-12-23T19:45:00Z",670.26,0.60,0,0,0,0,0,0,
"2016-12-23T19:45:00Z","2016-12-23T19:50:00Z",670.26,0.60,0,0,0,0,0,0,
"2016-12-23T19:50:00Z","2016-12-23T19:55:00Z",670.27,0.60,0,0,0,0,0,0,
"2016-12-23T19:55:00Z","2016-12-23T20:00:00Z",670.17,0.60,0,0,0,0,0,0,
"2016-12-23T20:00:00Z","2016-12-23T20:05:00Z",670.20,0.60,0,0,0,0,0,0,
"2016-12-23T20:05:00Z","2016-12-23T20:10:00Z",670.22,0.60,0,0,0,0,0,0,
"2016-12-23T20:10:00Z","2016-12-23T20:15:00Z",670.25,0.60,0,0,0,0,0,0,
"2016-12-23T20:15:00Z","2016-12-23T20:20:00Z",670.17,0.60,0,0,0,0,0,0,
"2016-12-23T20:20:00Z","2016-12-23T20:25:00Z",670.08,0.60,0,0,0,0,0,0,
"2016-12-23T20:25:00Z","2016-12-23T20:30:00Z",670.05,0.60,0,0,0,0,0,0,
"2016-12-23T20:30:00Z","2016-12-23T20:35:00Z",670.07,0.60,0,0,0,0,0,0,
"2016-12-23T20:35:00Z","2016-12-23T20:40:00Z",670.07,0.60,0,0,0,0,0,0,
"2016-12-23T20:40:00Z","2016-12-23T20:45:00Z",670.03,0.60,0,0,0,0,0,0,
"2016-12-23T20:45:00Z","2016-12-23T20:50:00Z",670.06,0.60,0,0,0,0,0,0,
"2016-12-23T20:50:00Z","2016-12-23T20:55:00Z",669.95,0.60,0,0,0,0,0,0,
"2016-12-23T20:55:00Z","2016-12-23T21:00:00Z",669.91,0.60,0,0,0,0,0,0,
"2016-12-23T21:00:00Z","2016-12-23T21:05:00Z",670.00,0.60,0,0,0,0,0,0,
"2016-12-23T21:05:00Z","2016-12-23T21:10:00Z",669.96,0.60,0,0,0,0,0,0,
"2016-12-23T21:10:00Z","2016-12-23T21:15:00Z",669.99,0.60,0,0,0,0,0,0,
"2016-12-23T21:15:00Z","2016-12-23T21:20:00Z",670.00,0.60,0,0,0,0,0,0,
"2016-12-23T21:20:00Z","2016-12-23T21:25:00Z",670.04,0.60,0,0,0,0,0,0,
"2016-12-23T21:25:00Z","2016-12-23T21:30:00Z",669.95,0.60,0,0,0,0,0,0,
"2016-12-23T21:30:00Z","2016-12-23T21:35:00Z",669.97,0.60,0,0,0,0,0,0,
"2016-12-23T21:35:00Z","2016-12-23T21:40:00Z",670.03,0.60,0,0,0,0,0,0,
"2016-12-23T21:40:00Z","2016-12-23T21:45:00Z",669.95,0.60,0,0,0,0,0,0,
"2016-12-23T21:45:00Z","2016-12-23T21:50:00Z",669.91,0.60,0,0,0,0,0,0,
"2016-12-23T21:50:00Z","2016-12-23T21:55:00Z",669.85,0.60,0,0,0,0,0,0,
"2016-12-23T21:55:00Z","2016-12-23T22:00:00Z",669.90,0.60,0,0,0,0,0,0,
"2016-12-23T22:00:00Z","2016-12-23T22:05:00Z",669.86,0.60,0,0,0,0,0,0,
"2016-12-23T22:05:00Z","2016-12-23T22:10:00Z",669.92,0.60,0,0,0,0,0,0,
"2016-12-23T22:10:00Z","2016-12-23T22:15:00Z",669.85,0.60,0,0,0,0,0,0,
"2016-12-23T22:15:00Z","2016-12-23T22:20:00Z",669.84,0.60,0,0,0,0,0,0,
"2016-12-23T22:20:00Z","2016-12-23T22:25:00Z",669.86,0.60,0,0,0,0,0,0,
"2016-12-23T22:25:00Z","2016-12-23T22:30:00Z",669.81,0.60,0,0,0,0,0,0,
"2016-12-23T22:30:00Z","2016-12-23T22:35:00Z",669.79,0.60,0,0,0,0,0,0,
"2016-12-23T22:35:00Z","2016-12-23T22:40:00Z",669.84,0.60,0,0,0,0,0,0,
"2016-12-23T22:40:00Z","2016-12-23T22:45:00Z",669.71,0.60,0,0,0,0,0,0,
"2016-12-23T22:45:00Z","2016-12-23T22:50:00Z",669.75,0.60,0,0,0,0,0,0,
"2016-12-23T22:50:00Z","2016-12-23T22:55:00Z",669.75,0.60,0,0,0,0,0,0,
"2016-12-23T22:55:00Z","2016-12-23T23:00:00Z",669.76,0.60,0,0,0,0,0,0,
"2016-12-23T23:00:00Z","2016-12-23T23:05:00Z",669.81,0.60,0,0,0,0,0,0,
"2016-12-23T23:05:00Z","2016-12-23T23:10:00Z",669.80,0.60,0,0,0,0,0,0,
"2016-12-23T23:10:00Z","2016-12-23T23:15:00Z",669.71,0.60,0,0,0,0,0,0,
"2016-12-23T23:15:00Z","2016-12-23T23:20:00Z",669.79,0.60,0,0,0,0,0,0,
"2016-12-23T23:20:00Z","2016-12-23T23:25:00Z",669.71,0.60,0,0,0,0,0,0,
"2016-12-23T23:25:00Z","2016-12-23T23:30:00Z",669.79,0.60,0,0,0,0,0,0,
"2016-12-23T23:30:00Z","2016-12-23T23:35:00Z",669.73,0.60,0,0,0,0,0,0,
"2016-12-23T23:35:00Z","2016-12-23T23:40:00Z",669.80,0.60,0,0,0,0,0,0,
"2016-12-23T23:40:00Z","2016-12-23T23:45:00Z",669.80,0.60,0,0,0,0,0,0,
"2016-12-23T23:45:00Z","2016-12-23T23:50:00Z",669.73,0.60,0,0,0,0,0,0,
"2016-12-23T23:50:00Z","2016-12-23T23:55:00Z",669.72,0.60,0,0,0,0,0,0,
"2016-12-23T23:55:00Z","2016-12-24T00:00:00Z",669.70,0.60,0,0,0,0,0,0,
"2016-12-24T00:00:00Z","2016-12-24T00:05:00Z",669.78,0.60,0,0,0,0,0,0,
"2016-12-24T00:05:00Z","2016-12-24T00:10:00Z",669.77,0.60,0,0,0,0,0,0,
"2016-12-24T00:10:00Z","2016-12-24T00:15:00Z",669.61,0.60,0,0,0,0,0,0,
"2016-12-24T00:15:00Z","2016-12-24T00:20:00Z",669.77,0.60,0,0,0,0,0,0,
"2016-12-24T00:20:00Z","2016-12-24T00:25:00Z",669.77,0.60,0,0,0,0,0,0,
"2016-12-24T00:25:00Z","2016-12-24T00:30:00Z",669.76,0.60,0,0,0,0,0,0,
"2016-12-24T00:30:00Z","2016-12-24T00:35:00Z",669.70,0.60,0,0,0,0,0,0,
"2016-12-24T00:35:00Z","2016-12-24T00:40:00Z",669.84,0.60,0,0,0,0,0,0,
"2016-12-24T00:40:00Z","2016-12-24T00:45:00Z",669.78,0.60,0,0,0,0,0,0,
"2016-12-24T00:45:00Z","2016-12-24T00:50:00Z",669.81,0.60,0,0,0,0,0,0,
"2016-12-24T00:50:00Z","2016-12-24T00:55:00Z",669.86,0.60,0,0,0,0,0,0,
"2016-12-24T00:55:00Z","2016-12-24T01:00:00Z",669.87,0.60,0,0,0,0,0,0,
"2016-12-24T01:00:00Z","2016-12-24T01:05:00Z",669.79,0.60,0,0,0,0,0,0,
"2016-12-24T01:05:00Z","2016-12-24T01:10:00Z",669.82,0.60,0,0,0,0,0,0,
"2016-12-24T01:10:00Z","2016-12-24T01:15:00Z",669.88,0.60,0,0,0,0,0,0,
"2016-12-24T01:15:00Z","2016-12-24T01:20:00Z",669.82,0.60,0,0,0,0,0,0,
"2016-12-24T01:20:00Z","2016-12-24T01:25:00Z",669.84,0.60,0,0,0,0,0,0,
"2016-12-24T01:25:00Z","2016-12-24T01:30:00Z",669.89,0.60,0,0,0,0,0,0,
"2016-12-24T01:30:00Z","2016-12-24T01:35:00Z",669.90,0.60,0,0,0,0,0,0,
"2016-12-24T01:35:00Z","2016-12-24T01:40:00Z",669.97,0.60,0,0,0,0,0,0,
"2016-12-24T01:40:00Z","2016-12-24T01:45:00Z",669.88,0.60,0,0,0,0,0,0,
"2016-12-24T01:45:00Z","2016-12-24T01:50:00Z",669.96,0.60,0,0,0,0,0,0,
"2016-12-24T01:50:00Z","2016-12-24T01:55:00Z",669.94,0.60,0,0,0,0,0,0,
"2016-12-24T01:55:00Z","2016-12-24T02:00:00Z",670.00,0.61,0,0,0,0,0,0,
"2016-12-24T02:00:00Z","2016-12-24T02:05:00Z",669.90,0.60,0,0,0,0,0,0,
"2016-12-24T02:05:00Z","2016-12-24T02:10:00Z",670.00,0.60,0,0,0,0,0,0,
"2016-12-24T02:10:00Z","2016-12-24T02:15:00Z",669.99,0.60,0,0,0,0,0,0,
"2016-12-24T02:15:00Z","2016-12-24T02:20:00Z",669.96,0.60,0,0,0,0,0,0,
"2016-12-24T02:20:00Z","2016-12-24T02:25:00Z",669.99,0.60,0,0,0,0,0,0,
"2016-12-24T02:25:00Z","2016-12-24T02:30:00Z",669.98,0.60,0,0,0,0,0,0,
"2016-12-24T02:30:00Z","2016-12-24T02:35:00Z",670.00,0.60,0,0,0,0,0,0,
"2016-12-24T02:35:00Z","2016-12-24T02:40:00Z",669.98,0.60,0,0,0,0,0,0,
"2016-12-24T02:40:00Z","2016-12-24T02:45:00Z",669.98,0.60,0,0,0,0,0,0,
"2016-12-24T02:45:00Z","2016-12-24T02:50:00Z",670.00,0.60,0,0,0,0,0,0,
"2016-12-24T02:50:00Z","2016-12-24T02:55:00Z",670.07,0.60,0,0,0,0,0,0,
"2016-12-24T02:55:00Z","2016-12-24T03:00:00Z",670.03,0.60,0,0,0,0,0,0,
"2016-12-24T03:00:00Z","2016-12-24T03:05:00Z",669.97,0.60,0,0,0,0,0,0,
"2016-12-24T03:05:00Z","2016-12-24T03:10:00Z",670.04,0.60,0,0,0,0,0,0,
"2016-12-24T03:10:00Z","2016-12-24T03:15:00Z",670.01,0.60,0,0,0,0,0,0,
"2016-12-24T03:15:00Z","2016-12-24T03:20:00Z",670.01,0.60,0,0,0,0,0,0,
"2016-12-24T03:20:00Z","2016-12-24T03:25:00Z",669.99,0.60,0,0,0,0,0,0,
"2016-12-24T03:25:00Z","2016-12-24T03:30:00Z",669.95,0.60,0,0,0,0,0,0,
"2016-12-24T03:30:00Z","2016-12-24T03:35:00Z",670.01,0.60,0,0,0,0,0,0,
"2016-12-24T03:35:00Z","2016-12-24T03:40:00Z",670.02,0.60,0,0,0,0,0,0,
"2016-12-24T03:40:00Z","2016-12-24T03:45:00Z",670.05,0.60,0,0,0,0,0,0,
"2016-12-24T03:45:00Z","2016-12-24T03:50:00Z",669.99,0.60,0,0,0,0,0,0,
"2016-12-24T03:50:00Z","2016-12-24T03:55:00Z",669.97,0.60,0,0,0,0,0,0,
"2016-12-24T03:55:00Z","2016-12-24T04:00:00Z",670.00,0.60,0,0,0,0,0,0,
"2016-12-24T04:00:00Z","2016-12-24T04:05:00Z",670.02,0.60,0,0,0,0,0,0,
"2016-12-24T04:05:00Z","2016-12-24T04:10:00Z",670.03,0.60,0,0,0,0,0,0,
"2016-12-24T04:10:00Z","2016-12-24T04:15:00Z",670.00,0.60,0,0,0,0,0,0,
"2016-12-24T04:15:00Z","2016-12-24T04:20:00Z",669.94,0.60,0,0,0,0,0,0,
"2016-12-24T04:20:00Z","2016-12-24T04:25:00Z",669.87,0.60,0,0,0,0,0,0,
"2016-12-24T04:25:00Z","2016-12-24T04:30:00Z",669.88,0.60,0,0,0,0,0,0,
"2016-12-24T04:30:00Z","2016-12-24T04:35:00Z",669.90,0.60,0,0,0,0,0,0,
"2016-12-24T04:35:00Z","2016-12-24T04:40:00Z",669.87,0.60,0,0,0,0,0,0,
"2016-12-24T04:40:00Z","2016-12-24T04:45:00Z",669.86,0.60,0,0,0,0,0,0,
"2016-12-24T04:45:00Z","2016-12-24T04:50:00Z",669.83,0.60,0,0,0,0,0,0,
"2016-12-24T04:50:00Z","2016-12-24T04:55:00Z",669.84,0.60,0,0,0,0,0,0,
"2016-12-24T04:55:00Z","2016-12-24T05:00:00Z",669.86,0.60,0,0,0,0,0,0,
"2016-12-24T05:00:00Z","2016-12-24T05:05:00Z",669.87,0.60,0,0,0,0,0,0,
"2016-12-24T05:05:00Z","2016-12-24T05:10:00Z",669.84,0.60,0,0,0,0,0,0,
"2016-12-24T05:10:00Z","2016-12-24T05:15:00Z",669.89,0.60,0,0,0,0,0,0,
"2016-12-24T05:15:00Z","2016-12-24T05:20:00Z",669.88,0.60,0,0,0,0,0,0,
"2016-12-24T05:20:00Z","2016-12-24T05:25:00Z",669.86,0.60,0,0,0,0,0,0,
"2016-12-24T05:25:00Z","2016-12-24T05:30:00Z",669.93,0.60,0,0,0,0,0,0,
"2016-12-24T05:30:00Z","2016-12-24T05:35:00Z",669.90,0.60,0,0,0,0,0,0,
"2016-12-24T05:35:00Z","2016-12-24T05:40:00Z",669.84,0.60,0,0,0,0,0,0,
"2016-12-24T05:40:00Z","2016-12-24T05:45:00Z",669.87,0.60,0,0,0,0,0,0,
"2016-12-24T05:45:00Z","2016-12-24T05:50:00Z",669.84,0.60,0,0,0,0,0,0,
"2016-12-24T05:50:00Z","2016-12-24T05:55:00Z",669.89,0.60,0,0,0,0,0,0,
"2016-12-24T05:55:00Z","2016-12-24T06:00:00Z",669.88,0.60,0,0,0,0,0,0,
"2016-12-24T06:00:00Z","2016-12-24T06:05:00Z",669.94,0.60,0,0,0,0,0,0,
"2016-12-24T06:05:00Z","2016-12-24T06:10:00Z",669.94,0.60,0,0,0,0,0,0,
"2016-12-24T06:10:00Z","2016-12-24T06:15:00Z",670.01,0.60,0,0,0,0,0,0,
"2016-12-24T06:15:00Z","2016-12-24T06:20:00Z",670.02,0.60,0,0,0,0,0,0,
"2016-12-24T06:20:00Z","2016-12-24T06:25:00Z",669.96,0.60,0,0,0,0,0,0,
"2016-12-24T06:25:00Z","2016-12-24T06:30:00Z",670.01,0.60,0,0,0,0,0,0,
"2016-12-24T06:30:00Z","2016-12-24T06:35:00Z",669.99,0.60,0,0,0,0,0,0,
"2016-12-24T06:35:00Z","2016-12-24T06:40:00Z",669.92,0.60,0,0,0,0,0,0,
"2016-12-24T06:40:00Z","2016-12-24T06:45:00Z",669.96,0.60,0,0,0,0,0,0,
"2016-12-24T06:45:00Z","2016-12-24T06:50:00Z",670.02,0.60,0,0,0,0,0,0,
"2016-12-24T06:50:00Z","2016-12-24T06:55:00Z",670.05,0.60,0,0,0,0,0,0,
"2016-12-24T06:55:00Z","2016-12-24T07:00:00Z",669.96,0.60,0,0,0,0,0,0,
"2016-12-24T07:00:00Z","2016-12-24T07:05:00Z",670.05,0.60,0,0,0,0,0,0,
"2016-12-24T07:05:00Z","2016-12-24T07:10:00Z",669.98,0.60,0,0,0,0,0,0,
"2016-12-24T07:10:00Z","2016-12-24T07:15:00Z",670.00,0.60,0,0,0,0,0,0,
"2016-12-24T07:15:00Z","2016-12-24T07:20:00Z",670.03,0.60,0,0,0,0,0,0,
"2016-12-24T07:20:00Z","2016-12-24T07:25:00Z",669.94,0.60,0,0,0,0,0,0,
"2016-12-24T07:25:00Z","2016-12-24T07:30:00Z",669.96,0.60,0,0,0,0,0,0,
"2016-12-24T07:30:00Z","2016-12-24T07:35:00Z",670.03,0.60,0,0,0,0,0,0,
"2016-12-24T07:35:00Z","2016-12-24T07:40:00Z",670.07,0.60,0,0,0,0,0,0,
"2016-12-24T07:40:00Z","2016-12-24T07:45:00Z",670.05,0.60,0,0,0,0,0,0,
"2016-12-24T07:45:00Z","2016-12-24T07:50:00Z",670.04,0.60,0,0,0,0,0,0,
"2016-12-24T07:50:00Z","2016-12-24T07:55:00Z",670.08,0.60,0,0,0,0,0,0,
"2016-12-24T07:55:00Z","2016-12-24T08:00:00Z",670.01,0.60,0,0,0,0,0,0,
"2016-12-24T08:00:00Z","2016-12-24T08:05:00Z",670.03,0.60,0,0,0,0,0,0,
"2016-12-24T08:05:00Z","2016-12-24T08:10:00Z",669.98,0.60,0,0,0,0,0,0,
"2016-12-24T08:10:00Z","2016-12-24T08:15:00Z",670.04,0.60,0,0,0,0,0,0,
"2016-12-24T08:15:00Z","2016-12-24T08:20:00Z",670.11,0.60,0,0,0,0,0,0,
"2016-12-24T08:20:00Z","2016-12-24T08:25:00Z",670.12,0.60,0,0,0,0,0,0,
"2016-12-24T08:25:00Z","2016-12-24T08:30:00Z",670.04,0.60,0,0,0,0,0,0,
"2016-12-24T08:30:00Z","2016-12-24T08:35:00Z",670.06,0.60,0,0,0,0,0,0,
"2016-12-24T08:35:00Z","2016-12-24T08:40:00Z",670.08,0.60,0,0,0,0,0,0,
"2016-12-24T08:40:00Z","2016-12-24T08:45:00Z",670.11,0.60,0,0,0,0,0,0,
"2016-12-24T08:45:00Z","2016-12-24T08:50:00Z",670.11,0.60,0,0,0,0,0,0,
"2016-12-24T08:50:00Z","2016-12-24T08:55:00Z",670.11,0.60,0,0,0,0,0,0,
"2016-12-24T08:55:00Z","2016-12-24T09:00:00Z",670.15,0.60,0,0,0,0,0,0,
"2016-12-24T09:00:00Z","2016-12-24T09:05:00Z",670.11,0.60,0,0,0,0,0,0,
"2016-12-24T09:05:00Z","2016-12-24T09:10:00Z",670.21,0.60,0,0,0,0,0,0,
"2016-12-24T09:10:00Z","2016-12-24T09:15:00Z",670.07,0.60,0,0,0,0,0,0,
"2016-12-24T09:15:00Z","2016-12-24T09:20:00Z",670.09,0.60,0,0,0,0,0,0,
"2016-12-24T09:20:00Z","2016-12-24T09:25:00Z",670.15,0.60,0,0,0,0,0,0,
"2016-12-24T09:25:00Z","2016-12-24T09:30:00Z",670.12,0.60,0,0,0,0,0,0,
"2016-12-24T09:30:00Z","2016-12-24T09:35:00Z",670.19,0.60,0,0,0,0,0,0,
"2016-12-24T09:35:00Z","2016-12-24T09:40:00Z",670.17,0.60,0,0,0,0,0,0,
"2016-12-24T09:40:00Z","2016-12-24T09:45:00Z",670.17,0.60,0,0,0,0,0,0,
"2016-12-24T09:45:00Z","2016-12-24T09:50:00Z",670.18,0.60,0,0,0,0,0,0,
"2016-12-24T09:50:00Z","2016-12-24T09:55:00Z",670.16,0.60,0,0,0,0,0,0,
"2016-12-24T09:55:00Z","2016-12-24T10:00:00Z",670.20,0.60,0,0,0,0,0,0,
"2016-12-24T10:00:00Z","2016-12-24T10:05:00Z",670.32,0.60,0,0,0,0,0,0,
"2016-12-24T10:05:00Z","2016-12-24T10:10:00Z",670.33,0.60,0,0,0,0,0,0,
"2016-12-24T10:10:00Z","2016-12-24T10:15:00Z",670.36,0.60,0,0,0,0,0,0,
"2016-12-24T10:15:00Z","2016-12-24T10:20:00Z",670.28,0.60,0,0,0,0,0,0,
"2016-12-24T10:20:00Z","2016-12-24T10:25:00Z",670.35,0.60,0,0,0,0,0,0,
"2016-12-24T10:25:00Z","2016-12-24T10:30:00Z",670.34,0.60,0,0,0,0,0,0,
"2016-12-24T10:30:00Z","2016-12-24T10:35:00Z",670.44,0.60,0,0,0,0,0,0,
"2016-12-24T10:35:00Z","2016-12-24T10:40:00Z",670.45,0.60,0,0,0,0,0,0,
"2016-12-24T10:40:00Z","2016-12-24T10:45:00Z",670.42,0.60,0,0,0,0,0,0,
"2016-12-24T10:45:00Z","2016-12-24T10:50:00Z",670.45,0.60,0,0,0,0,0,0,
"2016-12-24T10:50:00Z","2016-12-24T10:55:00Z",670.44,0.60,0,0,0,0,0,0,
"2016-12-24T10:55:00Z","2016-12-24T11:00:00Z",670.46,0.60,0,0,0,0,0,0,
"2016-12-24T11:00:00Z","2016-12-24T11:05:00Z",670.49,0.60,0,0,0,0,0,0,
"2016-12-24T11:05:00Z","2016-12-24T11:10:00Z",670.41,0.60,0,0,0,0,0,0,
"2016-12-24T11:10:00Z","2016-12-24T11:15:00Z",670.40,0.60,0,0,0,0,0,0,
"2016-12-24T11:15:00Z","2016-12-24T11:20:00Z",670.51,0.60,0,0,0,0,0,0,
"2016-12-24T11:20:00Z","2016-12-24T11:25:00Z",670.40,0.60,0,0,0,0,0,0,
"2016-12-24T11:25:00Z","2016-12-24T11:30:00Z",670.62,0.60,0,0,0,0,0,0,
"2016-12-24T11:30:00Z","2016-12-24T11:35:00Z",670.48,0.60,0,0,0,0,0,0,
"2016-12-24T11:35:00Z","2016-12-24T11:40:00Z",670.48,0.60,0,0,0,0,0,0,
"2016-12-24T11:40:00Z","2016-12-24T11:45:00Z",670.49,0.60,0,0,0,0,0,0,
"2016-12-24T11:45:00Z","2016-12-24T11:50:00Z",670.58,0.60,0,0,0,0,0,0,
"2016-12-24T11:50:00Z","2016-12-24T11:55:00Z",670.61,0.60,0,0,0,0,0,0,
"2016-12-24T11:55:00Z","2016-12-24T12:00:00Z",670.52,0.60,0,0,0,0,0,0,
"2016-12-24T12:00:00Z","2016-12-24T12:05:00Z",670.46,0.60,0,0,0,0,0,0,
"2016-12-24T12:05:00Z","2016-12-24T12:10:00Z",670.56,0.60,0,0,0,0,0,0,
"2016-12-24T12:10:00Z","2016-12-24T12:15:00Z",670.64,0.60,0,0,0,0,0,0,
"2016-12-24T12:15:00Z","2016-12-24T12:20:00Z",670.64,0.60,0,0,0,0,0,0,
"2016-12-24T12:20:00Z","2016-12-24T12:25:00Z",670.63,0.60,0,0,0,0,0,0,
"2016-12-24T12:25:00Z","2016-12-24T12:30:00Z",670.62,0.60,0,0,0,0,0,0,
"2016-12-24T12:30:00Z","2016-12-24T12:35:00Z",670.60,0.60,0,0,0,0,0,0,
"2016-12-24T12:35:00Z","2016-12-24T12:40:00Z",670.64,0.60,0,0,0,0,0,0,
"2016-12-24T12:40:00Z","2016-12-24T12:45:00Z",670.56,0.60,0,0,0,0,0,0,
"2016-12-24T12:45:00Z","2016-12-24T12:50:00Z",670.66,0.60,0,0,0,0,0,0,
"2016-12-24T12:50:00Z","2016-12-24T12:55:00Z",670.67,0.60,0,0,0,0,0,0,
"2016-12-24T12:55:00Z","2016-12-24T13:00:00Z",670.62,0.60,0,0,0,0,0,0,
"2016-12-24T13:00:00Z","2016-12-24T13:05:00Z",670.58,0.60,0,0,0,0,0,0,
"2016-12-24T13:05:00Z","2016-12-24T13:10:00Z",670.64,0.60,0,0,0,0,0,0,
"2016-12-24T13:10:00Z","2016-12-24T13:15:00Z",670.66,0.60,0,0,0,0,0,0,
"2016-12-24T13:15:00Z","2016-12-24T13:20:00Z",670.65,0.60,0,0,0,0,0,0,
"2016-12-24T13:20:00Z","2016-12-24T13:25:00Z",670.61,0.60,0,0,0,0,0,0,
"2016-12-24T13:25:00Z","2016-12-24T13:30:00Z",670.69,0.60,0,0,0,0,0,0,
"2016-12-24T13:30:00Z","2016-12-24T13:35:00Z",670.62,0.60,0,0,0,0,0,0,
"2016-12-24T13:35:00Z","2016-12-24T13:40:00Z",670.66,0.60,0,0,0,0,0,0,
"2016-12-24T13:40:00Z","2016-12-24T13:45:00Z",670.62,0.60,0,0,0,0,0,0,
"2016-12-24T13:45:00Z","2016-12-24T13:50:00Z",670.68,0.60,0,0,0,0,0,0,
"2016-12-24T13:50:00Z","2016-12-24T13:55:00Z",670.65,0.60,0,0,0,0,0,0,
"2016-12-24T13:55:00Z","2016-12-24T14:00:00Z",670.60,0.60,0,0,0,0,0,0,
"2016-12-24T14:00:00Z","2016-12-24T14:05:00Z",670.66,0.60,0,0,0,0,0,0,
"2016-12-24T14:05:00Z","2016-12-24T14:10:00Z",670.69,0.60,0,0,0,0,0,0,
"2016-12-24T14:10:00Z","2016-12-24T14:15:00Z",670.71,0.60,0,0,0,0,0,0,
"2016-12-24T14:15:00Z","2016-12-24T14:20:00Z",670.71,0.60,0,0,0,0,0,0,
"2016-12-24T14:20:00Z","2016-12-24T14:25:00Z",670.69,0.60,0,0,0,0,0,0,
"2016-12-24T14:25:00Z","2016-12-24T14:30:00Z",670.69,0.60,0,0,0,0,0,0,
"2016-12-24T14:30:00Z","2016-12-24T14:35:00Z",670.66,0.60,0,0,0,0,0,0,
"2016-12-24T14:35:00Z","2016-12-24T14:40:00Z",670.62,0.60,0,0,0,0,0,0,
"2016-12-24T14:40:00Z","2016-12-24T14:45:00Z",670.70,0.60,0,0,0,0,0,0,
"2016-12-24T14:45:00Z","2016-12-24T14:50:00Z",670.62,0.60,0,0,0,0,0,0,
"2016-12-24T14:50:00Z","2016-12-24T14:55:00Z",670.65,0.60,0,0,0,0,0,0,
"2016-12-24T14:55:00Z","2016-12-24T15:00:00Z",670.59,0.61,0,0,0,0,0,0,
"2016-12-24T15:00:00Z","2016-12-24T15:05:00Z",670.63,0.60,0,0,0,0,0,0,
"2016-12-24T15:05:00Z","2016-12-24T15:10:00Z",670.61,0.60,0,0,0,0,0,0,
"2016-12-24T15:10:00Z","2016-12-24T15:15:00Z",670.67,0.60,0,0,0,0,0,0,
"2016-12-24T15:15:00Z","2016-12-24T15:20:00Z",670.69,0.60,0,0,0,0,0,0,
"2016-12-24T15:20:00Z","2016-12-24T15:25:00Z",670.65,0.60,0,0,0,0,0,0,
"2016-12-24T15:25:00Z","2016-12-24T15:30:00Z",670.72,0.61,0,0,0,0,0,0,
"2016-12-24T15:30:00Z","2016-12-24T15:35:00Z",670.72,0.60,0,0,0,0,0,0,
"2016-12-24T15:35:00Z","2016-12-24T15:40:00Z",670.65,0.60,0,0,0,0,0,0,
"2016-12-24T15:40:00Z","2016-12-24T15:45:00Z",670.74,0.60,0,0,0,0,0,0,
"2016-12-24T15:45:00Z","2016-12-24T15:50:00Z",670.72,0.60,0,0,0,0,0,0,
"2016-12-24T15:50:00Z","2016-12-24T15:55:00Z",670.72,0.60,0,0,0,0,0,0,
"2016-12-24T15:55:00Z","2016-12-24T16:00:00Z",670.70,0.61,0,0,0,0,0,0,
"2016-12-24T16:00:00Z","2016-12-24T16:05:00Z",670.75,0.60,0,0,0,0,0,0,
"2016-12-24T16:05:00Z","2016-12-24T16:10:00Z",670.73,0.60,0,0,0,0,0,0,
"2016-12-24T16:10:00Z","2016-12-24T16:15:00Z",670.64,0.60,0,0,0,0,0,0,
"2016-12-24T16:15:00Z","2016-12-24T16:20:00Z",670.76,0.60,0,0,0,0,0,0,
"2016-12-24T16:20:00Z","2016-12-24T16:25:00Z",670.71,0.60,0,0,0,0,0,0,
"2016-12-24T16:25:00Z","2016-12-24T16:30:00Z",670.81,0.61,0,0,0,0,0,0,
"2016-12-24T16:30:00Z","2016-12-24T16:35:00Z",670.71,0.60,0,0,0,0,0,0,
"2016-12-24T16:35:00Z","2016-12-24T16:40:00Z",670.77,0.61,0,0,0,0,0,0,
"2016-12-24T16:40:00Z","2016-12-24T16:45:00Z",670.73,0.60,0,0,0,0,0,0,
"2016-12-24T16:45:00Z","2016-12-24T16:50:00Z",670.81,0.61,0,0,0,0,0,0,
"2016-12-24T16:50:00Z","2016-12-24T16:55:00Z",670.74,0.60,0,0,0,0,0,0,
"2016-12-24T16:55:00Z","2016-12-24T17:00:00Z",670.72,0.61,0,0,0,0,0,0,
"2016-12-24T17:00:00Z","2016-12-24T17:05:00Z",670.76,0.61,0,0,0,0,0,0,
"2016-12-24T17:05:00Z","2016-12-24T17:10:00Z",670.78,0.61,0,0,0,0,0,0,
"2016-12-24T17:10:00Z","2016-12-24T17:15:00Z",670.76,0.61,0,0,0,0,0,0,
"2016-12-24T17:15:00Z","2016-12-24T17:20:00Z",670.68,0.61,0,0,0,0,0,0,
"2016-12-24T17:20:00Z","2016-12-24T17:25:00Z",670.70,0.61,0,0,0,0,0,0,
"2016-12-24T17:25:00Z","2016-12-24T17:30:00Z",670.74,0.61,0,0,0,0,0,0,
"2016-12-24T17:30:00Z","2016-12-24T17:35:00Z",670.72,0.61,0,0,0,0,0,0,
"2016-12-24T17:35:00Z","2016-12-24T17:40:00Z",670.61,0.60,0,0,0,0,0,0,
"2016-12-24T17:40:00Z","2016-12-24T17:45:00Z",670.59,0.60,0,0,0,0,0,0,
"2016-12-24T17:45:00Z","2016-12-24T17:50:00Z",670.60,0.60,0,0,0,0,0,0,
"2016-12-24T17:50:00Z","2016-12-24T17:55:00Z",670.53,0.60,0,0,0,0,0,0,
"2016-12-24T17:55:00Z","2016-12-24T18:00:00Z",670.59,0.61,0,0,0,0,0,0,
"2016-12-24T18:00:00Z","2016-12-24T18:05:00Z",670.43,0.60,0,0,0,0,0,0,
"2016-12-24T18:05:00Z","2016-12-24T18:10:00Z",670.41,0.60,0,0,0,0,0,0,
"2016-12-24T18:10:00Z","2016-12-24T18:15:00Z",670.43,0.60,0,0,0,0,0,0,
"2016-12-24T18:15:00Z","2016-12-24T18:20:00Z",670.37,0.60,0,0,0,0,0,0,
"2016-12-24T18:20:00Z","2016-12-24T18:25:00Z",670.33,0.60,0,0,0,0,0,0,
"2016-12-24T18:25:00Z","2016-12-24T18:30:00Z",670.37,0.61,0,0,0,0,0,0,
"2016-12-24T18:30:00Z","2016-12-24T18:35:00Z",670.42,0.60,0,0,0,0,0,0,
"2016-12-24T18:35:00Z","2016-12-24T18:40:00Z",670.17,0.60,0,0,0,0,0,0,
"2016-12-24T18:40:00Z","2016-12-24T18:45:00Z",670.33,0.60,0,0,0,0,0,0,
"2016-12-24T18:45:00Z","2016-12-24T18:50:00Z",670.17,0.60,0,0,0,0,0,0,
"2016-12-24T18:50:00Z","2016-12-24T18:55:00Z",670.13,0.60,0,0,0,0,0,0,
"2016-12-24T18:55:00Z","2016-12-24T19:00:00Z",670.17,0.61,0,0,0,0,0,0,
"2016-12-24T19:00:00Z","2016-12-24T19:05:00Z",670.12,0.60,0,0,0,0,0,0,
"2016-12-24T19:05:00Z","2016-12-24T19:10:00Z",670.11,0.60,0,0,0,0,0,0,
"2016-12-24T19:10:00Z","2016-12-24T19:15:00Z",670.07,0.60,0,0,0,0,0,0,
"2016-12-24T19:15:00Z","2016-12-24T19:20:00Z",670.05,0.60,0,0,0,0,0,0,
"2016-12-24T19:20:00Z","2016-12-24T19:25:00Z",670.01,0.60,0,0,0,0,0,0,
"2016-12-24T19:25:00Z","2016-12-24T19:30:00Z",670.00,0.60,0,0,0,0,0,0,
"2016-12-24T19:30:00Z","2016-12-24T19:35:00Z",669.93,0.60,0,0,0,0,0,0,
"2016-12-24T19:35:00Z","2016-12-24T19:40:00Z",669.93,0.60,0,0,0,0,0,0,
"2016-12-24T19:40:00Z","2016-12-24T19:45:00Z",669.95,0.60,0,0,0,0,0,0,
"2016-12-24T19:45:00Z","2016-12-24T19:50:00Z",669.92,0.60,0,0,0,0,0,0,
"2016-12-24T19:50:00Z","2016-12-24T19:55:00Z",669.90,0.60,0,0,0,0,0,0,
"2016-12-24T19:55:00Z","2016-12-24T20:00:00Z",669.88,0.60,0,0,0,0,0,0,
"2016-12-24T20:00:00Z","2016-12-24T20:05:00Z",669.78,0.60,0,0,0,0,0,0,
"2016-12-24T20:05:00Z","2016-12-24T20:10:00Z",669.93,0.61,0,0,0,0,0,0,
"2016-12-24T20:10:00Z","2016-12-24T20:15:00Z",669.76,0.60,0,0,0,0,0,0,
"2016-12-24T20:15:00Z","2016-12-24T20:20:00Z",669.68,0.60,0,0,0,0,0,0,
"2016-12-24T20:20:00Z","2016-12-24T20:25:00Z",669.90,0.60,0,0,0,0,0,0,
"2016-12-24T20:25:00Z","2016-12-24T20:30:00Z",669.63,0.60,0,0,0,0,0,0,
"2016-12-24T20:30:00Z","2016-12-24T20:35:00Z",669.61,0.60,0,0,0,0,0,0,
"2016-12-24T20:35:00Z","2016-12-24T20:40:00Z",669.66,0.60,0,0,0,0,0,0,
"2016-12-24T20:40:00Z","2016-12-24T20:45:00Z",669.69,0.60,0,0,0,0,0,0,
"2016-12-24T20:45:00Z","2016-12-24T20:50:00Z",669.65,0.60,0,0,0,0,0,0,
"2016-12-24T20:50:00Z","2016-12-24T20:55:00Z",669.61,0.60,0,0,0,0,0,0,
"2016-12-24T20:55:00Z","2016-12-24T21:00:00Z",669.60,0.60,0,0,0,0,0,0,
"2016-12-24T21:00:00Z","2016-12-24T21:05:00Z",669.51,0.60,0,0,0,0,0,0,
"2016-12-24T21:05:00Z","2016-12-24T21:10:00Z",669.54,0.60,0,0,0,0,0,0,
"2016-12-24T21:10:00Z","2016-12-24T21:15:00Z",669.47,0.60,0,0,0,0,0,0,
"2016-12-24T21:15:00Z","2016-12-24T21:20:00Z",669.47,0.60,0,0,0,0,0,0,
"2016-12-24T21:20:00Z","2016-12-24T21:25:00Z",669.54,0.60,0,0,0,0,0,0,
"2016-12-24T21:25:00Z","2016-12-24T21:30:00Z",669.42,0.60,0,0,0,0,0,0,
"2016-12-24T21:30:00Z","2016-12-24T21:35:00Z",669.41,0.60,0,0,0,0,0,0,
"2016-12-24T21:35:00Z","2016-12-24T21:40:00Z",669.43,0.60,0,0,0,0,0,0,
"2016-12-24T21:40:00Z","2016-12-24T21:45:00Z",669.52,0.60,0,0,0,0,0,0,
"2016-12-24T21:45:00Z","2016-12-24T21:50:00Z",669.40,0.60,0,0,0,0,0,0,
"2016-12-24T21:50:00Z","2016-12-24T21:55:00Z",669.36,0.60,0,0,0,0,0,0,
"2016-12-24T21:55:00Z","2016-12-24T22:00:00Z",669.34,0.61,0,0,0,0,0,0,
"2016-12-24T22:00:00Z","2016-12-24T22:05:00Z",669.31,0.60,0,0,0,0,0,0,
"2016-12-24T22:05:00Z","2016-12-24T22:10:00Z",669.39,0.60,0,0,0,0,0,0,
"2016-12-24T22:10:00Z","2016-12-24T22:15:00Z",669.39,0.60,0,0,0,0,0,0,
"2016-12-24T22:15:00Z","2016-12-24T22:20:00Z",669.48,0.60,0,0,0,0,0,0,
"2016-12-24T22:20:00Z","2016-12-24T22:25:00Z",669.34,0.60,0,0,0,0,0,0,
"2016-12-24T22:25:00Z","2016-12-24T22:30:00Z",669.37,0.61,0,0,0,0,0,0,
"2016-12-24T22:30:00Z","2016-12-24T22:35:00Z",669.43,0.60,0,0,0,0,0,0,
"2016-12-24T22:35:00Z","2016-12-24T22:40:00Z",669.38,0.60,0,0,0,0,0,0,
"2016-12-24T22:40:00Z","2016-12-24T22:45:00Z",669.45,0.60,0,0,0,0,0,0,
"2016-12-24T22:45:00Z","2016-12-24T22:50:00Z",669.36,0.60,0,0,0,0,0,0,
"2016-12-24T22:50:00Z","2016-12-24T22:55:00Z",669.35,0.60,0,0,0,0,0,0,
"2016-12-24T22:55:00Z","2016-12-24T23:00:00Z",669.50,0.60,0,0,0,0,0,0,
"2016-12-24T23:00:00Z","2016-12-24T23:05:00Z",669.32,0.60,0,0,0,0,0,0,
"2016-12-24T23:05:00Z","2016-12-24T23:10:00Z",669.33,0.60,0,0,0,0,0,0,
"2016-12-24T23:10:00Z","2016-12-24T23:15:00Z",669.37,0.60,0,0,0,0,0,0,
"2016-12-24T23:15:00Z","2016-12-24T23:20:00Z",669.25,0.60,0,0,0,0,0,0,
"2016-12-24T23:20:00Z","2016-12-24T23:25:00Z",669.30,0.60,0,0,0,0,0,0,
"2016-12-24T23:25:00Z","2016-12-24T23:30:00Z",669.23,0.60,0,0,0,0,0,0,
"2016-12-24T23:30:00Z","2016-12-24T23:35:00Z",669.27,0.60,0,0,0,0,0,0,
"2016-12-24T23:35:00Z","2016-12-24T23:40:00Z",669.31,0.60,0,0,0,0,0,0,
"2016-12-24T23:40:00Z","2016-12-24T23:45:00Z",669.21,0.60,0,0,0,0,0,0,
"2016-12-24T23:45:00Z","2016-12-24T23:50:00Z",669.24,0.60,0,0,0,0,0,0,
"2016-12-24T23:50:00Z","2016-12-24T23:55:00Z",669.33,0.60,0,0,0,0,0,0,
"2016-12-24T23:55:00Z","2016-12-25T00:00:00Z",669.25,0.61,0,0,0,0,0,0,
"2016-12-25T00:00:00Z","2016-12-25T00:05:00Z",669.41,0.60,0,0,0,0,0,0,
"2016-12-25T00:05:00Z","2016-12-25T00:10:00Z",669.29,0.60,0,0,0,0,0,0,
"2016-12-25T00:10:00Z","2016-12-25T00:15:00Z",669.32,0.60,0,0,0,0,0,0,
"2016-12-25T00:15:00Z","2016-12-25T00:20:00Z",669.31,0.60,0,0,0,0,0,0,
"2016-12-25T00:20:00Z","2016-12-25T00:25:00Z",669.30,0.60,0,0,0,0,0,0,
"2016-12-25T00:25:00Z","2016-12-25T00:30:00Z",669.23,0.60,0,0,0,0,0,0,
"2016-12-25T00:30:00Z","2016-12-25T00:35:00Z",669.37,0.60,0,0,0,0,0,0,
"2016-12-25T00:35:00Z","2016-12-25T00:40:00Z",669.41,0.60,0,0,0,0,0,0,
"2016-12-25T00:40:00Z","2016-12-25T00:45:00Z",669.32,0.60,0,0,0,0,0,0,
"2016-12-25T00:45:00Z","2016-12-25T00:50:00Z",669.26,0.60,0,0,0,0,0,0,
"2016-12-25T00:50:00Z","2016-12-25T00:55:00Z",669.35,0.60,0,0,0,0,0,0,
"2016-12-25T00:55:00Z","2016-12-25T01:00:00Z",669.36,0.60,0,0,0,0,0,0,
"2016-12-25T01:00:00Z","2016-12-25T01:05:00Z",669.32,0.60,0,0,0,0,0,0,
"2016-12-25T01:05:00Z","2016-12-25T01:10:00Z",669.55,0.60,0,0,0,0,0,0,
"2016-12-25T01:10:00Z","2016-12-25T01:15:00Z",669.43,0.60,0,0,0,0,0,0,
"2016-12-25T01:15:00Z","2016-12-25T01:20:00Z",669.45,0.60,0,0,0,0,0,0,
"2016-12-25T01:20:00Z","2016-12-25T01:25:00Z",669.35,0.60,0,0,0,0,0,0,
"2016-12-25T01:25:00Z","2016-12-25T01:30:00Z",669.48,0.61,0,0,0,0,0,0,
"2016-12-25T01:30:00Z","2016-12-25T01:35:00Z",669.40,0.60,0,0,0,0,0,0,
"2016-12-25T01:35:00Z","2016-12-25T01:40:00Z",669.45,0.60,0,0,0,0,0,0,
"2016-12-25T01:40:00Z","2016-12-25T01:45:00Z",669.50,0.60,0,0,0,0,0,0,
"2016-12-25T01:45:00Z","2016-12-25T01:50:00Z",669.51,0.60,0,0,0,0,0,0,
"2016-12-25T01:50:00Z","2016-12-25T01:55:00Z",669.48,0.60,0,0,0,0,0,0,
"2016-12-25T01:55:00Z","2016-12-25T02:00:00Z",669.50,0.61,0,0,0,0,0,0,
"2016-12-25T02:00:00Z","2016-12-25T02:05:00Z",669.47,0.60,0,0,0,0,0,0,
"2016-12-25T02:05:00Z","2016-12-25T02:10:00Z",669.51,0.60,0,0,0,0,0,0,
"2016-12-25T02:10:00Z","2016-12-25T02:15:00Z",669.60,0.61,0,0,0,0,0,0,
"2016-12-25T02:15:00Z","2016-12-25T02:20:00Z",669.65,0.61,0,0,0,0,0,0,
"2016-12-25T02:20:00Z","2016-12-25T02:25:00Z",669.65,0.61,0,0,0,0,0,0,
"2016-12-25T02:25:00Z","2016-12-25T02:30:00Z",669.54,0.61,0,0,0,0,0,0,
"2016-12-25T02:30:00Z","2016-12-25T02:35:00Z",669.62,0.61,0,0,0,0,0,0,
"2016-12-25T02:35:00Z","2016-12-25T02:40:00Z",669.66,0.61,0,0,0,0,0,0,
"2016-12-25T02:40:00Z","2016-12-25T02:45:00Z",669.65,0.61,0,0,0,0,0,0,
"2016-12-25T02:45:00Z","2016-12-25T02:50:00Z",669.55,0.61,0,0,0,0,0,0,
"2016-12-25T02:50:00Z","2016-12-25T02:55:00Z",669.50,0.61,0,0,0,0,0,0,
"2016-12-25T02:55:00Z","2016-12-25T03:00:00Z",669.57,0.61,0,0,0,0,0,0,
"2016-12-25T03:00:00Z","2016-12-25T03:05:00Z",669.66,0.61,0,0,0,0,0,0,
"2016-12-25T03:05:00Z","2016-12-25T03:10:00Z",669.60,0.61,0,0,0,0,0,0,
"2016-12-25T03:10:00Z","2016-12-25T03:15:00Z",669.60,0.61,0,0,0,0,0,0,
"2016-12-25T03:15:00Z","2016-12-25T03:20:00Z",669.73,0.61,0,0,0,0,0,0,
"2016-12-25T03:20:00Z","2016-12-25T03:25:00Z",669.59,0.61,0,0,0,0,0,0,
"2016-12-25T03:25:00Z","2016-12-25T03:30:00Z",669.72,0.61,0,0,0,0,0,0,
"2016-12-25T03:30:00Z","2016-12-25T03:35:00Z",669.59,0.61,0,0,0,0,0,0,
"2016-12-25T03:35:00Z","2016-12-25T03:40:00Z",669.74,0.61,0,0,0,0,0,0,
"2016-12-25T03:40:00Z","2016-12-25T03:45:00Z",669.61,0.61,0,0,0,0,0,0,
"2016-12-25T03:45:00Z","2016-12-25T03:50:00Z",669.54,0.61,0,0,0,0,0,0,
"2016-12-25T03:50:00Z","2016-12-25T03:55:00Z",669.56,0.61,0,0,0,0,0,0,
"2016-12-25T03:55:00Z","2016-12-25T04:00:00Z",669.60,0.61,0,0,0,0,0,0,
"2016-12-25T04:00:00Z","2016-12-25T04:05:00Z",669.53,0.61,0,0,0,0,0,0,
"2016-12-25T04:05:00Z","2016-12-25T04:10:00Z",669.61,0.61,0,0,0,0,0,0,
"2016-12-25T04:10:00Z","2016-12-25T04:15:00Z",669.54,0.61,0,0,0,0,0,0,
"2016-12-25T04:15:00Z","2016-12-25T04:20:00Z",669.70,0.61,0,0,0,0,0,0,
"2016-12-25T04:20:00Z","2016-12-25T04:25:00Z",669.64,0.61,0,0,0,0,0,0,
"2016-12-25T04:25:00Z","2016-12-25T04:30:00Z",669.61,0.61,0,0,0,0,0,0,
"2016-12-25T04:30:00Z","2016-12-25T04:35:00Z",669.61,0.61,0,0,0,0,0,0,
"2016-12-25T04:35:00Z","2016-12-25T04:40:00Z",669.51,0.61,0,0,0,0,0,0,
"2016-12-25T04:40:00Z","2016-12-25T04:45:00Z",669.53,0.61,0,0,0,0,0,0,
"2016-12-25T04:45:00Z","2016-12-25T04:50:00Z",669.48,0.61,0,0,0,0,0,0,
"2016-12-25T04:50:00Z","2016-12-25T04:55:00Z",669.51,0.61,0,0,0,0,0,0,
"2016-12-25T04:55:00Z","2016-12-25T05:00:00Z",669.71,0.61,0,0,0,0,0,0,
"2016-12-25T05:00:00Z","2016-12-25T05:05:00Z",669.48,0.61,0,0,0,0,0,0,
"2016-12-25T05:05:00Z","2016-12-25T05:10:00Z",669.52,0.61,0,0,0,0,0,0,
"2016-12-25T05:10:00Z","2016-12-25T05:15:00Z",669.55,0.61,0,0,0,0,0,0,
"2016-12-25T05:15:00Z","2016-12-25T05:20:00Z",669.43,0.61,0,0,0,0,0,0,
"2016-12-25T05:20:00Z","2016-12-25T05:25:00Z",669.51,0.61,0,0,0,0,0,0,
"2016-12-25T05:25:00Z","2016-12-25T05:30:00Z",669.59,0.61,0,0,0,0,0,0,
"2016-12-25T05:30:00Z","2016-12-25T05:35:00Z",669.45,0.61,0,0,0,0,0,0,
"2016-12-25T05:35:00Z","2016-12-25T05:40:00Z",669.49,0.61,0,0,0,0,0,0,
"2016-12-25T05:40:00Z","2016-12-25T05:45:00Z",669.52,0.61,0,0,0,0,0,0,
"2016-12-25T05:45:00Z","2016-12-25T05:50:00Z",669.48,0.61,0,0,0,0,0,0,
"2016-12-25T05:50:00Z","2016-12-25T05:55:00Z",669.46,0.61,0,0,0,0,0,0,
"2016-12-25T05:55:00Z","2016-12-25T06:00:00Z",669.49,0.61,0,0,0,0,0,0,
"2016-12-25T06:00:00Z","2016-12-25T06:05:00Z",669.53,0.61,0,0,0,0,0,0,
"2016-12-25T06:05:00Z","2016-12-25T06:10:00Z",669.57,0.61,0,0,0,0,0,0,
"2016-12-25T06:10:00Z","2016-12-25T06:15:00Z",669.70,0.61,0,0,0,0,0,0,
"2016-12-25T06:15:00Z","2016-12-25T06:20:00Z",669.48,0.61,0,0,0,0,0,0,
"2016-12-25T06:20:00Z","2016-12-25T06:25:00Z",669.66,0.61,0,0,0,0,0,0,
"2016-12-25T06:25:00Z","2016-12-25T06:30:00Z",669.55,0.61,0,0,0,0,0,0,
"2016-12-25T06:30:00Z","2016-12-25T06:35:00Z",669.62,0.61,0,0,0,0,0,0,
"2016-12-25T06:35:00Z","2016-12-25T06:40:00Z",669.65,0.61,0,0,0,0,0,0,
"2016-12-25T06:40:00Z","2016-12-25T06:45:00Z",669.56,0.61,0,0,0,0,0,0,
"2016-12-25T06:45:00Z","2016-12-25T06:50:00Z",669.54,0.61,0,0,0,0,0,0,
"2016-12-25T06:50:00Z","2016-12-25T06:55:00Z",669.58,0.61,0,0,0,0,0,0,
"2016-12-25T06:55:00Z","2016-12-25T07:00:00Z",669.62,0.61,0,0,0,0,0,0,
"2016-12-25T07:00:00Z","2016-12-25T07:05:00Z",669.63,0.61,0,0,0,0,0,0,
"2016-12-25T07:05:00Z","2016-12-25T07:10:00Z",669.68,0.61,0,0,0,0,0,0,
"2016-12-25T07:10:00Z","2016-12-25T07:15:00Z",669.86,0.61,0,0,0,0,0,0,
"2016-12-25T07:15:00Z","2016-12-25T07:20:00Z",669.61,0.61,0,0,0,0,0,0,
"2016-12-25T07:20:00Z","2016-12-25T07:25:00Z",669.73,0.61,0,0,0,0,0,0,
"2016-12-25T07:25:00Z","2016-12-25T07:30:00Z",669.70,0.61,0,0,0,0,0,0,
"2016-12-25T07:30:00Z","2016-12-25T07:35:00Z",669.74,0.61,0,0,0,0,0,0,
"2016-12-25T07:35:00Z","2016-12-25T07:40:00Z",669.76,0.61,0,0,0,0,0,0,
"2016-12-25T07:40:00Z","2016-12-25T07:45:00Z",669.71,0.61,0,0,0,0,0,0,
"2016-12-25T07:45:00Z","2016-12-25T07:50:00Z",669.72,0.61,0,0,0,0,0,0,
"2016-12-25T07:50:00Z","2016-12-25T07:55:00Z",669.77,0.61,0,0,0,0,0,0,
"2016-12-25T07:55:00Z","2016-12-25T08:00:00Z",669.71,0.61,0,0,0,0,0,0,
"2016-12-25T08:00:00Z","2016-12-25T08:05:00Z",669.75,0.61,0,0,0,0,0,0,
"2016-12-25T08:05:00Z","2016-12-25T08:10:00Z",669.72,0.61,0,0,0,0,0,0,
"2016-12-25T08:10:00Z","2016-12-25T08:15:00Z",669.77,0.61,0,0,0,0,0,0,
"2016-12-25T08:15:00Z","2016-12-25T08:20:00Z",669.69,0.61,0,0,0,0,0,0,
"2016-12-25T08:20:00Z","2016-12-25T08:25:00Z",669.63,0.61,0,0,0,0,0,0,
"2016-12-25T08:25:00Z","2016-12-25T08:30:00Z",669.69,0.61,0,0,0,0,0,0,
"2016-12-25T08:30:00Z","2016-12-25T08:35:00Z",669.62,0.61,0,0,0,0,0,0,
"2016-12-25T08:35:00Z","2016-12-25T08:40:00Z",669.59,0.61,0,0,0,0,0,0,
"2016-12-25T08:40:00Z","2016-12-25T08:45:00Z",669.70,0.61,0,0,0,0,0,0,
"2016-12-25T08:45:00Z","2016-12-25T08:50:00Z",669.65,0.61,0,0,0,0,0,0,
"2016-12-25T08:50:00Z","2016-12-25T08:55:00Z",669.56,0.61,0,0,0,0,0,0,
"2016-12-25T08:55:00Z","2016-12-25T09:00:00Z",669.53,0.61,0,0,0,0,0,0,
"2016-12-25T09:00:00Z","2016-12-25T09:05:00Z",669.59,0.61,0,0,0,0,0,0,
"2016-12-25T09:05:00Z","2016-12-25T09:10:00Z",669.51,0.61,0,0,0,0,0,0,
"2016-12-25T09:10:00Z","2016-12-25T09:15:00Z",669.56,0.61,0,0,0,0,0,0,
"2016-12-25T09:15:00Z","2016-12-25T09:20:00Z",669.59,0.61,0,0,0,0,0,0,
"2016-12-25T09:20:00Z","2016-12-25T09:25:00Z",669.55,0.61,0,0,0,0,0,0,
"2016-12-25T09:25:00Z","2016-12-25T09:30:00Z",669.49,0.61,0,0,0,0,0,0,
"2016-12-25T09:30:00Z","2016-12-25T09:35:00Z",669.51,0.61,0,0,0,0,0,0,
"2016-12-25T09:35:00Z","2016-12-25T09:40:00Z",669.57,0.61,0,0,0,0,0,0,
"2016-12-25T09:40:00Z","2016-12-25T09:45:00Z",669.49,0.61,0,0,0,0,0,0,
"2016-12-25T09:45:00Z","2016-12-25T09:50:00Z",669.61,0.61,0,0,0,0,0,0,
"2016-12-25T09:50:00Z","2016-12-25T09:55:00Z",669.53,0.61,0,0,0,0,0,0,
"2016-12-25T09:55:00Z","2016-12-25T10:00:00Z",669.65,0.61,0,0,0,0,0,0,
"2016-12-25T10:00:00Z","2016-12-25T10:05:00Z",669.58,0.61,0,0,0,0,0,0,
"2016-12-25T10:05:00Z","2016-12-25T10:10:00Z",669.74,0.61,0,0,0,0,0,0,
"2016-12-25T10:10:00Z","2016-12-25T10:15:00Z",669.65,0.61,0,0,0,0,0,0,
"2016-12-25T10:15:00Z","2016-12-25T10:20:00Z",669.70,0.61,0,0,0,0,0,0,
"2016-12-25T10:20:00Z","2016-12-25T10:25:00Z",669.71,0.61,0,0,0,0,0,0,
"2016-12-25T10:25:00Z","2016-12-25T10:30:00Z",669.68,0.61,0,0,0,0,0,0,
"2016-12-25T10:30:00Z","2016-12-25T10:35:00Z",669.66,0.61,0,0,0,0,0,0,
"2016-12-25T10:35:00Z","2016-12-25T10:40:00Z",669.70,0.61,0,0,0,0,0,0,
"2016-12-25T10:40:00Z","2016-12-25T10:45:00Z",669.73,0.61,0,0,0,0,0,0,
"2016-12-25T10:45:00Z","2016-12-25T10:50:00Z",669.74,0.61,0,0,0,0,0,0,
"2016-12-25T10:50:00Z","2016-12-25T10:55:00Z",669.76,0.61,0,0,0,0,0,0,
"2016-12-25T10:55:00Z","2016-12-25T11:00:00Z",669.71,0.61,0,0,0,0,0,0,
"2016-12-25T11:00:00Z","2016-12-25T11:05:00Z",669.65,0.61,0,0,0,0,0,0,
"2016-12-25T11:05:00Z","2016-12-25T11:10:00Z",669.73,0.61,0,0,0,0,0,0,
"2016-12-25T11:10:00Z","2016-12-25T11:15:00Z",669.78,0.61,0,0,0,0,0,0,
"2016-12-25T11:15:00Z","2016-12-25T11:20:00Z",669.66,0.61,0,0,0,0,0,0,
"2016-12-25T11:20:00Z","2016-12-25T11:25:00Z",669.67,0.61,0,0,0,0,0,0,
"2016-12-25T11:25:00Z","2016-12-25T11:30:00Z",669.62,0.61,0,0,0,0,0,0,
"2016-12-25T11:30:00Z","2016-12-25T11:35:00Z",669.59,0.61,0,0,0,0,0,0,
"2016-12-25T11:35:00Z","2016-12-25T11:40:00Z",669.65,0.61,0,0,0,0,0,0,
"2016-12-25T11:40:00Z","2016-12-25T11:45:00Z",669.59,0.61,0,0,0,0,0,0,
"2016-12-25T11:45:00Z","2016-12-25T11:50:00Z",669.59,0.61,0,0,0,0,0,0,
"2016-12-25T11:50:00Z","2016-12-25T11:55:00Z",669.64,0.61,0,0,0,0,0,0,
"2016-12-25T11:55:00Z","2016-12-25T12:00:00Z",669.54,0.61,0,0,0,0,0,0,
"2016-12-25T12:00:00Z","2016-12-25T12:05:00Z",669.51,0.61,0,0,0,0,0,0,
"2016-12-25T12:05:00Z","2016-12-25T12:10:00Z",669.39,0.61,0,0,0,0,0,0,
"2016-12-25T12:10:00Z","2016-12-25T12:15:00Z",669.43,0.61,0,0,0,0,0,0,
"2016-12-25T12:15:00Z","2016-12-25T12:20:00Z",669.48,0.61,0,0,0,0,0,0,
"2016-12-25T12:20:00Z","2016-12-25T12:25:00Z",669.41,0.61,0,0,0,0,0,0,
"2016-12-25T12:25:00Z","2016-12-25T12:30:00Z",669.42,0.61,0,0,0,0,0,0,
"2016-12-25T12:30:00Z","2016-12-25T12:35:00Z",669.41,0.61,0,0,0,0,0,0,
"2016-12-25T12:35:00Z","2016-12-25T12:40:00Z",669.38,0.61,0,0,0,0,0,0,
"2016-12-25T12:40:00Z","2016-12-25T12:45:00Z",669.40,0.61,0,0,0,0,0,0,
"2016-12-25T12:45:00Z","2016-12-25T12:50:00Z",669.36,0.61,0,0,0,0,0,0,
"2016-12-25T12:50:00Z","2016-12-25T12:55:00Z",669.33,0.61,0,0,0,0,0,0,
"2016-12-25T12:55:00Z","2016-12-25T13:00:00Z",669.34,0.61,0,0,0,0,0,0,
"2016-12-25T13:00:00Z","2016-12-25T13:05:00Z",669.38,0.61,0,0,0,0,0,0,
"2016-12-25T13:05:00Z","2016-12-25T13:10:00Z",669.12,0.61,0,0,0,0,0,0,
"2016-12-25T13:10:00Z","2016-12-25T13:15:00Z",669.26,0.61,0,0,0,0,0,0,
"2016-12-25T13:15:00Z","2016-12-25T13:20:00Z",669.19,0.61,0,0,0,0,0,0,
"2016-12-25T13:20:00Z","2016-12-25T13:25:00Z",669.21,0.61,0,0,0,0,0,0,
"2016-12-25T13:25:00Z","2016-12-25T13:30:00Z",669.22,0.61,0,0,0,0,0,0,
"2016-12-25T13:30:00Z","2016-12-25T13:35:00Z",669.21,0.61,0,0,0,0,0,0,
"2016-12-25T13:35:00Z","2016-12-25T13:40:00Z",669.13,0.61,0,0,0,0,0,0,
"2016-12-25T13:40:00Z","2016-12-25T13:45:00Z",669.11,0.61,0,0,0,0,0,0,
"2016-12-25T13:45:00Z","2016-12-25T13:50:00Z",669.12,0.61,0,0,0,0,0,0,
"2016-12-25T13:50:00Z","2016-12-25T13:55:00Z",669.10,0.61,0,0,0,0,0,0,
"2016-12-25T13:55:00Z","2016-12-25T14:00:00Z",669.08,0.61,0,0,0,0,0,0,
"2016-12-25T14:00:00Z","2016-12-25T14:05:00Z",669.32,0.61,0,0,0,0,0,0,
"2016-12-25T14:05:00Z","2016-12-25T14:10:00Z",669.07,0.61,0,0,0,0,0,0,
"2016-12-25T14:10:00Z","2016-12-25T14:15:00Z",669.04,0.61,0,0,0,0,0,0,
"2016-12-25T14:15:00Z","2016-12-25T14:20:00Z",669.13,0.61,0,0,0,0,0,0,
"2016-12-25T14:20:00Z","2016-12-25T14:25:00Z",668.97,0.61,0,0,0,0,0,0,
"2016-12-25T14:25:00Z","2016-12-25T14:30:00Z",669.04,0.61,0,0,0,0,0,0,
"2016-12-25T14:30:00Z","2016-12-25T14:35:00Z",668.99,0.61,0,0,0,0,0,0,
"2016-12-25T14:35:00Z","2016-12-25T14:40:00Z",669.03,0.61,0,0,0,0,0,0,
"2016-12-25T14:40:00Z","2016-12-25T14:45:00Z",668.93,0.61,0,0,0,0,0,0,
"2016-12-25T14:45:00Z","2016-12-25T14:50:00Z",669.01,0.61,0,0,0,0,0,0,
"2016-12-25T14:50:00Z","2016-12-25T14:55:00Z",669.12,0.61,0,0,0,0,0,0,
"2016-12-25T14:55:00Z","2016-12-25T15:00:00Z",668.97,0.61,0,0,0,0,0,0,
"2016-12-25T15:00:00Z","2016-12-25T15:05:00Z",668.96,0.61,0,0,0,0,0,0,
"2016-12-25T15:05:00Z","2016-12-25T15:10:00Z",668.96,0.61,0,0,0,0,0,0,
"2016-12-25T15:10:00Z","2016-12-25T15:15:00Z",669.00,0.61,0,0,0,0,0,0,
"2016-12-25T15:15:00Z","2016-12-25T15:20:00Z",668.99,0.61,0,0,0,0,0,0,
"2016-12-25T15:20:00Z","2016-12-25T15:25:00Z",669.01,0.61,0,0,0,0,0,0,
"2016-12-25T15:25:00Z","2016-12-25T15:30:00Z",668.96,0.61,0,0,0,0,0,0,
"2016-12-25T15:30:00Z","2016-12-25T15:35:00Z",669.03,0.61,0,0,0,0,0,0,
"2016-12-25T15:35:00Z","2016-12-25T15:40:00Z",669.02,0.61,0,0,0,0,0,0,
"2016-12-25T15:40:00Z","2016-12-25T15:45:00Z",668.95,0.61,0,0,0,0,0,0,
"2016-12-25T15:45:00Z","2016-12-25T15:50:00Z",668.98,0.61,0,0,0,0,0,0,
"2016-12-25T15:50:00Z","2016-12-25T15:55:00Z",669.09,0.61,0,0,0,0,0,0,
"2016-12-25T15:55:00Z","2016-12-25T16:00:00Z",668.93,0.61,0,0,0,0,0,0,
"2016-12-25T16:00:00Z","2016-12-25T16:05:00Z",668.91,0.61,0,0,0,0,0,0,
"2016-12-25T16:05:00Z","2016-12-25T16:10:00Z",669.00,0.61,0,0,0,0,0,0,
"2016-12-25T16:10:00Z","2016-12-25T16:15:00Z",668.89,0.61,0,0,0,0,0,0,
"2016-12-25T16:15:00Z","2016-12-25T16:20:00Z",668.86,0.61,0,0,0,0,0,0,
"2016-12-25T16:20:00Z","2016-12-25T16:25:00Z",668.84,0.61,0,0,0,0,0,0,
"2016-12-25T16:25:00Z","2016-12-25T16:30:00Z",668.82,0.61,0,0,0,0,0,0,
"2016-12-25T16:30:00Z","2016-12-25T16:35:00Z",668.80,0.61,0,0,0,0,0,0,
"2016-12-25T16:35:00Z","2016-12-25T16:40:00Z",668.71,0.61,0,0,0,0,0,0,
"2016-12-25T16:40:00Z","2016-12-25T16:45:00Z",668.83,0.61,0,0,0,0,0,0,
"2016-12-25T16:45:00Z","2016-12-25T16:50:00Z",668.81,0.61,0,0,0,0,0,0,
"2016-12-25T16:50:00Z","2016-12-25T16:55:00Z",668.72,0.61,0,0,0,0,0,0,
"2016-12-25T16:55:00Z","2016-12-25T17:00:00Z",668.74,0.61,0,0,0,0,0,0,
"2016-12-25T17:00:00Z","2016-12-25T17:05:00Z",668.71,0.61,0,0,0,0,0,0,
"2016-12-25T17:05:00Z","2016-12-25T17:10:00Z",668.70,0.61,0,0,0,0,0,0,
"2016-12-25T17:10:00Z","2016-12-25T17:15:00Z",668.67,0.61,0,0,0,0,0,0,
"2016-12-25T17:15:00Z","2016-12-25T17:20:00Z",668.69,0.61,0,0,0,0,0,0,
"2016-12-25T17:20:00Z","2016-12-25T17:25:00Z",668.70,0.61,0,0,0,0,0,0,
"2016-12-25T17:25:00Z","2016-12-25T17:30:00Z",668.65,0.61,0,0,0,0,0,0,
"2016-12-25T17:30:00Z","2016-12-25T17:35:00Z",668.57,0.61,0,0,0,0,0,0,
"2016-12-25T17:35:00Z","2016-12-25T17:40:00Z",668.77,0.61,0,0,0,0,0,0,
"2016-12-25T17:40:00Z","2016-12-25T17:45:00Z",668.59,0.61,0,0,0,0,0,0,
"2016-12-25T17:45:00Z","2016-12-25T17:50:00Z",668.62,0.61,0,0,0,0,0,0,
"2016-12-25T17:50:00Z","2016-12-25T17:55:00Z",668.56,0.61,0,0,0,0,0,0,
"2016-12-25T17:55:00Z","2016-12-25T18:00:00Z",668.56,0.61,0,0,0,0,0,0,
"2016-12-25T18:00:00Z","2016-12-25T18:05:00Z",668.57,0.61,0,0,0,0,0,0,
"2016-12-25T18:05:00Z","2016-12-25T18:10:00Z",668.57,0.61,0,0,0,0,0,0,
"2016-12-25T18:10:00Z","2016-12-25T18:15:00Z",668.50,0.61,0,0,0,0,0,0,
"2016-12-25T18:15:00Z","2016-12-25T18:20:00Z",668.51,0.61,0,0,0,0,0,0,
"2016-12-25T18:20:00Z","2016-12-25T18:25:00Z",668.47,0.61,0,0,0,0,0,0,
"2016-12-25T18:25:00Z","2016-12-25T18:30:00Z",668.49,0.61,0,0,0,0,0,0,
"2016-12-25T18:30:00Z","2016-12-25T18:35:00Z",668.58,0.61,0,0,0,0,0,0,
"2016-12-25T18:35:00Z","2016-12-25T18:40:00Z",668.46,0.61,0,0,0,0,0,0,
"2016-12-25T18:40:00Z","2016-12-25T18:45:00Z",668.44,0.61,0,0,0,0,0,0,
"2016-12-25T18:45:00Z","2016-12-25T18:50:00Z",668.52,0.61,0,0,0,0,0,0,
"2016-12-25T18:50:00Z","2016-12-25T18:55:00Z",668.49,0.61,0,0,0,0,0,0,
"2016-12-25T18:55:00Z","2016-12-25T19:00:00Z",668.43,0.61,0,0,0,0,0,0,
"2016-12-25T19:00:00Z","2016-12-25T19:05:00Z",668.47,0.61,0,0,0,0,0,0,
"2016-12-25T19:05:00Z","2016-12-25T19:10:00Z",668.40,0.61,0,0,0,0,0,0,
"2016-12-25T19:10:00Z","2016-12-25T19:15:00Z",668.41,0.61,0,0,0,0,0,0,
"2016-12-25T19:15:00Z","2016-12-25T19:20:00Z",668.34,0.61,0,0,0,0,0,0,
"2016-12-25T19:20:00Z","2016-12-25T19:25:00Z",668.50,0.61,0,0,0,0,0,0,
"2016-12-25T19:25:00Z","2016-12-25T19:30:00Z",668.36,0.61,0,0,0,0,0,0,
"2016-12-25T19:30:00Z","2016-12-25T19:35:00Z",668.36,0.61,0,0,0,0,0,0,
"2016-12-25T19:35:00Z","2016-12-25T19:40:00Z",668.38,0.61,0,0,0,0,0,0,
"2016-12-25T19:40:00Z","2016-12-25T19:45:00Z",668.35,0.61,0,0,0,0,0,0,
"2016-12-25T19:45:00Z","2016-12-25T19:50:00Z",668.32,0.61,0,0,0,0,0,0,
"2016-12-25T19:50:00Z","2016-12-25T19:55:00Z",668.34,0.61,0,0,0,0,0,0,
"2016-12-25T19:55:00Z","2016-12-25T20:00:00Z",668.31,0.61,0,0,0,0,0,0,
"2016-12-25T20:00:00Z","2016-12-25T20:05:00Z",668.28,0.61,0,0,0,0,0,0,
"2016-12-25T20:05:00Z","2016-12-25T20:10:00Z",668.40,0.61,0,0,0,0,0,0,
"2016-12-25T20:10:00Z","2016-12-25T20:15:00Z",668.34,0.61,0,0,0,0,0,0,
"2016-12-25T20:15:00Z","2016-12-25T20:20:00Z",668.19,0.61,0,0,0,0,0,0,
"2016-12-25T20:20:00Z","2016-12-25T20:25:00Z",668.19,0.61,0,0,0,0,0,0,
"2016-12-25T20:25:00Z","2016-12-25T20:30:00Z",668.14,0.61,0,0,0,0,0,0,
"2016-12-25T20:30:00Z","2016-12-25T20:35:00Z",668.14,0.61,0,0,0,0,0,0,
"2016-12-25T20:35:00Z","2016-12-25T20:40:00Z",668.20,0.61,0,0,0,0,0,0,
"2016-12-25T20:40:00Z","2016-12-25T20:45:00Z",668.17,0.61,0,0,0,0,0,0,
"2016-12-25T20:45:00Z","2016-12-25T20:50:00Z",668.15,0.61,0,0,0,0,0,0,
"2016-12-25T20:50:00Z","2016-12-25T20:55:00Z",668.11,0.61,0,0,0,0,0,0,
"2016-12-25T20:55:00Z","2016-12-25T21:00:00Z",668.16,0.61,0,0,0,0,0,0,
"2016-12-25T21:00:00Z","2016-12-25T21:05:00Z",668.11,0.61,0,0,0,0,0,0,
"2016-12-25T21:05:00Z","2016-12-25T21:10:00Z",668.16,0.61,0,0,0,0,0,0,
"2016-12-25T21:10:00Z","2016-12-25T21:15:00Z",668.11,0.61,0,0,0,0,0,0,
"2016-12-25T21:15:00Z","2016-12-25T21:20:00Z",668.12,0.61,0,0,0,0,0,0,
"2016-12-25T21:20:00Z","2016-12-25T21:25:00Z",668.07,0.61,0,0,0,0,0,0,
"2016-12-25T21:25:00Z","2016-12-25T21:30:00Z",668.12,0.61,0,0,0,0,0,0,
"2016-12-25T21:30:00Z","2016-12-25T21:35:00Z",668.11,0.61,0,0,0,0,0,0,
"2016-12-25T21:35:00Z","2016-12-25T21:40:00Z",668.10,0.61,0,0,0,0,0,0,
"2016-12-25T21:40:00Z","2016-12-25T21:45:00Z",668.15,0.61,0,0,0,0,0,0,
"2016-12-25T21:45:00Z","2016-12-25T21:50:00Z",668.05,0.61,0,0,0,0,0,0,
"2016-12-25T21:50:00Z","2016-12-25T21:55:00Z",668.12,0.61,0,0,0,0,0,0,
"2016-12-25T21:55:00Z","2016-12-25T22:00:00Z",668.12,0.61,0,0,0,0,0,0,
"2016-12-25T22:00:00Z","2016-12-25T22:05:00Z",668.15,0.61,0,0,0,0,0,0,
"2016-12-25T22:05:00Z","2016-12-25T22:10:00Z",668.15,0.61,0,0,0,0,0,0,
"2016-12-25T22:10:00Z","2016-12-25T22:15:00Z",668.22,0.61,0,0,0,0,0,0,
"2016-12-25T22:15:00Z","2016-12-25T22:20:00Z",668.23,0.61,0,0,0,0,0,0,
"2016-12-25T22:20:00Z","2016-12-25T22:25:00Z",668.24,0.61,0,0,0,0,0,0,
"2016-12-25T22:25:00Z","2016-12-25T22:30:00Z",668.15,0.61,0,0,0,0,0,0,
"2016-12-25T22:30:00Z","2016-12-25T22:35:00Z",668.19,0.61,0,0,0,0,0,0,
"2016-12-25T22:35:00Z","2016-12-25T22:40:00Z",668.28,0.61,0,0,0,0,0,0,
"2016-12-25T22:40:00Z","2016-12-25T22:45:00Z",668.35,0.61,0,0,0,0,0,0,
"2016-12-25T22:45:00Z","2016-12-25T22:50:00Z",668.38,0.61,0,0,0,0,0,0,
"2016-12-25T22:50:00Z","2016-12-25T22:55:00Z",668.35,0.61,0,0,0,0,0,0,
"2016-12-25T22:55:00Z","2016-12-25T23:00:00Z",668.33,0.61,0,0,0,0,0,0,
"2016-12-25T23:00:00Z","2016-12-25T23:05:00Z",668.33,0.61,0,0,0,0,0,0,
"2016-12-25T23:05:00Z","2016-12-25T23:10:00Z",668.42,0.61,0,0,0,0,0,0,
"2016-12-25T23:10:00Z","2016-12-25T23:15:00Z",668.41,0.61,0,0,0,0,0,0,
"2016-12-25T23:15:00Z","2016-12-25T23:20:00Z",668.37,0.61,0,0,0,0,0,0,
"2016-12-25T23:20:00Z","2016-12-25T23:25:00Z",668.37,0.61,0,0,0,0,0,0,
"2016-12-25T23:25:00Z","2016-12-25T23:30:00Z",668.51,0.61,0,0,0,0,0,0,
"2016-12-25T23:30:00Z","2016-12-25T23:35:00Z",668.41,0.61,0,0,0,0,0,0,
"2016-12-25T23:35:00Z","2016-12-25T23:40:00Z",668.44,0.61,0,0,0,0,0,0,
"2016-12-25T23:40:00Z","2016-12-25T23:45:00Z",668.51,0.61,0,0,0,0,0,0,
"2016-12-25T23:45:00Z","2016-12-25T23:50:00Z",668.52,0.61,0,0,0,0,0,0,
"2016-12-25T23:50:00Z","2016-12-25T23:55:00Z",668.45,0.61,0,0,0,0,0,0,
"2016-12-25T23:55:00Z","2016-12-26T00:00:00Z",668.55,0.61,0,0,0,0,0,0,
"2016-12-26T00:00:00Z","2016-12-26T00:05:00Z",668.57,0.61,0,0,0,0,0,0,
"2016-12-26T00:05:00Z","2016-12-26T00:10:00Z",668.53,0.61,0,0,0,0,0,0,
"2016-12-26T00:10:00Z","2016-12-26T00:15:00Z",668.54,0.61,0,0,0,0,0,0,
"2016-12-26T00:15:00Z","2016-12-26T00:20:00Z",668.64,0.61,0,0,0,0,0,0,
"2016-12-26T00:20:00Z","2016-12-26T00:25:00Z",668.64,0.61,0,0,0,0,0,0,
"2016-12-26T00:25:00Z","2016-12-26T00:30:00Z",668.60,0.61,0,0,0,0,0,0,
"2016-12-26T00:30:00Z","2016-12-26T00:35:00Z",668.64,0.61,0,0,0,0,0,0,
"2016-12-26T00:35:00Z","2016-12-26T00:40:00Z",668.62,0.61,0,0,0,0,0,0,
"2016-12-26T00:40:00Z","2016-12-26T00:45:00Z",668.67,0.61,0,0,0,0,0,0,
"2016-12-26T00:45:00Z","2016-12-26T00:50:00Z",668.67,0.61,0,0,0,0,0,0,
"2016-12-26T00:50:00Z","2016-12-26T00:55:00Z",668.57,0.61,0,0,0,0,0,0,
"2016-12-26T00:55:00Z","2016-12-26T01:00:00Z",668.64,0.61,0,0,0,0,0,0,
"2016-12-26T01:00:00Z","2016-12-26T01:05:00Z",668.68,0.61,0,0,0,0,0,0,
"2016-12-26T01:05:00Z","2016-12-26T01:10:00Z",668.59,0.61,0,0,0,0,0,0,
"2016-12-26T01:10:00Z","2016-12-26T01:15:00Z",668.68,0.61,0,0,0,0,0,0,
"2016-12-26T01:15:00Z","2016-12-26T01:20:00Z",668.70,0.61,0,0,0,0,0,0,
"2016-12-26T01:20:00Z","2016-12-26T01:25:00Z",668.71,0.61,0,0,0,0,0,0,
"2016-12-26T01:25:00Z","2016-12-26T01:30:00Z",668.67,0.61,0,0,0,0,0,0,
"2016-12-26T01:30:00Z","2016-12-26T01:35:00Z",668.64,0.61,0,0,0,0,0,0,
"2016-12-26T01:35:00Z","2016-12-26T01:40:00Z",668.71,0.61,0,0,0,0,0,0,
"2016-12-26T01:40:00Z","2016-12-26T01:45:00Z",668.75,0.61,0,0,0,0,0,0,
"2016-12-26T01:45:00Z","2016-12-26T01:50:00Z",668.66,0.61,0,0,0,0,0,0,
"2016-12-26T01:50:00Z","2016-12-26T01:55:00Z",668.63,0.61,0,0,0,0,0,0,
"2016-12-26T01:55:00Z","2016-12-26T02:00:00Z",668.74,0.61,0,0,0,0,0,0,
"2016-12-26T02:00:00Z","2016-12-26T02:05:00Z",668.69,0.61,0,0,0,0,0,0,
"2016-12-26T02:05:00Z","2016-12-26T02:10:00Z",668.58,0.61,0,0,0,0,0,0,
"2016-12-26T02:10:00Z","2016-12-26T02:15:00Z",668.62,0.61,0,0,0,0,0,0,
"2016-12-26T02:15:00Z","2016-12-26T02:20:00Z",668.55,0.61,0,0,0,0,0,0,
"2016-12-26T02:20:00Z","2016-12-26T02:25:00Z",668.53,0.61,0,0,0,0,0,0,
"2016-12-26T02:25:00Z","2016-12-26T02:30:00Z",668.61,0.61,0,0,0,0,0,0,
"2016-12-26T02:30:00Z","2016-12-26T02:35:00Z",668.52,0.61,0,0,0,0,0,0,
"2016-12-26T02:35:00Z","2016-12-26T02:40:00Z",668.40,0.61,0,0,0,0,0,0,
"2016-12-26T02:40:00Z","2016-12-26T02:45:00Z",668.60,0.61,0,0,0,0,0,0,
"2016-12-26T02:45:00Z","2016-12-26T02:50:00Z",668.53,0.61,0,0,0,0,0,0,
"2016-12-26T02:50:00Z","2016-12-26T02:55:00Z",668.46,0.61,0,0,0,0,0,0,
"2016-12-26T02:55:00Z","2016-12-26T03:00:00Z",668.42,0.61,0,0,0,0,0,0,
"2016-12-26T03:00:00Z","2016-12-26T03:05:00Z",668.49,0.61,0,0,0,0,0,0,
"2016-12-26T03:05:00Z","2016-12-26T03:10:00Z",668.52,0.61,0,0,0,0,0,0,
"2016-12-26T03:10:00Z","2016-12-26T03:15:00Z",668.47,0.61,0,0,0,0,0,0,
"2016-12-26T03:15:00Z","2016-12-26T03:20:00Z",668.43,0.61,0,0,0,0,0,0,
"2016-12-26T03:20:00Z","2016-12-26T03:25:00Z",668.48,0.61,0,0,0,0,0,0,
"2016-12-26T03:25:00Z","2016-12-26T03:30:00Z",668.51,0.61,0,0,0,0,0,0,
"2016-12-26T03:30:00Z","2016-12-26T03:35:00Z",668.39,0.61,0,0,0,0,0,0,
"2016-12-26T03:35:00Z","2016-12-26T03:40:00Z",668.43,0.61,0,0,0,0,0,0,
"2016-12-26T03:40:00Z","2016-12-26T03:45:00Z",668.56,0.61,0,0,0,0,0,0,
"2016-12-26T03:45:00Z","2016-12-26T03:50:00Z",668.44,0.61,0,0,0,0,0,0,
"2016-12-26T03:50:00Z","2016-12-26T03:55:00Z",668.52,0.61,0,0,0,0,0,0,
"2016-12-26T03:55:00Z","2016-12-26T04:00:00Z",668.54,0.61,0,0,0,0,0,0,
"2016-12-26T04:00:00Z","2016-12-26T04:05:00Z",668.35,0.61,0,0,0,0,0,0,
"2016-12-26T04:05:00Z","2016-12-26T04:10:00Z",668.47,0.61,0,0,0,0,0,0,
"2016-12-26T04:10:00Z","2016-12-26T04:15:00Z",668.43,0.61,0,0,0,0,0,0,
"2016-12-26T04:15:00Z","2016-12-26T04:20:00Z",668.55,0.61,0,0,0,0,0,0,
"2016-12-26T04:20:00Z","2016-12-26T04:25:00Z",668.45,0.61,0,0,0,0,0,0,
"2016-12-26T04:25:00Z","2016-12-26T04:30:00Z",668.52,0.61,0,0,0,0,0,0,
"2016-12-26T04:30:00Z","2016-12-26T04:35:00Z",668.57,0.61,0,0,0,0,0,0,
"2016-12-26T04:35:00Z","2016-12-26T04:40:00Z",668.52,0.61,0,0,0,0,0,0,
"2016-12-26T04:40:00Z","2016-12-26T04:45:00Z",668.52,0.61,0,0,0,0,0,0,
"2016-12-26T04:45:00Z","2016-12-26T04:50:00Z",668.54,0.61,0,0,0,0,0,0,
"2016-12-26T04:50:00Z","2016-12-26T04:55:00Z",668.51,0.61,0,0,0,0,0,0,
"2016-12-26T04:55:00Z","2016-12-26T05:00:00Z",668.55,0.61,0,0,0,0,0,0,
"2016-12-26T05:00:00Z","2016-12-26T05:05:00Z",668.56,0.61,0,0,0,0,0,0,
"2016-12-26T05:05:00Z","2016-12-26T05:10:00Z",668.55,0.61,0,0,0,0,0,0,
"2016-12-26T05:10:00Z","2016-12-26T05:15:00Z",668.53,0.61,0,0,0,0,0,0,
"2016-12-26T05:15:00Z","2016-12-26T05:20:00Z",668.54,0.61,0,0,0,0,0,0,
"2016-12-26T05:20:00Z","2016-12-26T05:25:00Z",668.52,0.61,0,0,0,0,0,0,
"2016-12-26T05:25:00Z","2016-12-26T05:30:00Z",668.52,0.61,0,0,0,0,0,0,
"2016-12-26T05:30:00Z","2016-12-26T05:35:00Z",668.56,0.61,0,0,0,0,0,0,
"2016-12-26T05:35:00Z","2016-12-26T05:40:00Z",668.58,0.61,0,0,0,0,0,0,
"2016-12-26T05:40:00Z","2016-12-26T05:45:00Z",668.66,0.61,0,0,0,0,0,0,
"2016-12-26T05:45:00Z","2016-12-26T05:50:00Z",668.61,0.61,0,0,0,0,0,0,
"2016-12-26T05:50:00Z","2016-12-26T05:55:00Z",668.59,0.61,0,0,0,0,0,0,
"2016-12-26T05:55:00Z","2016-12-26T06:00:00Z",668.56,0.61,0,0,0,0,0,0,
"2016-12-26T06:00:00Z","2016-12-26T06:05:00Z",668.67,0.61,0,0,0,0,0,0,
"2016-12-26T06:05:00Z","2016-12-26T06:10:00Z",668.63,0.61,0,0,0,0,0,0,
"2016-12-26T06:10:00Z","2016-12-26T06:15:00Z",668.62,0.61,0,0,0,0,0,0,
"2016-12-26T06:15:00Z","2016-12-26T06:20:00Z",668.62,0.61,0,0,0,0,0,0,
"2016-12-26T06:20:00Z","2016-12-26T06:25:00Z",668.71,0.61,0,0,0,0,0,0,
"2016-12-26T06:25:00Z","2016-12-26T06:30:00Z",668.67,0.61,0,0,0,0,0,0,
"2016-12-26T06:30:00Z","2016-12-26T06:35:00Z",668.68,0.61,0,0,0,0,0,0,
"2016-12-26T06:35:00Z","2016-12-26T06:40:00Z",668.65,0.61,0,0,0,0,0,0,
"2016-12-26T06:40:00Z","2016-12-26T06:45:00Z",668.59,0.61,0,0,0,0,0,0,
"2016-12-26T06:45:00Z","2016-12-26T06:50:00Z",668.72,0.61,0,0,0,0,0,0,
"2016-12-26T06:50:00Z","2016-12-26T06:55:00Z",668.68,0.61,0,0,0,0,0,0,
"2016-12-26T06:55:00Z","2016-12-26T07:00:00Z",668.78,0.61,0,0,0,0,0,0,
"2016-12-26T07:00:00Z","2016-12-26T07:05:00Z",668.73,0.61,0,0,0,0,0,0,
"2016-12-26T07:05:00Z","2016-12-26T07:10:00Z",668.67,0.61,0,0,0,0,0,0,
"2016-12-26T07:10:00Z","2016-12-26T07:15:00Z",668.67,0.61,0,0,0,0,0,0,
"2016-12-26T07:15:00Z","2016-12-26T07:20:00Z",668.73,0.61,0,0,0,0,0,0,
"2016-12-26T07:20:00Z","2016-12-26T07:25:00Z",668.72,0.61,0,0,0,0,0,0,
"2016-12-26T07:25:00Z","2016-12-26T07:30:00Z",668.70,0.61,0,0,0,0,0,0,
"2016-12-26T07:30:00Z","2016-12-26T07:35:00Z",668.72,0.61,0,0,0,0,0,0,
"2016-12-26T07:35:00Z","2016-12-26T07:40:00Z",668.71,0.61,0,0,0,0,0,0,
"2016-12-26T07:40:00Z","2016-12-26T07:45:00Z",668.67,0.61,0,0,0,0,0,0,
"2016-12-26T07:45:00Z","2016-12-26T07:50:00Z",668.70,0.61,0,0,0,0,0,0,
"2016-12-26T07:50:00Z","2016-12-26T07:55:00Z",668.74,0.61,0,0,0,0,0,0,
"2016-12-26T07:55:00Z","2016-12-26T08:00:00Z",668.71,0.61,0,0,0,0,0,0,
"2016-12-26T08:00:00Z","2016-12-26T08:05:00Z",668.60,0.61,0,0,0,0,0,0,
"2016-12-26T08:05:00Z","2016-12-26T08:10:00Z",668.73,0.61,0,0,0,0,0,0,
"2016-12-26T08:10:00Z","2016-12-26T08:15:00Z",668.81,0.61,0,0,0,0,0,0,
"2016-12-26T08:15:00Z","2016-12-26T08:20:00Z",668.66,0.61,0,0,0,0,0,0,
"2016-12-26T08:20:00Z","2016-12-26T08:25:00Z",668.63,0.61,0,0,0,0,0,0,
"2016-12-26T08:25:00Z","2016-12-26T08:30:00Z",668.63,0.61,0,0,0,0,0,0,
"2016-12-26T08:30:00Z","2016-12-26T08:35:00Z",668.67,0.61,0,0,0,0,0,0,
"2016-12-26T08:35:00Z","2016-12-26T08:40:00Z",668.67,0.61,0,0,0,0,0,0,
"2016-12-26T08:40:00Z","2016-12-26T08:45:00Z",668.70,0.61,0,0,0,0,0,0,
"2016-12-26T08:45:00Z","2016-12-26T08:50:00Z",668.76,0.61,0,0,0,0,0,0,
"2016-12-26T08:50:00Z","2016-12-26T08:55:00Z",668.69,0.61,0,0,0,0,0,0,
"2016-12-26T08:55:00Z","2016-12-26T09:00:00Z",668.64,0.61,0,0,0,0,0,0,
"2016-12-26T09:00:00Z","2016-12-26T09:05:00Z",668.68,0.61,0,0,0,0,0,0,
"2016-12-26T09:05:00Z","2016-12-26T09:10:00Z",668.60,0.61,0,0,0,0,0,0,
"2016-12-26T09:10:00Z","2016-12-26T09:15:00Z",668.66,0.61,0,0,0,0,0,0,
"2016-12-26T09:15:00Z","2016-12-26T09:20:00Z",668.65,0.61,0,0,0,0,0,0,
"2016-12-26T09:20:00Z","2016-12-26T09:25:00Z",668.62,0.61,0,0,0,0,0,0,
"2016-12-26T09:25:00Z","2016-12-26T09:30:00Z",668.63,0.61,0,0,0,0,0,0,
"2016-12-26T09:30:00Z","2016-12-26T09:35:00Z",668.65,0.61,0,0,0,0,0,0,
"2016-12-26T09:35:00Z","2016-12-26T09:40:00Z",668.62,0.61,0,0,0,0,0,0,
"2016-12-26T09:40:00Z","2016-12-26T09:45:00Z",668.59,0.61,0,0,0,0,0,0,
"2016-12-26T09:45:00Z","2016-12-26T09:50:00Z",668.63,0.61,0,0,0,0,0,0,
"2016-12-26T09:50:00Z","2016-12-26T09:55:00Z",668.64,0.61,0,0,0,0,0,0,
"2016-12-26T09:55:00Z","2016-12-26T10:00:00Z",668.62,0.61,0,0,0,0,0,0,
"2016-12-26T10:00:00Z","2016-12-26T10:05:00Z",668.58,0.61,0,0,0,0,0,0,
"2016-12-26T10:05:00Z","2016-12-26T10:10:00Z",668.63,0.61,0,0,0,0,0,0,
"2016-12-26T10:10:00Z","2016-12-26T10:15:00Z",668.54,0.61,0,0,0,0,0,0,
"2016-12-26T10:15:00Z","2016-12-26T10:20:00Z",668.66,0.61,0,0,0,0,0,0,
"2016-12-26T10:20:00Z","2016-12-26T10:25:00Z",668.62,0.61,0,0,0,0,0,0,
"2016-12-26T10:25:00Z","2016-12-26T10:30:00Z",668.62,0.61,0,0,0,0,0,0,
"2016-12-26T10:30:00Z","2016-12-26T10:35:00Z",668.58,0.61,0,0,0,0,0,0,
"2016-12-26T10:35:00Z","2016-12-26T10:40:00Z",668.68,0.61,0,0,0,0,0,0,
"2016-12-26T10:40:00Z","2016-12-26T10:45:00Z",668.59,0.61,0,0,0,0,0,0,
"2016-12-26T10:45:00Z","2016-12-26T10:50:00Z",668.58,0.61,0,0,0,0,0,0,
"2016-12-26T10:50:00Z","2016-12-26T10:55:00Z",668.59,0.61,0,0,0,0,0,0,
"2016-12-26T10:55:00Z","2016-12-26T11:00:00Z",668.61,0.61,0,0,0,0,0,0,
"2016-12-26T11:00:00Z","2016-12-26T11:05:00Z",668.51,0.61,0,0,0,0,0,0,
"2016-12-26T11:05:00Z","2016-12-26T11:10:00Z",668.58,0.61,0,0,0,0,0,0,
"2016-12-26T11:10:00Z","2016-12-26T11:15:00Z",668.61,0.61,0,0,0,0,0,0,
"2016-12-26T11:15:00Z","2016-12-26T11:20:00Z",668.52,0.61,0,0,0,0,0,0,
"2016-12-26T11:20:00Z","2016-12-26T11:25:00Z",668.57,0.61,0,0,0,0,0,0,
"2016-12-26T11:25:00Z","2016-12-26T11:30:00Z",668.59,0.61,0,0,0,0,0,0,
"2016-12-26T11:30:00Z","2016-12-26T11:35:00Z",668.64,0.61,0,0,0,0,0,0,
"2016-12-26T11:35:00Z","2016-12-26T11:40:00Z",668.56,0.61,0,0,0,0,0,0,
"2016-12-26T11:40:00Z","2016-12-26T11:45:00Z",668.64,0.61,0,0,0,0,0,0,
"2016-12-26T11:45:00Z","2016-12-26T11:50:00Z",668.61,0.61,0,0,0,0,0,0,
"2016-12-26T11:50:00Z","2016-12-26T11:55:00Z",668.65,0.61,0,0,0,0,0,0,
"2016-12-26T11:55:00Z","2016-12-26T12:00:00Z",668.58,0.61,0,0,0,0,0,0,
"2016-12-26T12:00:00Z","2016-12-26T12:05:00Z",668.58,0.61,0,0,0,0,0,0,
"2016-12-26T12:05:00Z","2016-12-26T12:10:00Z",668.65,0.61,0,0,0,0,0,0,
"2016-12-26T12:10:00Z","2016-12-26T12:15:00Z",668.65,0.61,0,0,0,0,0,0,
"2016-12-26T12:15:00Z","2016-12-26T12:20:00Z",668.63,0.61,0,0,0,0,0,0,
"2016-12-26T12:20:00Z","2016-12-26T12:25:00Z",668.68,0.61,0,0,0,0,0,0,
"2016-12-26T12:25:00Z","2016-12-26T12:30:00Z",668.74,0.61,0,0,0,0,0,0,
"2016-12-26T12:30:00Z","2016-12-26T12:35:00Z",668.66,0.61,0,0,0,0,0,0,
"2016-12-26T12:35:00Z","2016-12-26T12:40:00Z",668.75,0.61,0,0,0,0,0,0,
"2016-12-26T12:40:00Z","2016-12-26T12:45:00Z",668.68,0.61,0,0,0,0,0,0,
"2016-12-26T12:45:00Z","2016-12-26T12:50:00Z",668.86,0.61,0,0,0,0,0,0,
"2016-12-26T12:50:00Z","2016-12-26T12:55:00Z",668.80,0.61,0,0,0,0,0,0,
"2016-12-26T12:55:00Z","2016-12-26T13:00:00Z",668.84,0.61,0,0,0,0,0,0,
"2016-12-26T13:00:00Z","2016-12-26T13:05:00Z",668.86,0.61,0,0,0,0,0,0,
"2016-12-26T13:05:00Z","2016-12-26T13:10:00Z",668.84,0.61,0,0,0,0,0,0,
"2016-12-26T13:10:00Z","2016-12-26T13:15:00Z",668.81,0.61,0,0,0,0,0,0,
"2016-12-26T13:15:00Z","2016-12-26T13:20:00Z",668.84,0.61,0,0,0,0,0,0,
"2016-12-26T13:20:00Z","2016-12-26T13:25:00Z",668.91,0.61,0,0,0,0,0,0,
"2016-12-26T13:25:00Z","2016-12-26T13:30:00Z",668.87,0.61,0,0,0,0,0,0,
"2016-12-26T13:30:00Z","2016-12-26T13:35:00Z",668.96,0.61,0,0,0,0,0,0,
"2016-12-26T13:35:00Z","2016-12-26T13:40:00Z",668.94,0.61,0,0,0,0,0,0,
"2016-12-26T13:40:00Z","2016-12-26T13:45:00Z",669.00,0.61,0,0,0,0,0,0,
"2016-12-26T13:45:00Z","2016-12-26T13:50:00Z",669.06,0.61,0,0,0,0,0,0,
"2016-12-26T13:50:00Z","2016-12-26T13:55:00Z",669.06,0.61,0,0,0,0,0,0,
"2016-12-26T13:55:00Z","2016-12-26T14:00:00Z",669.11,0.61,0,0,0,0,0,0,
"2016-12-26T14:00:00Z","2016-12-26T14:05:00Z",669.12,0.61,0,0,0,0,0,0,
"2016-12-26T14:05:00Z","2016-12-26T14:10:00Z",669.21,0.61,0,0,0,0,0,0,
"2016-12-26T14:10:00Z","2016-12-26T14:15:00Z",669.19,0.61,0,0,0,0,0,0,
"2016-12-26T14:15:00Z","2016-12-26T14:20:00Z",669.24,0.61,0,0,0,0,0,0,
"2016-12-26T14:20:00Z","2016-12-26T14:25:00Z",669.31,0.61,0,0,0,0,0,0,
"2016-12-26T14:25:00Z","2016-12-26T14:30:00Z",669.28,0.61,0,0,0,0,0,0,
"2016-12-26T14:30:00Z","2016-12-26T14:35:00Z",669.20,0.61,0,0,0,0,0,0,
"2016-12-26T14:35:00Z","2016-12-26T14:40:00Z",669.17,0.61,0,0,0,0,0,0,
"2016-12-26T14:40:00Z","2016-12-26T14:45:00Z",669.14,0.61,0,0,0,0,0,0,
"2016-12-26T14:45:00Z","2016-12-26T14:50:00Z",669.14,0.61,0,0,0,0,0,0,
"2016-12-26T14:50:00Z","2016-12-26T14:55:00Z",669.12,0.61,0,0,0,0,0,0,
"2016-12-26T14:55:00Z","2016-12-26T15:00:00Z",669.09,0.61,0,0,0,0,0,0,
"2016-12-26T15:00:00Z","2016-12-26T15:05:00Z",669.08,0.61,0,0,0,0,0,0,
"2016-12-26T15:05:00Z","2016-12-26T15:10:00Z",669.18,0.61,0,0,0,0,0,0,
"2016-12-26T15:10:00Z","2016-12-26T15:15:00Z",669.22,0.61,0,0,0,0,0,0,
"2016-12-26T15:15:00Z","2016-12-26T15:20:00Z",669.13,0.61,0,0,0,0,0,0,
"2016-12-26T15:20:00Z","2016-12-26T15:25:00Z",669.13,0.61,0,0,0,0,0,0,
"2016-12-26T15:25:00Z","2016-12-26T15:30:00Z",669.15,0.61,0,0,0,0,0,0,
"2016-12-26T15:30:00Z","2016-12-26T15:35:00Z",669.07,0.61,0,0,0,0,0,0,
"2016-12-26T15:35:00Z","2016-12-26T15:40:00Z",669.25,0.61,0,0,0,0,0,0,
"2016-12-26T15:40:00Z","2016-12-26T15:45:00Z",669.13,0.61,0,0,0,0,0,0,
"2016-12-26T15:45:00Z","2016-12-26T15:50:00Z",669.12,0.61,0,0,0,0,0,0,
"2016-12-26T15:50:00Z","2016-12-26T15:55:00Z",669.11,0.61,0,0,0,0,0,0,
"2016-12-26T15:55:00Z","2016-12-26T16:00:00Z",669.15,0.62,0,0,0,0,0,0,
"2016-12-26T16:00:00Z","2016-12-26T16:05:00Z",669.13,0.61,0,0,0,0,0,0,
"2016-12-26T16:05:00Z","2016-12-26T16:10:00Z",669.19,0.61,0,0,0,0,0,0,
"2016-12-26T16:10:00Z","2016-12-26T16:15:00Z",669.13,0.61,0,0,0,0,0,0,
"2016-12-26T16:15:00Z","2016-12-26T16:20:00Z",669.21,0.61,0,0,0,0,0,0,
"2016-12-26T16:20:00Z","2016-12-26T16:25:00Z",669.22,0.61,0,0,0,0,0,0,
"2016-12-26T16:25:00Z","2016-12-26T16:30:00Z",669.25,0.61,0,0,0,0,0,0,
"2016-12-26T16:30:00Z","2016-12-26T16:35:00Z",669.27,0.61,0,0,0,0,0,0,
"2016-12-26T16:35:00Z","2016-12-26T16:40:00Z",669.31,0.61,0,0,0,0,0,0,
"2016-12-26T16:40:00Z","2016-12-26T16:45:00Z",669.25,0.61,0,0,0,0,0,0,
"2016-12-26T16:45:00Z","2016-12-26T16:50:00Z",669.25,0.61,0,0,0,0,0,0,
"2016-12-26T16:50:00Z","2016-12-26T16:55:00Z",669.23,0.61,0,0,0,0,0,0,
"2016-12-26T16:55:00Z","2016-12-26T17:00:00Z",669.33,0.61,0,0,0,0,0,0,
"2016-12-26T17:00:00Z","2016-12-26T17:05:00Z",669.23,0.61,0,0,0,0,0,0,
"2016-12-26T17:05:00Z","2016-12-26T17:10:00Z",669.30,0.61,0,0,0,0,0,0,
"2016-12-26T17:10:00Z","2016-12-26T17:15:00Z",669.38,0.61,0,0,0,0,0,0,
"2016-12-26T17:15:00Z","2016-12-26T17:20:00Z",669.27,0.61,0,0,0,0,0,0,
"2016-12-26T17:20:00Z","2016-12-26T17:25:00Z",669.34,0.61,0,0,0,0,0,0,
"2016-12-26T17:25:00Z","2016-12-26T17:30:00Z",669.36,0.61,0,0,0,0,0,0,
"2016-12-26T17:30:00Z","2016-12-26T17:35:00Z",669.36,0.61,0,0,0,0,0,0,
"2016-12-26T17:35:00Z","2016-12-26T17:40:00Z",669.37,0.61,0,0,0,0,0,0,
"2016-12-26T17:40:00Z","2016-12-26T17:45:00Z",669.31,0.61,0,0,0,0,0,0,
"2016-12-26T17:45:00Z","2016-12-26T17:50:00Z",669.39,0.61,0,0,0,0,0,0,
"2016-12-26T17:50:00Z","2016-12-26T17:55:00Z",669.32,0.61,0,0,0,0,0,0,
"2016-12-26T17:55:00Z","2016-12-26T18:00:00Z",669.33,0.61,0,0,0,0,0,0,
"2016-12-26T18:00:00Z","2016-12-26T18:05:00Z",669.28,0.61,0,0,0,0,0,0,
"2016-12-26T18:05:00Z","2016-12-26T18:10:00Z",669.31,0.61,0,0,0,0,0,0,
"2016-12-26T18:10:00Z","2016-12-26T18:15:00Z",669.23,0.61,0,0,0,0,0,0,
"2016-12-26T18:15:00Z","2016-12-26T18:20:00Z",669.31,0.61,0,0,0,0,0,0,
"2016-12-26T18:20:00Z","2016-12-26T18:25:00Z",669.47,0.61,0,0,0,0,0,0,
"2016-12-26T18:25:00Z","2016-12-26T18:30:00Z",669.16,0.61,0,0,0,0,0,0,
"2016-12-26T18:30:00Z","2016-12-26T18:35:00Z",669.24,0.61,0,0,0,0,0,0,
"2016-12-26T18:35:00Z","2016-12-26T18:40:00Z",669.13,0.61,0,0,0,0,0,0,
"2016-12-26T18:40:00Z","2016-12-26T18:45:00Z",669.21,0.61,0,0,0,0,0,0,
"2016-12-26T18:45:00Z","2016-12-26T18:50:00Z",669.07,0.61,0,0,0,0,0,0,
"2016-12-26T18:50:00Z","2016-12-26T18:55:00Z",669.07,0.61,0,0,0,0,0,0,
"2016-12-26T18:55:00Z","2016-12-26T19:00:00Z",669.10,0.61,0,0,0,0,0,0,
"2016-12-26T19:00:00Z","2016-12-26T19:05:00Z",669.09,0.61,0,0,0,0,0,0,
"2016-12-26T19:05:00Z","2016-12-26T19:10:00Z",669.06,0.61,0,0,0,0,0,0,
"2016-12-26T19:10:00Z","2016-12-26T19:15:00Z",669.05,0.61,0,0,0,0,0,0,
"2016-12-26T19:15:00Z","2016-12-26T19:20:00Z",669.06,0.61,0,0,0,0,0,0,
"2016-12-26T19:20:00Z","2016-12-26T19:25:00Z",669.09,0.61,0,0,0,0,0,0,
"2016-12-26T19:25:00Z","2016-12-26T19:30:00Z",668.97,0.61,0,0,0,0,0,0,
"2016-12-26T19:30:00Z","2016-12-26T19:35:00Z",669.11,0.61,0,0,0,0,0,0,
"2016-12-26T19:35:00Z","2016-12-26T19:40:00Z",669.08,0.61,0,0,0,0,0,0,
"2016-12-26T19:40:00Z","2016-12-26T19:45:00Z",669.07,0.61,0,0,0,0,0,0,
"2016-12-26T19:45:00Z","2016-12-26T19:50:00Z",668.95,0.61,0,0,0,0,0,0,
"2016-12-26T19:50:00Z","2016-12-26T19:55:00Z",669.08,0.61,0,0,0,0,0,0,
"2016-12-26T19:55:00Z","2016-12-26T20:00:00Z",668.90,0.61,0,0,0,0,0,0,
"2016-12-26T20:00:00Z","2016-12-26T20:05:00Z",669.04,0.61,0,0,0,0,0,0,
"2016-12-26T20:05:00Z","2016-12-26T20:10:00Z",668.87,0.61,0,0,0,0,0,0,
"2016-12-26T20:10:00Z","2016-12-26T20:15:00Z",668.90,0.61,0,0,0,0,0,0,
"2016-12-26T20:15:00Z","2016-12-26T20:20:00Z",668.89,0.61,0,0,0,0,0,0,
"2016-12-26T20:20:00Z","2016-12-26T20:25:00Z",668.87,0.61,0,0,0,0,0,0,
"2016-12-26T20:25:00Z","2016-12-26T20:30:00Z",668.80,0.61,0,0,0,0,0,0,
"2016-12-26T20:30:00Z","2016-12-26T20:35:00Z",668.91,0.61,0,0,0,0,0,0,
"2016-12-26T20:35:00Z","2016-12-26T20:40:00Z",668.72,0.61,0,0,0,0,0,0,
"2016-12-26T20:40:00Z","2016-12-26T20:45:00Z",668.70,0.61,0,0,0,0,0,0,
"2016-12-26T20:45:00Z","2016-12-26T20:50:00Z",668.78,0.61,0,0,0,0,0,0,
"2016-12-26T20:50:00Z","2016-12-26T20:55:00Z",668.62,0.61,0,0,0,0,0,0,
"2016-12-26T20:55:00Z","2016-12-26T21:00:00Z",668.61,0.61,0,0,0,0,0,0,
"2016-12-26T21:00:00Z","2016-12-26T21:05:00Z",668.63,0.61,0,0,0,0,0,0,
"2016-12-26T21:05:00Z","2016-12-26T21:10:00Z",668.68,0.61,0,0,0,0,0,0,
"2016-12-26T21:10:00Z","2016-12-26T21:15:00Z",668.57,0.61,0,0,0,0,0,0,
"2016-12-26T21:15:00Z","2016-12-26T21:20:00Z",668.53,0.61,0,0,0,0,0,0,
"2016-12-26T21:20:00Z","2016-12-26T21:25:00Z",668.49,0.61,0,0,0,0,0,0,
"2016-12-26T21:25:00Z","2016-12-26T21:30:00Z",668.58,0.61,0,0,0,0,0,0,
"2016-12-26T21:30:00Z","2016-12-26T21:35:00Z",668.55,0.61,0,0,0,0,0,0,
"2016-12-26T21:35:00Z","2016-12-26T21:40:00Z",668.42,0.61,0,0,0,0,0,0,
"2016-12-26T21:40:00Z","2016-12-26T21:45:00Z",668.37,0.61,0,0,0,0,0,0,
"2016-12-26T21:45:00Z","2016-12-26T21:50:00Z",668.38,0.61,0,0,0,0,0,0,
"2016-12-26T21:50:00Z","2016-12-26T21:55:00Z",668.43,0.61,0,0,0,0,0,0,
"2016-12-26T21:55:00Z","2016-12-26T22:00:00Z",668.35,0.61,0,0,0,0,0,0,
"2016-12-26T22:00:00Z","2016-12-26T22:05:00Z",668.41,0.61,0,0,0,0,0,0,
"2016-12-26T22:05:00Z","2016-12-26T22:10:00Z",668.28,0.61,0,0,0,0,0,0,
"2016-12-26T22:10:00Z","2016-12-26T22:15:00Z",668.42,0.61,0,0,0,0,0,0,
"2016-12-26T22:15:00Z","2016-12-26T22:20:00Z",668.33,0.61,0,0,0,0,0,0,
"2016-12-26T22:20:00Z","2016-12-26T22:25:00Z",668.20,0.61,0,0,0,0,0,0,
"2016-12-26T22:25:00Z","2016-12-26T22:30:00Z",668.29,0.61,0,0,0,0,0,0,
"2016-12-26T22:30:00Z","2016-12-26T22:35:00Z",668.32,0.61,0,0,0,0,0,0,
"2016-12-26T22:35:00Z","2016-12-26T22:40:00Z",668.29,0.61,0,0,0,0,0,0,
"2016-12-26T22:40:00Z","2016-12-26T22:45:00Z",668.28,0.61,0,0,0,0,0,0,
"2016-12-26T22:45:00Z","2016-12-26T22:50:00Z",668.32,0.61,0,0,0,0,0,0,
"2016-12-26T22:50:00Z","2016-12-26T22:55:00Z",668.27,0.61,0,0,0,0,0,0,
"2016-12-26T22:55:00Z","2016-12-26T23:00:00Z",668.22,0.61,0,0,0,0,0,0,
"2016-12-26T23:00:00Z","2016-12-26T23:05:00Z",668.34,0.61,0,0,0,0,0,0,
"2016-12-26T23:05:00Z","2016-12-26T23:10:00Z",668.32,0.61,0,0,0,0,0,0,
"2016-12-26T23:10:00Z","2016-12-26T23:15:00Z",668.27,0.61,0,0,0,0,0,0,
"2016-12-26T23:15:00Z","2016-12-26T23:20:00Z",668.23,0.61,0,0,0,0,0,0,
"2016-12-26T23:20:00Z","2016-12-26T23:25:00Z",668.20,0.61,0,0,0,0,0,0,
"2016-12-26T23:25:00Z","2016-12-26T23:30:00Z",668.30,0.61,0,0,0,0,0,0,
"2016-12-26T23:30:00Z","2016-12-26T23:35:00Z",668.27,0.61,0,0,0,0,0,0,
"2016-12-26T23:35:00Z","2016-12-26T23:40:00Z",668.27,0.61,0,0,0,0,0,0,
"2016-12-26T23:40:00Z","2016-12-26T23:45:00Z",668.35,0.61,0,0,0,0,0,0,
"2016-12-26T23:45:00Z","2016-12-26T23:50:00Z",668.30,0.61,0,0,0,0,0,0,
"2016-12-26T23:50:00Z","2016-12-26T23:55:00Z",668.35,0.61,0,0,0,0,0,0,
"2016-12-26T23:55:00Z","2016-12-27T00:00:00Z",668.37,0.61,0,0,0,0,0,0,
"2016-12-27T00:00:00Z","2016-12-27T00:05:00Z",668.40,0.61,0,0,0,0,0,0,
"2016-12-27T00:05:00Z","2016-12-27T00:10:00Z",668.46,0.61,0,0,0,0,0,0,
"2016-12-27T00:10:00Z","2016-12-27T00:15:00Z",668.44,0.61,0,0,0,0,0,0,
"2016-12-27T00:15:00Z","2016-12-27T00:20:00Z",668.45,0.61,0,0,0,0,0,0,
"2016-12-27T00:20:00Z","2016-12-27T00:25:00Z",668.57,0.61,0,0,0,0,0,0,
"2016-12-27T00:25:00Z","2016-12-27T00:30:00Z",668.64,0.61,0,0,0,0,0,0,
"2016-12-27T00:30:00Z","2016-12-27T00:35:00Z",668.60,0.61,0,0,0,0,0,0,
"2016-12-27T00:35:00Z","2016-12-27T00:40:00Z",668.73,0.61,0,0,0,0,0,0,
"2016-12-27T00:40:00Z","2016-12-27T00:45:00Z",668.67,0.61,0,0,0,0,0,0,
"2016-12-27T00:45:00Z","2016-12-27T00:50:00Z",668.73,0.61,0,0,0,0,0,0,
"2016-12-27T00:50:00Z","2016-12-27T00:55:00Z",668.75,0.61,0,0,0,0,0,0,
"2016-12-27T00:55:00Z","2016-12-27T01:00:00Z",668.77,0.61,0,0,0,0,0,0,
"2016-12-27T01:00:00Z","2016-12-27T01:05:00Z",668.77,0.61,0,0,0,0,0,0,
"2016-12-27T01:05:00Z","2016-12-27T01:10:00Z",668.88,0.61,0,0,0,0,0,0,
"2016-12-27T01:10:00Z","2016-12-27T01:15:00Z",668.89,0.61,0,0,0,0,0,0,
"2016-12-27T01:15:00Z","2016-12-27T01:20:00Z",668.93,0.61,0,0,0,0,0,0,
"2016-12-27T01:20:00Z","2016-12-27T01:25:00Z",668.88,0.61,0,0,0,0,0,0,
"2016-12-27T01:25:00Z","2016-12-27T01:30:00Z",668.89,0.61,0,0,0,0,0,0,
"2016-12-27T01:30:00Z","2016-12-27T01:35:00Z",668.93,0.61,0,0,0,0,0,0,
"2016-12-27T01:35:00Z","2016-12-27T01:40:00Z",669.03,0.61,0,0,0,0,0,0,
"2016-12-27T01:40:00Z","2016-12-27T01:45:00Z",669.04,0.61,0,0,0,0,0,0,
"2016-12-27T01:45:00Z","2016-12-27T01:50:00Z",669.06,0.61,0,0,0,0,0,0,
"2016-12-27T01:50:00Z","2016-12-27T01:55:00Z",669.06,0.61,0,0,0,0,0,0,
"2016-12-27T01:55:00Z","2016-12-27T02:00:00Z",669.12,0.61,0,0,0,0,0,0,
"2016-12-27T02:00:00Z","2016-12-27T02:05:00Z",669.16,0.61,0,0,0,0,0,0,
"2016-12-27T02:05:00Z","2016-12-27T02:10:00Z",669.11,0.61,0,0,0,0,0,0,
"2016-12-27T02:10:00Z","2016-12-27T02:15:00Z",669.19,0.61,0,0,0,0,0,0,
"2016-12-27T02:15:00Z","2016-12-27T02:20:00Z",669.19,0.61,0,0,0,0,0,0,
"2016-12-27T02:20:00Z","2016-12-27T02:25:00Z",669.13,0.61,0,0,0,0,0,0,
"2016-12-27T02:25:00Z","2016-12-27T02:30:00Z",669.21,0.61,0,0,0,0,0,0,
"2016-12-27T02:30:00Z","2016-12-27T02:35:00Z",669.27,0.61,0,0,0,0,0,0,
"2016-12-27T02:35:00Z","2016-12-27T02:40:00Z",669.36,0.61,0,0,0,0,0,0,
"2016-12-27T02:40:00Z","2016-12-27T02:45:00Z",669.26,0.61,0,0,0,0,0,0,
"2016-12-27T02:45:00Z","2016-12-27T02:50:00Z",669.39,0.61,0,0,0,0,0,0,
"2016-12-27T02:50:00Z","2016-12-27T02:55:00Z",669.30,0.61,0,0,0,0,0,0,
"2016-12-27T02:55:00Z","2016-12-27T03:00:00Z",669.34,0.61,0,0,0,0,0,0,
"2016-12-27T03:00:00Z","2016-12-27T03:05:00Z",669.39,0.61,0,0,0,0,0,0,
"2016-12-27T03:05:00Z","2016-12-27T03:10:00Z",669.39,0.61,0,0,0,0,0,0,
"2016-12-27T03:10:00Z","2016-12-27T03:15:00Z",669.45,0.61,0,0,0,0,0,0,
"2016-12-27T03:15:00Z","2016-12-27T03:20:00Z",669.47,0.61,0,0,0,0,0,0,
"2016-12-27T03:20:00Z","2016-12-27T03:25:00Z",669.36,0.61,0,0,0,0,0,0,
"2016-12-27T03:25:00Z","2016-12-27T03:30:00Z",669.40,0.61,0,0,0,0,0,0,
"2016-12-27T03:30:00Z","2016-12-27T03:35:00Z",669.37,0.61,0,0,0,0,0,0,
"2016-12-27T03:35:00Z","2016-12-27T03:40:00Z",669.39,0.61,0,0,0,0,0,0,
"2016-12-27T03:40:00Z","2016-12-27T03:45:00Z",669.36,0.61,0,0,0,0,0,0,
"2016-12-27T03:45:00Z","2016-12-27T03:50:00Z",669.36,0.61,0,0,0,0,0,0,
"2016-12-27T03:50:00Z","2016-12-27T03:55:00Z",669.37,0.61,0,0,0,0,0,0,
"2016-12-27T03:55:00Z","2016-12-27T04:00:00Z",669.43,0.61,0,0,0,0,0,0,
"2016-12-27T04:00:00Z","2016-12-27T04:05:00Z",669.40,0.61,0,0,0,0,0,0,
"2016-12-27T04:05:00Z","2016-12-27T04:10:00Z",669.51,0.61,0,0,0,0,0,0,
"2016-12-27T04:10:00Z","2016-12-27T04:15:00Z",669.44,0.61,0,0,0,0,0,0,
"2016-12-27T04:15:00Z","2016-12-27T04:20:00Z",669.43,0.61,0,0,0,0,0,0,
"2016-12-27T04:20:00Z","2016-12-27T04:25:00Z",669.45,0.61,0,0,0,0,0,0,
"2016-12-27T04:25:00Z","2016-12-27T04:30:00Z",669.52,0.61,0,0,0,0,0,0,
"2016-12-27T04:30:00Z","2016-12-27T04:35:00Z",669.48,0.61,0,0,0,0,0,0,
"2016-12-27T04:35:00Z","2016-12-27T04:40:00Z",669.54,0.61,0,0,0,0,0,0,
"2016-12-27T04:40:00Z","2016-12-27T04:45:00Z",669.49,0.61,0,0,0,0,0,0,
"2016-12-27T04:45:00Z","2016-12-27T04:50:00Z",669.49,0.61,0,0,0,0,0,0,
"2016-12-27T04:50:00Z","2016-12-27T04:55:00Z",669.56,0.61,0,0,0,0,0,0,
"2016-12-27T04:55:00Z","2016-12-27T05:00:00Z",669.57,0.61,0,0,0,0,0,0,
"2016-12-27T05:00:00Z","2016-12-27T05:05:00Z",669.55,0.61,0,0,0,0,0,0,
"2016-12-27T05:05:00Z","2016-12-27T05:10:00Z",669.57,0.61,0,0,0,0,0,0,
"2016-12-27T05:10:00Z","2016-12-27T05:15:00Z",669.46,0.61,0,0,0,0,0,0,
"2016-12-27T05:15:00Z","2016-12-27T05:20:00Z",669.58,0.61,0,0,0,0,0,0,
"2016-12-27T05:20:00Z","2016-12-27T05:25:00Z",669.57,0.61,0,0,0,0,0,0,
"2016-12-27T05:25:00Z","2016-12-27T05:30:00Z",669.55,0.61,0,0,0,0,0,0,
"2016-12-27T05:30:00Z","2016-12-27T05:35:00Z",669.64,0.61,0,0,0,0,0,0,
"2016-12-27T05:35:00Z","2016-12-27T05:40:00Z",669.56,0.61,0,0,0,0,0,0,
"2016-12-27T05:40:00Z","2016-12-27T05:45:00Z",669.59,0.61,0,0,0,0,0,0,
"2016-12-27T05:45:00Z","2016-12-27T05:50:00Z",669.58,0.61,0,0,0,0,0,0,
"2016-12-27T05:50:00Z","2016-12-27T05:55:00Z",669.65,0.61,0,0,0,0,0,0,
"2016-12-27T05:55:00Z","2016-12-27T06:00:00Z",669.61,0.61,0,0,0,0,0,0,
"2016-12-27T06:00:00Z","2016-12-27T06:05:00Z",669.67,0.61,0,0,0,0,0,0,
"2016-12-27T06:05:00Z","2016-12-27T06:10:00Z",669.64,0.61,0,0,0,0,0,0,
"2016-12-27T06:10:00Z","2016-12-27T06:15:00Z",669.70,0.61,0,0,0,0,0,0,
"2016-12-27T06:15:00Z","2016-12-27T06:20:00Z",669.63,0.61,0,0,0,0,0,0,
"2016-12-27T06:20:00Z","2016-12-27T06:25:00Z",669.59,0.61,0,0,0,0,0,0,
"2016-12-27T06:25:00Z","2016-12-27T06:30:00Z",669.62,0.61,0,0,0,0,0,0,
"2016-12-27T06:30:00Z","2016-12-27T06:35:00Z",669.57,0.61,0,0,0,0,0,0,
"2016-12-27T06:35:00Z","2016-12-27T06:40:00Z",669.53,0.61,0,0,0,0,0,0,
"2016-12-27T06:40:00Z","2016-12-27T06:45:00Z",669.62,0.61,0,0,0,0,0,0,
"2016-12-27T06:45:00Z","2016-12-27T06:50:00Z",669.58,0.61,0,0,0,0,0,0,
"2016-12-27T06:50:00Z","2016-12-27T06:55:00Z",669.69,0.61,0,0,0,0,0,0,
"2016-12-27T06:55:00Z","2016-12-27T07:00:00Z",669.58,0.61,0,0,0,0,0,0,
"2016-12-27T07:00:00Z","2016-12-27T07:05:00Z",669.68,0.61,0,0,0,0,0,0,
"2016-12-27T07:05:00Z","2016-12-27T07:10:00Z",669.65,0.61,0,0,0,0,0,0,
"2016-12-27T07:10:00Z","2016-12-27T07:15:00Z",669.55,0.61,0,0,0,0,0,0,
"2016-12-27T07:15:00Z","2016-12-27T07:20:00Z",669.65,0.61,0,0,0,0,0,0,
"2016-12-27T07:20:00Z","2016-12-27T07:25:00Z",669.69,0.61,0,0,0,0,0,0,
"2016-12-27T07:25:00Z","2016-12-27T07:30:00Z",669.73,0.61,0,0,0,0,0,0,
"2016-12-27T07:30:00Z","2016-12-27T07:35:00Z",669.65,0.61,0,0,0,0,0,0,
"2016-12-27T07:35:00Z","2016-12-27T07:40:00Z",669.66,0.61,0,0,0,0,0,0,
"2016-12-27T07:40:00Z","2016-12-27T07:45:00Z",669.60,0.61,0,0,0,0,0,0,
"2016-12-27T07:45:00Z","2016-12-27T07:50:00Z",669.62,0.61,0,0,0,0,0,0,
"2016-12-27T07:50:00Z","2016-12-27T07:55:00Z",669.63,0.61,0,0,0,0,0,0,
"2016-12-27T07:55:00Z","2016-12-27T08:00:00Z",669.58,0.61,0,0,0,0,0,0,
"2016-12-27T08:00:00Z","2016-12-27T08:05:00Z",669.60,0.61,0,0,0,0,0,0,
"2016-12-27T08:05:00Z","2016-12-27T08:10:00Z",669.64,0.61,0,0,0,0,0,0,
"2016-12-27T08:10:00Z","2016-12-27T08:15:00Z",669.70,0.61,0,0,0,0,0,0,
"2016-12-27T08:15:00Z","2016-12-27T08:20:00Z",669.70,0.61,0,0,0,0,0,0,
"2016-12-27T08:20:00Z","2016-12-27T08:25:00Z",669.71,0.61,0,0,0,0,0,0,
"2016-12-27T08:25:00Z","2016-12-27T08:30:00Z",669.77,0.61,0,0,0,0,0,0,
"2016-12-27T08:30:00Z","2016-12-27T08:35:00Z",669.79,0.61,0,0,0,0,0,0,
"2016-12-27T08:35:00Z","2016-12-27T08:40:00Z",669.79,0.61,0,0,0,0,0,0,
"2016-12-27T08:40:00Z","2016-12-27T08:45:00Z",669.71,0.61,0,0,0,0,0,0,
"2016-12-27T08:45:00Z","2016-12-27T08:50:00Z",669.75,0.61,0,0,0,0,0,0,
"2016-12-27T08:50:00Z","2016-12-27T08:55:00Z",669.71,0.61,0,0,0,0,0,0,
"2016-12-27T08:55:00Z","2016-12-27T09:00:00Z",669.71,0.61,0,0,0,0,0,0,
"2016-12-27T09:00:00Z","2016-12-27T09:05:00Z",669.72,0.61,0,0,0,0,0,0,
"2016-12-27T09:05:00Z","2016-12-27T09:10:00Z",669.65,0.61,0,0,0,0,0,0,
"2016-12-27T09:10:00Z","2016-12-27T09:15:00Z",669.52,0.61,0,0,0,0,0,0,
"2016-12-27T09:15:00Z","2016-12-27T09:20:00Z",669.64,0.61,0,0,0,0,0,0,
"2016-12-27T09:20:00Z","2016-12-27T09:25:00Z",669.53,0.61,0,0,0,0,0,0,
"2016-12-27T09:25:00Z","2016-12-27T09:30:00Z",669.52,0.61,0,0,0,0,0,0,
"2016-12-27T09:30:00Z","2016-12-27T09:35:00Z",669.67,0.61,0,0,0,0,0,0,
"2016-12-27T09:35:00Z","2016-12-27T09:40:00Z",669.49,0.61,0,0,0,0,0,0,
"2016-12-27T09:40:00Z","2016-12-27T09:45:00Z",669.59,0.61,0,0,0,0,0,0,
"2016-12-27T09:45:00Z","2016-12-27T09:50:00Z",669.51,0.61,0,0,0,0,0,0,
"2016-12-27T09:50:00Z","2016-12-27T09:55:00Z",669.48,0.61,0,0,0,0,0,0,
"2016-12-27T09:55:00Z","2016-12-27T10:00:00Z",669.41,0.61,0,0,0,0,0,0,
"2016-12-27T10:00:00Z","2016-12-27T10:05:00Z",669.31,0.61,0,0,0,0,0,0,
"2016-12-27T10:05:00Z","2016-12-27T10:10:00Z",669.42,0.61,0,0,0,0,0,0,
"2016-12-27T10:10:00Z","2016-12-27T10:15:00Z",669.20,0.61,0,0,0,0,0,0,
"2016-12-27T10:15:00Z","2016-12-27T10:20:00Z",669.23,0.61,0,0,0,0,0,0,
"2016-12-27T10:20:00Z","2016-12-27T10:25:00Z",669.15,0.61,0,0,0,0,0,0,
"2016-12-27T10:25:00Z","2016-12-27T10:30:00Z",669.18,0.61,0,0,0,0,0,0,
"2016-12-27T10:30:00Z","2016-12-27T10:35:00Z",669.08,0.61,0,0,0,0,0,0,
"2016-12-27T10:35:00Z","2016-12-27T10:40:00Z",669.02,0.61,0,0,0,0,0,0,
"2016-12-27T10:40:00Z","2016-12-27T10:45:00Z",669.04,0.61,0,0,0,0,0,0,
"2016-12-27T10:45:00Z","2016-12-27T10:50:00Z",669.09,0.61,0,0,0,0,0,0,
"2016-12-27T10:50:00Z","2016-12-27T10:55:00Z",668.96,0.61,0,0,0,0,0,0,
"2016-12-27T10:55:00Z","2016-12-27T11:00:00Z",668.95,0.61,0,0,0,0,0,0,
"2016-12-27T11:00:00Z","2016-12-27T11:05:00Z",669.02,0.61,0,0,0,0,0,0,
"2016-12-27T11:05:00Z","2016-12-27T11:10:00Z",669.01,0.61,0,0,0,0,0,0,
"2016-12-27T11:10:00Z","2016-12-27T11:15:00Z",668.98,0.61,0,0,0,0,0,0,
"2016-12-27T11:15:00Z","2016-12-27T11:20:00Z",668.86,0.61,0,0,0,0,0,0,
"2016-12-27T11:20:00Z","2016-12-27T11:25:00Z",668.95,0.61,0,0,0,0,0,0,
"2016-12-27T11:25:00Z","2016-12-27T11:30:00Z",668.90,0.61,0,0,0,0,0,0,
"2016-12-27T11:30:00Z","2016-12-27T11:35:00Z",668.89,0.61,0,0,0,0,0,0,
"2016-12-27T11:35:00Z","2016-12-27T11:40:00Z",668.83,0.61,0,0,0,0,0,0,
"2016-12-27T11:40:00Z","2016-12-27T11:45:00Z",668.92,0.61,0,0,0,0,0,0,
"2016-12-27T11:45:00Z","2016-12-27T11:50:00Z",668.83,0.61,0,0,0,0,0,0,
"2016-12-27T11:50:00Z","2016-12-27T11:55:00Z",668.81,0.61,0,0,0,0,0,0,
"2016-12-27T11:55:00Z","2016-12-27T12:00:00Z",668.87,0.61,0,0,0,0,0,0,
"2016-12-27T12:00:00Z","2016-12-27T12:05:00Z",668.77,0.61,0,0,0,0,0,0,
"2016-12-27T12:05:00Z","2016-12-27T12:10:00Z",668.89,0.61,0,0,0,0,0,0,
"2016-12-27T12:10:00Z","2016-12-27T12:15:00Z",668.76,0.61,0,0,0,0,0,0,
"2016-12-27T12:15:00Z","2016-12-27T12:20:00Z",668.83,0.61,0,0,0,0,0,0,
"2016-12-27T12:20:00Z","2016-12-27T12:25:00Z",668.85,0.61,0,0,0,0,0,0,
"2016-12-27T12:25:00Z","2016-12-27T12:30:00Z",668.88,0.61,0,0,0,0,0,0,
"2016-12-27T12:30:00Z","2016-12-27T12:35:00Z",668.81,0.61,0,0,0,0,0,0,
"2016-12-27T12:35:00Z","2016-12-27T12:40:00Z",668.88,0.61,0,0,0,0,0,0,
"2016-12-27T12:40:00Z","2016-12-27T12:45:00Z",668.93,0.61,0,0,0,0,0,0,
"2016-12-27T12:45:00Z","2016-12-27T12:50:00Z",668.80,0.61,0,0,0,0,0,0,
"2016-12-27T12:50:00Z","2016-12-27T12:55:00Z",668.87,0.61,0,0,0,0,0,0,
"2016-12-27T12:55:00Z","2016-12-27T13:00:00Z",668.96,0.61,0,0,0,0,0,0,
"2016-12-27T13:00:00Z","2016-12-27T13:05:00Z",668.94,0.61,0,0,0,0,0,0,
"2016-12-27T13:05:00Z","2016-12-27T13:10:00Z",669.00,0.61,0,0,0,0,0,0,
"2016-12-27T13:10:00Z","2016-12-27T13:15:00Z",669.07,0.61,0,0,0,0,0,0,
"2016-12-27T13:15:00Z","2016-12-27T13:20:00Z",669.01,0.61,0,0,0,0,0,0,
"2016-12-27T13:20:00Z","2016-12-27T13:25:00Z",669.12,0.61,0,0,0,0,0,0,
"2016-12-27T13:25:00Z","2016-12-27T13:30:00Z",669.10,0.61,0,0,0,0,0,0,
"2016-12-27T13:30:00Z","2016-12-27T13:35:00Z",669.12,0.61,0,0,0,0,0,0,
"2016-12-27T13:35:00Z","2016-12-27T13:40:00Z",669.20,0.61,0,0,0,0,0,0,
"2016-12-27T13:40:00Z","2016-12-27T13:45:00Z",669.29,0.61,0,0,0,0,0,0,
"2016-12-27T13:45:00Z","2016-12-27T13:50:00Z",669.25,0.61,0,0,0,0,0,0,
"2016-12-27T13:50:00Z","2016-12-27T13:55:00Z",669.28,0.61,0,0,0,0,0,0,
"2016-12-27T13:55:00Z","2016-12-27T14:00:00Z",669.29,0.61,0,0,0,0,0,0,
"2016-12-27T14:00:00Z","2016-12-27T14:05:00Z",669.29,0.61,0,0,0,0,0,0,
"2016-12-27T14:05:00Z","2016-12-27T14:10:00Z",669.33,0.61,0,0,0,0,0,0,
"2016-12-27T14:10:00Z","2016-12-27T14:15:00Z",669.26,0.61,0,0,0,0,0,0,
"2016-12-27T14:15:00Z","2016-12-27T14:20:00Z",669.30,0.61,0,0,0,0,0,0,
"2016-12-27T14:20:00Z","2016-12-27T14:25:00Z",669.41,0.61,0,0,0,0,0,0,
"2016-12-27T14:25:00Z","2016-12-27T14:30:00Z",669.34,0.61,0,0,0,0,0,0,
"2016-12-27T14:30:00Z","2016-12-27T14:35:00Z",669.27,0.61,0,0,0,0,0,0,
"2016-12-27T14:35:00Z","2016-12-27T14:40:00Z",669.34,0.61,0,0,0,0,0,0,
"2016-12-27T14:40:00Z","2016-12-27T14:45:00Z",669.38,0.61,0,0,0,0,0,0,
"2016-12-27T14:45:00Z","2016-12-27T14:50:00Z",669.37,0.61,0,0,0,0,0,0,
"2016-12-27T14:50:00Z","2016-12-27T14:55:00Z",669.36,0.61,0,0,0,0,0,0,
"2016-12-27T14:55:00Z","2016-12-27T15:00:00Z",669.42,0.61,0,0,0,0,0,0,
"2016-12-27T15:00:00Z","2016-12-27T15:05:00Z",669.44,0.61,0,0,0,0,0,0,
"2016-12-27T15:05:00Z","2016-12-27T15:10:00Z",669.38,0.61,0,0,0,0,0,0,
"2016-12-27T15:10:00Z","2016-12-27T15:15:00Z",669.46,0.61,0,0,0,0,0,0,
"2016-12-27T15:15:00Z","2016-12-27T15:20:00Z",669.50,0.61,0,0,0,0,0,0,
"2016-12-27T15:20:00Z","2016-12-27T15:25:00Z",669.55,0.61,0,0,0,0,0,0,
"2016-12-27T15:25:00Z","2016-12-27T15:30:00Z",669.48,0.61,0,0,0,0,0,0,
"2016-12-27T15:30:00Z","2016-12-27T15:35:00Z",669.50,0.61,0,0,0,0,0,0,
"2016-12-27T15:35:00Z","2016-12-27T15:40:00Z",669.49,0.61,0,0,0,0,0,0,
"2016-12-27T15:40:00Z","2016-12-27T15:45:00Z",669.51,0.61,0,0,0,0,0,0,
"2016-12-27T15:45:00Z","2016-12-27T15:50:00Z",669.50,0.61,0,0,0,0,0,0,
"2016-12-27T15:50:00Z","2016-12-27T15:55:00Z",669.49,0.61,0,0,0,0,0,0,
"2016-12-27T15:55:00Z","2016-12-27T16:00:00Z",669.52,0.61,0,0,0,0,0,0,
"2016-12-27T16:00:00Z","2016-12-27T16:05:00Z",669.53,0.61,0,0,0,0,0,0,
"2016-12-27T16:05:00Z","2016-12-27T16:10:00Z",669.55,0.61,0,0,0,0,0,0,
"2016-12-27T16:10:00Z","2016-12-27T16:15:00Z",669.66,0.61,0,0,0,0,0,0,
"2016-12-27T16:15:00Z","2016-12-27T16:20:00Z",669.63,0.61,0,0,0,0,0,0,
"2016-12-27T16:20:00Z","2016-12-27T16:25:00Z",669.61,0.61,0,0,0,0,0,0,
"2016-12-27T16:25:00Z","2016-12-27T16:30:00Z",669.57,0.61,0,0,0,0,0,0,
"2016-12-27T16:30:00Z","2016-12-27T16:35:00Z",669.58,0.61,0,0,0,0,0,0,
"2016-12-27T16:35:00Z","2016-12-27T16:40:00Z",669.71,0.61,0,0,0,0,0,0,
"2016-12-27T16:40:00Z","2016-12-27T16:45:00Z",669.57,0.61,0,0,0,0,0,0,
"2016-12-27T16:45:00Z","2016-12-27T16:50:00Z",669.60,0.61,0,0,0,0,0,0,
"2016-12-27T16:50:00Z","2016-12-27T16:55:00Z",669.50,0.61,0,0,0,0,0,0,
"2016-12-27T16:55:00Z","2016-12-27T17:00:00Z",669.43,0.62,0,0,0,0,0,0,
"2016-12-27T17:00:00Z","2016-12-27T17:05:00Z",669.39,0.61,0,0,0,0,0,0,
"2016-12-27T17:05:00Z","2016-12-27T17:10:00Z",669.49,0.61,0,0,0,0,0,0,
"2016-12-27T17:10:00Z","2016-12-27T17:15:00Z",669.48,0.61,0,0,0,0,0,0,
"2016-12-27T17:15:00Z","2016-12-27T17:20:00Z",669.45,0.61,0,0,0,0,0,0,
"2016-12-27T17:20:00Z","2016-12-27T17:25:00Z",669.56,0.61,0,0,0,0,0,0,
"2016-12-27T17:25:00Z","2016-12-27T17:30:00Z",669.46,0.61,0,0,0,0,0,0,
"2016-12-27T17:30:00Z","2016-12-27T17:35:00Z",669.51,0.61,0,0,0,0,0,0,
"2016-12-27T17:35:00Z","2016-12-27T17:40:00Z",669.63,0.61,0,0,0,0,0,0,
"2016-12-27T17:40:00Z","2016-12-27T17:45:00Z",669.61,0.61,0,0,0,0,0,0,
"2016-12-27T17:45:00Z","2016-12-27T17:50:00Z",669.59,0.61,0,0,0,0,0,0,
"2016-12-27T17:50:00Z","2016-12-27T17:55:00Z",669.62,0.61,0,0,0,0,0,0,
"2016-12-27T17:55:00Z","2016-12-27T18:00:00Z",669.61,0.61,0,0,0,0,0,0,
"2016-12-27T18:00:00Z","2016-12-27T18:05:00Z",669.51,0.61,0,0,0,0,0,0,
"2016-12-27T18:05:00Z","2016-12-27T18:10:00Z",669.59,0.61,0,0,0,0,0,0,
"2016-12-27T18:10:00Z","2016-12-27T18:15:00Z",669.49,0.61,0,0,0,0,0,0,
"2016-12-27T18:15:00Z","2016-12-27T18:20:00Z",669.46,0.61,0,0,0,0,0,0,
"2016-12-27T18:20:00Z","2016-12-27T18:25:00Z",669.42,0.61,0,0,0,0,0,0,
"2016-12-27T18:25:00Z","2016-12-27T18:30:00Z",669.42,0.61,0,0,0,0,0,0,
"2016-12-27T18:30:00Z","2016-12-27T18:35:00Z",669.36,0.61,0,0,0,0,0,0,
"2016-12-27T18:35:00Z","2016-12-27T18:40:00Z",669.42,0.61,0,0,0,0,0,0,
"2016-12-27T18:40:00Z","2016-12-27T18:45:00Z",669.35,0.61,0,0,0,0,0,0,
"2016-12-27T18:45:00Z","2016-12-27T18:50:00Z",669.39,0.61,0,0,0,0,0,0,
"2016-12-27T18:50:00Z","2016-12-27T18:55:00Z",669.39,0.61,0,0,0,0,0,0,
"2016-12-27T18:55:00Z","2016-12-27T19:00:00Z",669.35,0.61,0,0,0,0,0,0,
"2016-12-27T19:00:00Z","2016-12-27T19:05:00Z",669.35,0.61,0,0,0,0,0,0,
"2016-12-27T19:05:00Z","2016-12-27T19:10:00Z",669.41,0.61,0,0,0,0,0,0,
"2016-12-27T19:10:00Z","2016-12-27T19:15:00Z",669.26,0.61,0,0,0,0,0,0,
"2016-12-27T19:15:00Z","2016-12-27T19:20:00Z",669.36,0.61,0,0,0,0,0,0,
"2016-12-27T19:20:00Z","2016-12-27T19:25:00Z",669.40,0.61,0,0,0,0,0,0,
"2016-12-27T19:25:00Z","2016-12-27T19:30:00Z",669.46,0.61,0,0,0,0,0,0,
"2016-12-27T19:30:00Z","2016-12-27T19:35:00Z",669.35,0.61,0,0,0,0,0,0,
"2016-12-27T19:35:00Z","2016-12-27T19:40:00Z",669.37,0.61,0,0,0,0,0,0,
"2016-12-27T19:40:00Z","2016-12-27T19:45:00Z",669.54,0.61,0,0,0,0,0,0,
"2016-12-27T19:45:00Z","2016-12-27T19:50:00Z",669.43,0.61,0,0,0,0,0,0,
"2016-12-27T19:50:00Z","2016-12-27T19:55:00Z",669.50,0.61,0,0,0,0,0,0,
"2016-12-27T19:55:00Z","2016-12-27T20:00:00Z",669.48,0.61,0,0,0,0,0,0,
"2016-12-27T20:00:00Z","2016-12-27T20:05:00Z",669.48,0.61,0,0,0,0,0,0,
"2016-12-27T20:05:00Z","2016-12-27T20:10:00Z",669.43,0.61,0,0,0,0,0,0,
"2016-12-27T20:10:00Z","2016-12-27T20:15:00Z",669.43,0.61,0,0,0,0,0,0,
"2016-12-27T20:15:00Z","2016-12-27T20:20:00Z",669.43,0.61,0,0,0,0,0,0,
"2016-12-27T20:20:00Z","2016-12-27T20:25:00Z",669.38,0.61,0,0,0,0,0,0,
"2016-12-27T20:25:00Z","2016-12-27T20:30:00Z",669.31,0.62,0,0,0,0,0,0,
"2016-12-27T20:30:00Z","2016-12-27T20:35:00Z",669.33,0.61,0,0,0,0,0,0,
"2016-12-27T20:35:00Z","2016-12-27T20:40:00Z",669.24,0.61,0,0,0,0,0,0,
"2016-12-27T20:40:00Z","2016-12-27T20:45:00Z",669.23,0.61,0,0,0,0,0,0,
"2016-12-27T20:45:00Z","2016-12-27T20:50:00Z",669.11,0.61,0,0,0,0,0,0,
"2016-12-27T20:50:00Z","2016-12-27T20:55:00Z",669.09,0.61,0,0,0,0,0,0,
"2016-12-27T20:55:00Z","2016-12-27T21:00:00Z",669.03,0.61,0,0,0,0,0,0,
"2016-12-27T21:00:00Z","2016-12-27T21:05:00Z",668.97,0.61,0,0,0,0,0,0,
"2016-12-27T21:05:00Z","2016-12-27T21:10:00Z",668.87,0.61,0,0,0,0,0,0,
"2016-12-27T21:10:00Z","2016-12-27T21:15:00Z",668.99,0.61,0,0,0,0,0,0,
"2016-12-27T21:15:00Z","2016-12-27T21:20:00Z",668.85,0.61,0,0,0,0,0,0,
"2016-12-27T21:20:00Z","2016-12-27T21:25:00Z",668.82,0.61,0,0,0,0,0,0,
"2016-12-27T21:25:00Z","2016-12-27T21:30:00Z",668.85,0.61,0,0,0,0,0,0,
"2016-12-27T21:30:00Z","2016-12-27T21:35:00Z",668.77,0.61,0,0,0,0,0,0,
"2016-12-27T21:35:00Z","2016-12-27T21:40:00Z",668.71,0.61,0,0,0,0,0,0,
"2016-12-27T21:40:00Z","2016-12-27T21:45:00Z",668.76,0.61,0,0,0,0,0,0,
"2016-12-27T21:45:00Z","2016-12-27T21:50:00Z",668.70,0.61,0,0,0,0,0,0,
"2016-12-27T21:50:00Z","2016-12-27T21:55:00Z",668.69,0.61,0,0,0,0,0,0,
"2016-12-27T21:55:00Z","2016-12-27T22:00:00Z",668.69,0.61,0,0,0,0,0,0,
"2016-12-27T22:00:00Z","2016-12-27T22:05:00Z",668.74,0.61,0,0,0,0,0,0,
"2016-12-27T22:05:00Z","2016-12-27T22:10:00Z",668.77,0.61,0,0,0,0,0,0,
"2016-12-27T22:10:00Z","2016-12-27T22:15:00Z",668.71,0.61,0,0,0,0,0,0,
"2016-12-27T22:15:00Z","2016-12-27T22:20:00Z",668.83,0.61,0,0,0,0,0,0,
"2016-12-27T22:20:00Z","2016-12-27T22:25:00Z",668.77,0.61,0,0,0,0,0,0,
"2016-12-27T22:25:00Z","2016-12-27T22:30:00Z",668.80,0.61,0,0,0,0,0,0,
"2016-12-27T22:30:00Z","2016-12-27T22:35:00Z",668.79,0.61,0,0,0,0,0,0,
"2016-12-27T22:35:00Z","2016-12-27T22:40:00Z",668.74,0.61,0,0,0,0,0,0,
"2016-12-27T22:40:00Z","2016-12-27T22:45:00Z",668.80,0.61,0,0,0,0,0,0,
"2016-12-27T22:45:00Z","2016-12-27T22:50:00Z",668.78,0.61,0,0,0,0,0,0,
"2016-12-27T22:50:00Z","2016-12-27T22:55:00Z",668.82,0.61,0,0,0,0,0,0,
"2016-12-27T22:55:00Z","2016-12-27T23:00:00Z",668.85,0.61,0,0,0,0,0,0,
"2016-12-27T23:00:00Z","2016-12-27T23:05:00Z",668.86,0.61,0,0,0,0,0,0,
"2016-12-27T23:05:00Z","2016-12-27T23:10:00Z",668.93,0.61,0,0,0,0,0,0,
"2016-12-27T23:10:00Z","2016-12-27T23:15:00Z",668.87,0.61,0,0,0,0,0,0,
"2016-12-27T23:15:00Z","2016-12-27T23:20:00Z",668.95,0.61,0,0,0,0,0,0,
"2016-12-27T23:20:00Z","2016-12-27T23:25:00Z",668.85,0.61,0,0,0,0,0,0,
"2016-12-27T23:25:00Z","2016-12-27T23:30:00Z",668.79,0.61,0,0,0,0,0,0,
"2016-12-27T23:30:00Z","2016-12-27T23:35:00Z",668.96,0.61,0,0,0,0,0,0,
"2016-12-27T23:35:00Z","2016-12-27T23:40:00Z",668.95,0.61,0,0,0,0,0,0,
"2016-12-27T23:40:00Z","2016-12-27T23:45:00Z",668.93,0.61,0,0,0,0,0,0,
"2016-12-27T23:45:00Z","2016-12-27T23:50:00Z",669.04,0.61,0,0,0,0,0,0,
"2016-12-27T23:50:00Z","2016-12-27T23:55:00Z",669.04,0.61,0,0,0,0,0,0,
"2016-12-27T23:55:00Z","2016-12-28T00:00:00Z",668.97,0.61,0,0,0,0,0,0,
"2016-12-28T00:00:00Z","2016-12-28T00:05:00Z",669.02,0.61,0,0,0,0,0,0,
"2016-12-28T00:05:00Z","2016-12-28T00:10:00Z",669.01,0.61,0,0,0,0,0,0,
"2016-12-28T00:10:00Z","2016-12-28T00:15:00Z",669.03,0.61,0,0,0,0,0,0,
"2016-12-28T00:15:00Z","2016-12-28T00:20:00Z",668.96,0.61,0,0,0,0,0,0,
"2016-12-28T00:20:00Z","2016-12-28T00:25:00Z",669.06,0.61,0,0,0,0,0,0,
"2016-12-28T00:25:00Z","2016-12-28T00:30:00Z",669.14,0.62,0,0,0,0,0,0,
"2016-12-28T00:30:00Z","2016-12-28T00:35:00Z",669.14,0.61,0,0,0,0,0,0,
"2016-12-28T00:35:00Z","2016-12-28T00:40:00Z",669.21,0.61,0,0,0,0,0,0,
"2016-12-28T00:40:00Z","2016-12-28T00:45:00Z",669.14,0.61,0,0,0,0,0,0,
"2016-12-28T00:45:00Z","2016-12-28T00:50:00Z",669.16,0.61,0,0,0,0,0,0,
"2016-12-28T00:50:00Z","2016-12-28T00:55:00Z",669.10,0.61,0,0,0,0,0,0,
"2016-12-28T00:55:00Z","2016-12-28T01:00:00Z",669.15,0.62,0,0,0,0,0,0,
"2016-12-28T01:00:00Z","2016-12-28T01:05:00Z",669.17,0.61,0,0,0,0,0,0,
"2016-12-28T01:05:00Z","2016-12-28T01:10:00Z",669.10,0.61,0,0,0,0,0,0,
"2016-12-28T01:10:00Z","2016-12-28T01:15:00Z",669.14,0.61,0,0,0,0,0,0,
"2016-12-28T01:15:00Z","2016-12-28T01:20:00Z",668.96,0.61,0,0,0,0,0,0,
"2016-12-28T01:20:00Z","2016-12-28T01:25:00Z",669.00,0.61,0,0,0,0,0,0,
"2016-12-28T01:25:00Z","2016-12-28T01:30:00Z",668.97,0.61,0,0,0,0,0,0,
"2016-12-28T01:30:00Z","2016-12-28T01:35:00Z",669.07,0.61,0,0,0,0,0,0,
"2016-12-28T01:35:00Z","2016-12-28T01:40:00Z",668.91,0.61,0,0,0,0,0,0,
"2016-12-28T01:40:00Z","2016-12-28T01:45:00Z",668.97,0.61,0,0,0,0,0,0,
"2016-12-28T01:45:00Z","2016-12-28T01:50:00Z",668.96,0.61,0,0,0,0,0,0,
"2016-12-28T01:50:00Z","2016-12-28T01:55:00Z",668.92,0.61,0,0,0,0,0,0,
"2016-12-28T01:55:00Z","2016-12-28T02:00:00Z",668.97,0.62,0,0,0,0,0,0,
"2016-12-28T02:00:00Z","2016-12-28T02:05:00Z",669.04,0.61,0,0,0,0,0,0,
"2016-12-28T02:05:00Z","2016-12-28T02:10:00Z",668.94,0.61,0,0,0,0,0,0,
"2016-12-28T02:10:00Z","2016-12-28T02:15:00Z",669.00,0.61,0,0,0,0,0,0,
"2016-12-28T02:15:00Z","2016-12-28T02:20:00Z",668.94,0.61,0,0,0,0,0,0,
"2016-12-28T02:20:00Z","2016-12-28T02:25:00Z",668.94,0.61,0,0,0,0,0,0,
"2016-12-28T02:25:00Z","2016-12-28T02:30:00Z",669.00,0.62,0,0,0,0,0,0,
"2016-12-28T02:30:00Z","2016-12-28T02:35:00Z",668.99,0.61,0,0,0,0,0,0,
"2016-12-28T02:35:00Z","2016-12-28T02:40:00Z",668.88,0.61,0,0,0,0,0,0,
"2016-12-28T02:40:00Z","2016-12-28T02:45:00Z",668.70,0.61,0,0,0,0,0,0,
"2016-12-28T02:45:00Z","2016-12-28T02:50:00Z",668.93,0.61,0,0,0,0,0,0,
"2016-12-28T02:50:00Z","2016-12-28T02:55:00Z",669.03,0.61,0,0,0,0,0,0,
"2016-12-28T02:55:00Z","2016-12-28T03:00:00Z",668.99,0.61,0,0,0,0,0,0,
"2016-12-28T03:00:00Z","2016-12-28T03:05:00Z",668.64,0.61,0,0,0,0,0,0,
"2016-12-28T03:05:00Z","2016-12-28T03:10:00Z",668.96,0.61,0,0,0,0,0,0,
"2016-12-28T03:10:00Z","2016-12-28T03:15:00Z",668.88,0.61,0,0,0,0,0,0,
"2016-12-28T03:15:00Z","2016-12-28T03:20:00Z",668.94,0.61,0,0,0,0,0,0,
"2016-12-28T03:20:00Z","2016-12-28T03:25:00Z",668.89,0.61,0,0,0,0,0,0,
"2016-12-28T03:25:00Z","2016-12-28T03:30:00Z",668.97,0.61,0,0,0,0,0,0,
"2016-12-28T03:30:00Z","2016-12-28T03:35:00Z",668.95,0.61,0,0,0,0,0,0,
"2016-12-28T03:35:00Z","2016-12-28T03:40:00Z",668.97,0.61,0,0,0,0,0,0,
"2016-12-28T03:40:00Z","2016-12-28T03:45:00Z",668.96,0.61,0,0,0,0,0,0,
"2016-12-28T03:45:00Z","2016-12-28T03:50:00Z",668.97,0.61,0,0,0,0,0,0,
"2016-12-28T03:50:00Z","2016-12-28T03:55:00Z",668.96,0.61,0,0,0,0,0,0,
"2016-12-28T03:55:00Z","2016-12-28T04:00:00Z",669.02,0.61,0,0,0,0,0,0,
"2016-12-28T04:00:00Z","2016-12-28T04:05:00Z",669.04,0.61,0,0,0,0,0,0,
"2016-12-28T04:05:00Z","2016-12-28T04:10:00Z",669.00,0.61,0,0,0,0,0,0,
"2016-12-28T04:10:00Z","2016-12-28T04:15:00Z",669.01,0.61,0,0,0,0,0,0,
"2016-12-28T04:15:00Z","2016-12-28T04:20:00Z",668.99,0.61,0,0,0,0,0,0,
"2016-12-28T04:20:00Z","2016-12-28T04:25:00Z",668.93,0.61,0,0,0,0,0,0,
"2016-12-28T04:25:00Z","2016-12-28T04:30:00Z",669.02,0.62,0,0,0,0,0,0,
"2016-12-28T04:30:00Z","2016-12-28T04:35:00Z",668.92,0.61,0,0,0,0,0,0,
"2016-12-28T04:35:00Z","2016-12-28T04:40:00Z",668.93,0.61,0,0,0,0,0,0,
"2016-12-28T04:40:00Z","2016-12-28T04:45:00Z",668.93,0.61,0,0,0,0,0,0,
"2016-12-28T04:45:00Z","2016-12-28T04:50:00Z",668.97,0.61,0,0,0,0,0,0,
"2016-12-28T04:50:00Z","2016-12-28T04:55:00Z",668.97,0.61,0,0,0,0,0,0,
"2016-12-28T04:55:00Z","2016-12-28T05:00:00Z",669.06,0.61,0,0,0,0,0,0,
"2016-12-28T05:00:00Z","2016-12-28T05:05:00Z",668.93,0.61,0,0,0,0,0,0,
"2016-12-28T05:05:00Z","2016-12-28T05:10:00Z",669.06,0.61,0,0,0,0,0,0,
"2016-12-28T05:10:00Z","2016-12-28T05:15:00Z",668.98,0.61,0,0,0,0,0,0,
"2016-12-28T05:15:00Z","2016-12-28T05:20:00Z",668.94,0.61,0,0,0,0,0,0,
"2016-12-28T05:20:00Z","2016-12-28T05:25:00Z",668.93,0.61,0,0,0,0,0,0,
"2016-12-28T05:25:00Z","2016-12-28T05:30:00Z",669.02,0.61,0,0,0,0,0,0,
"2016-12-28T05:30:00Z","2016-12-28T05:35:00Z",668.92,0.61,0,0,0,0,0,0,
"2016-12-28T05:35:00Z","2016-12-28T05:40:00Z",668.97,0.61,0,0,0,0,0,0,
"2016-12-28T05:40:00Z","2016-12-28T05:45:00Z",669.02,0.61,0,0,0,0,0,0,
"2016-12-28T05:45:00Z","2016-12-28T05:50:00Z",668.99,0.61,0,0,0,0,0,0,
"2016-12-28T05:50:00Z","2016-12-28T05:55:00Z",668.95,0.61,0,0,0,0,0,0,
"2016-12-28T05:55:00Z","2016-12-28T06:00:00Z",669.05,0.62,0,0,0,0,0,0,
"2016-12-28T06:00:00Z","2016-12-28T06:05:00Z",668.82,0.61,0,0,0,0,0,0,
"2016-12-28T06:05:00Z","2016-12-28T06:10:00Z",668.83,0.61,0,0,0,0,0,0,
"2016-12-28T06:10:00Z","2016-12-28T06:15:00Z",668.88,0.61,0,0,0,0,0,0,
"2016-12-28T06:15:00Z","2016-12-28T06:20:00Z",668.88,0.61,0,0,0,0,0,0,
"2016-12-28T06:20:00Z","2016-12-28T06:25:00Z",668.89,0.61,0,0,0,0,0,0,
"2016-12-28T06:25:00Z","2016-12-28T06:30:00Z",668.81,0.62,0,0,0,0,0,0,
"2016-12-28T06:30:00Z","2016-12-28T06:35:00Z",668.81,0.61,0,0,0,0,0,0,
"2016-12-28T06:35:00Z","2016-12-28T06:40:00Z",668.78,0.61,0,0,0,0,0,0,
"2016-12-28T06:40:00Z","2016-12-28T06:45:00Z",668.74,0.61,0,0,0,0,0,0,
"2016-12-28T06:45:00Z","2016-12-28T06:50:00Z",668.68,0.61,0,0,0,0,0,0,
"2016-12-28T06:50:00Z","2016-12-28T06:55:00Z",668.66,0.61,0,0,0,0,0,0,
"2016-12-28T06:55:00Z","2016-12-28T07:00:00Z",668.64,0.61,0,0,0,0,0,0,
"2016-12-28T07:00:00Z","2016-12-28T07:05:00Z",668.55,0.61,0,0,0,0,0,0,
"2016-12-28T07:05:00Z","2016-12-28T07:10:00Z",668.58,0.61,0,0,0,0,0,0,
"2016-12-28T07:10:00Z","2016-12-28T07:15:00Z",668.55,0.61,0,0,0,0,0,0,
"2016-12-28T07:15:00Z","2016-12-28T07:20:00Z",668.51,0.61,0,0,0,0,0,0,
"2016-12-28T07:20:00Z","2016-12-28T07:25:00Z",668.40,0.61,0,0,0,0,0,0,
"2016-12-28T07:25:00Z","2016-12-28T07:30:00Z",668.47,0.61,0,0,0,0,0,0,
"2016-12-28T07:30:00Z","2016-12-28T07:35:00Z",668.34,0.61,0,0,0,0,0,0,
"2016-12-28T07:35:00Z","2016-12-28T07:40:00Z",668.34,0.61,0,0,0,0,0,0,
"2016-12-28T07:40:00Z","2016-12-28T07:45:00Z",668.38,0.61,0,0,0,0,0,0,
"2016-12-28T07:45:00Z","2016-12-28T07:50:00Z",668.28,0.61,0,0,0,0,0,0,
"2016-12-28T07:50:00Z","2016-12-28T07:55:00Z",668.34,0.61,0,0,0,0,0,0,
"2016-12-28T07:55:00Z","2016-12-28T08:00:00Z",668.33,0.61,0,0,0,0,0,0,
"2016-12-28T08:00:00Z","2016-12-28T08:05:00Z",668.29,0.61,0,0,0,0,0,0,
"2016-12-28T08:05:00Z","2016-12-28T08:10:00Z",668.19,0.61,0,0,0,0,0,0,
"2016-12-28T08:10:00Z","2016-12-28T08:15:00Z",668.24,0.61,0,0,0,0,0,0,
"2016-12-28T08:15:00Z","2016-12-28T08:20:00Z",668.24,0.61,0,0,0,0,0,0,
"2016-12-28T08:20:00Z","2016-12-28T08:25:00Z",668.19,0.61,0,0,0,0,0,0,
"2016-12-28T08:25:00Z","2016-12-28T08:30:00Z",668.25,0.61,0,0,0,0,0,0,
"2016-12-28T08:30:00Z","2016-12-28T08:35:00Z",668.30,0.61,0,0,0,0,0,0,
"2016-12-28T08:35:00Z","2016-12-28T08:40:00Z",668.27,0.61,0,0,0,0,0,0,
"2016-12-28T08:40:00Z","2016-12-28T08:45:00Z",668.25,0.61,0,0,0,0,0,0,
"2016-12-28T08:45:00Z","2016-12-28T08:50:00Z",668.25,0.61,0,0,0,0,0,0,
"2016-12-28T08:50:00Z","2016-12-28T08:55:00Z",668.28,0.61,0,0,0,0,0,0,
"2016-12-28T08:55:00Z","2016-12-28T09:00:00Z",668.24,0.61,0,0,0,0,0,0,
"2016-12-28T09:00:00Z","2016-12-28T09:05:00Z",668.31,0.61,0,0,0,0,0,0,
"2016-12-28T09:05:00Z","2016-12-28T09:10:00Z",668.32,0.61,0,0,0,0,0,0,
"2016-12-28T09:10:00Z","2016-12-28T09:15:00Z",668.40,0.61,0,0,0,0,0,0,
"2016-12-28T09:15:00Z","2016-12-28T09:20:00Z",668.44,0.61,0,0,0,0,0,0,
"2016-12-28T09:20:00Z","2016-12-28T09:25:00Z",668.40,0.61,0,0,0,0,0,0,
"2016-12-28T09:25:00Z","2016-12-28T09:30:00Z",668.51,0.61,0,0,0,0,0,0,
"2016-12-28T09:30:00Z","2016-12-28T09:35:00Z",668.50,0.61,0,0,0,0,0,0,
"2016-12-28T09:35:00Z","2016-12-28T09:40:00Z",668.47,0.61,0,0,0,0,0,0,
"2016-12-28T09:40:00Z","2016-12-28T09:45:00Z",668.60,0.61,0,0,0,0,0,0,
"2016-12-28T09:45:00Z","2016-12-28T09:50:00Z",668.60,0.61,0,0,0,0,0,0,
"2016-12-28T09:50:00Z","2016-12-28T09:55:00Z",668.70,0.61,0,0,0,0,0,0,
"2016-12-28T09:55:00Z","2016-12-28T10:00:00Z",668.64,0.61,0,0,0,0,0,0,
"2016-12-28T10:00:00Z","2016-12-28T10:05:00Z",668.69,0.61,0,0,0,0,0,0,
"2016-12-28T10:05:00Z","2016-12-28T10:10:00Z",668.72,0.61,0,0,0,0,0,0,
"2016-12-28T10:10:00Z","2016-12-28T10:15:00Z",668.70,0.61,0,0,0,0,0,0,
"2016-12-28T10:15:00Z","2016-12-28T10:20:00Z",668.64,0.61,0,0,0,0,0,0,
"2016-12-28T10:20:00Z","2016-12-28T10:25:00Z",668.73,0.61,0,0,0,0,0,0,
"2016-12-28T10:25:00Z","2016-12-28T10:30:00Z",668.94,0.62,0,0,0,0,0,0,
"2016-12-28T10:30:00Z","2016-12-28T10:35:00Z",668.76,0.61,0,0,0,0,0,0,
"2016-12-28T10:35:00Z","2016-12-28T10:40:00Z",668.73,0.61,0,0,0,0,0,0,
"2016-12-28T10:40:00Z","2016-12-28T10:45:00Z",668.71,0.61,0,0,0,0,0,0,
"2016-12-28T10:45:00Z","2016-12-28T10:50:00Z",668.71,0.61,0,0,0,0,0,0,
"2016-12-28T10:50:00Z","2016-12-28T10:55:00Z",668.76,0.61,0,0,0,0,0,0,
"2016-12-28T10:55:00Z","2016-12-28T11:00:00Z",668.69,0.61,0,0,0,0,0,0,
"2016-12-28T11:00:00Z","2016-12-28T11:05:00Z",668.65,0.61,0,0,0,0,0,0,
"2016-12-28T11:05:00Z","2016-12-28T11:10:00Z",668.70,0.61,0,0,0,0,0,0,
"2016-12-28T11:10:00Z","2016-12-28T11:15:00Z",668.73,0.61,0,0,0,0,0,0,
"2016-12-28T11:15:00Z","2016-12-28T11:20:00Z",668.72,0.61,0,0,0,0,0,0,
"2016-12-28T11:20:00Z","2016-12-28T11:25:00Z",668.85,0.61,0,0,0,0,0,0,
"2016-12-28T11:25:00Z","2016-12-28T11:30:00Z",668.89,0.61,0,0,0,0,0,0,
"2016-12-28T11:30:00Z","2016-12-28T11:35:00Z",668.90,0.61,0,0,0,0,0,0,
"2016-12-28T11:35:00Z","2016-12-28T11:40:00Z",668.90,0.61,0,0,0,0,0,0,
"2016-12-28T11:40:00Z","2016-12-28T11:45:00Z",668.82,0.61,0,0,0,0,0,0,
"2016-12-28T11:45:00Z","2016-12-28T11:50:00Z",668.91,0.61,0,0,0,0,0,0,
"2016-12-28T11:50:00Z","2016-12-28T11:55:00Z",668.89,0.61,0,0,0,0,0,0,
"2016-12-28T11:55:00Z","2016-12-28T12:00:00Z",669.02,0.61,0,0,0,0,0,0,
"2016-12-28T12:00:00Z","2016-12-28T12:05:00Z",668.95,0.61,0,0,0,0,0,0,
"2016-12-28T12:05:00Z","2016-12-28T12:10:00Z",668.98,0.61,0,0,0,0,0,0,
"2016-12-28T12:10:00Z","2016-12-28T12:15:00Z",669.04,0.61,0,0,0,0,0,0,
"2016-12-28T12:15:00Z","2016-12-28T12:20:00Z",669.08,0.61,0,0,0,0,0,0,
"2016-12-28T12:20:00Z","2016-12-28T12:25:00Z",669.05,0.61,0,0,0,0,0,0,
"2016-12-28T12:25:00Z","2016-12-28T12:30:00Z",669.08,0.61,0,0,0,0,0,0,
"2016-12-28T12:30:00Z","2016-12-28T12:35:00Z",669.09,0.61,0,0,0,0,0,0,
"2016-12-28T12:35:00Z","2016-12-28T12:40:00Z",669.02,0.61,0,0,0,0,0,0,
"2016-12-28T12:40:00Z","2016-12-28T12:45:00Z",669.07,0.61,0,0,0,0,0,0,
"2016-12-28T12:45:00Z","2016-12-28T12:50:00Z",669.08,0.61,0,0,0,0,0,0,
"2016-12-28T12:50:00Z","2016-12-28T12:55:00Z",669.07,0.61,0,0,0,0,0,0,
"2016-12-28T12:55:00Z","2016-12-28T13:00:00Z",669.17,0.61,0,0,0,0,0,0,
"2016-12-28T13:00:00Z","2016-12-28T13:05:00Z",669.26,0.61,0,0,0,0,0,0,
"2016-12-28T13:05:00Z","2016-12-28T13:10:00Z",669.23,0.61,0,0,0,0,0,0,
"2016-12-28T13:10:00Z","2016-12-28T13:15:00Z",669.29,0.61,0,0,0,0,0,0,
"2016-12-28T13:15:00Z","2016-12-28T13:20:00Z",669.29,0.61,0,0,0,0,0,0,
"2016-12-28T13:20:00Z","2016-12-28T13:25:00Z",669.26,0.61,0,0,0,0,0,0,
"2016-12-28T13:25:00Z","2016-12-28T13:30:00Z",669.31,0.62,0,0,0,0,0,0,
"2016-12-28T13:30:00Z","2016-12-28T13:35:00Z",669.21,0.61,0,0,0,0,0,0,
"2016-12-28T13:35:00Z","2016-12-28T13:40:00Z",669.20,0.61,0,0,0,0,0,0,
"2016-12-28T13:40:00Z","2016-12-28T13:45:00Z",669.17,0.61,0,0,0,0,0,0,
"2016-12-28T13:45:00Z","2016-12-28T13:50:00Z",669.26,0.61,0,0,0,0,0,0,
"2016-12-28T13:50:00Z","2016-12-28T13:55:00Z",669.21,0.61,0,0,0,0,0,0,
"2016-12-28T13:55:00Z","2016-12-28T14:00:00Z",669.29,0.61,0,0,0,0,0,0,
"2016-12-28T14:00:00Z","2016-12-28T14:05:00Z",669.27,0.61,0,0,0,0,0,0,
"2016-12-28T14:05:00Z","2016-12-28T14:10:00Z",669.24,0.61,0,0,0,0,0,0,
"2016-12-28T14:10:00Z","2016-12-28T14:15:00Z",669.34,0.61,0,0,0,0,0,0,
"2016-12-28T14:15:00Z","2016-12-28T14:20:00Z",669.38,0.61,0,0,0,0,0,0,
"2016-12-28T14:20:00Z","2016-12-28T14:25:00Z",669.44,0.61,0,0,0,0,0,0,
"2016-12-28T14:25:00Z","2016-12-28T14:30:00Z",669.42,0.62,0,0,0,0,0,0,
"2016-12-28T14:30:00Z","2016-12-28T14:35:00Z",669.46,0.61,0,0,0,0,0,0,
"2016-12-28T14:35:00Z","2016-12-28T14:40:00Z",669.43,0.61,0,0,0,0,0,0,
"2016-12-28T14:40:00Z","2016-12-28T14:45:00Z",669.45,0.61,0,0,0,0,0,0,
"2016-12-28T14:45:00Z","2016-12-28T14:50:00Z",669.50,0.61,0,0,0,0,0,0,
"2016-12-28T14:50:00Z","2016-12-28T14:55:00Z",669.51,0.61,0,0,0,0,0,0,
"2016-12-28T14:55:00Z","2016-12-28T15:00:00Z",669.33,0.62,0,0,0,0,0,0,
"2016-12-28T15:00:00Z","2016-12-28T15:05:00Z",669.39,0.61,0,0,0,0,0,0,
"2016-12-28T15:05:00Z","2016-12-28T15:10:00Z",669.43,0.61,0,0,0,0,0,0,
"2016-12-28T15:10:00Z","2016-12-28T15:15:00Z",669.48,0.61,0,0,0,0,0,0,
"2016-12-28T15:15:00Z","2016-12-28T15:20:00Z",669.48,0.61,0,0,0,0,0,0,
"2016-12-28T15:20:00Z","2016-12-28T15:25:00Z",669.52,0.61,0,0,0,0,0,0,
"2016-12-28T15:25:00Z","2016-12-28T15:30:00Z",669.53,0.62,0,0,0,0,0,0,
"2016-12-28T15:30:00Z","2016-12-28T15:35:00Z",669.51,0.61,0,0,0,0,0,0,
"2016-12-28T15:35:00Z","2016-12-28T15:40:00Z",669.49,0.61,0,0,0,0,0,0,
"2016-12-28T15:40:00Z","2016-12-28T15:45:00Z",669.66,0.61,0,0,0,0,0,0,
"2016-12-28T15:45:00Z","2016-12-28T15:50:00Z",669.52,0.61,0,0,0,0,0,0,
"2016-12-28T15:50:00Z","2016-12-28T15:55:00Z",669.65,0.61,0,0,0,0,0,0,
"2016-12-28T15:55:00Z","2016-12-28T16:00:00Z",669.57,0.62,0,0,0,0,0,0,
"2016-12-28T16:00:00Z","2016-12-28T16:05:00Z",669.53,0.61,0,0,0,0,0,0,
"2016-12-28T16:05:00Z","2016-12-28T16:10:00Z",669.56,0.61,0,0,0,0,0,0,
"2016-12-28T16:10:00Z","2016-12-28T16:15:00Z",669.55,0.61,0,0,0,0,0,0,
"2016-12-28T16:15:00Z","2016-12-28T16:20:00Z",669.64,0.61,0,0,0,0,0,0,
"2016-12-28T16:20:00Z","2016-12-28T16:25:00Z",669.55,0.61,0,0,0,0,0,0,
"2016-12-28T16:25:00Z","2016-12-28T16:30:00Z",669.65,0.62,0,0,0,0,0,0,
"2016-12-28T16:30:00Z","2016-12-28T16:35:00Z",669.60,0.61,0,0,0,0,0,0,
"2016-12-28T16:35:00Z","2016-12-28T16:40:00Z",669.66,0.62,0,0,0,0,0,0,
"2016-12-28T16:40:00Z","2016-12-28T16:45:00Z",669.76,0.62,0,0,0,0,0,0,
"2016-12-28T16:45:00Z","2016-12-28T16:50:00Z",669.76,0.62,0,0,0,0,0,0,
"2016-12-28T16:50:00Z","2016-12-28T16:55:00Z",669.73,0.62,0,0,0,0,0,0,
"2016-12-28T16:55:00Z","2016-12-28T17:00:00Z",669.70,0.62,0,0,0,0,0,0,
"2016-12-28T17:00:00Z","2016-12-28T17:05:00Z",669.74,0.62,0,0,0,0,0,0,
"2016-12-28T17:05:00Z","2016-12-28T17:10:00Z",669.68,0.62,0,0,0,0,0,0,
"2016-12-28T17:10:00Z","2016-12-28T17:15:00Z",669.69,0.62,0,0,0,0,0,0,
"2016-12-28T17:15:00Z","2016-12-28T17:20:00Z",669.63,0.62,0,0,0,0,0,0,
"2016-12-28T17:20:00Z","2016-12-28T17:25:00Z",669.60,0.62,0,0,0,0,0,0,
"2016-12-28T17:25:00Z","2016-12-28T17:30:00Z",669.66,0.62,0,0,0,0,0,0,
"2016-12-28T17:30:00Z","2016-12-28T17:35:00Z",669.63,0.62,0,0,0,0,0,0,
"2016-12-28T17:35:00Z","2016-12-28T17:40:00Z",669.60,0.62,0,0,0,0,0,0,
"2016-12-28T17:40:00Z","2016-12-28T17:45:00Z",669.58,0.62,0,0,0,0,0,0,
"2016-12-28T17:45:00Z","2016-12-28T17:50:00Z",669.75,0.62,0,0,0,0,0,0,
"2016-12-28T17:50:00Z","2016-12-28T17:55:00Z",669.77,0.62,0,0,0,0,0,0,
"2016-12-28T17:55:00Z","2016-12-28T18:00:00Z",669.68,0.62,0,0,0,0,0,0,
"2016-12-28T18:00:00Z","2016-12-28T18:05:00Z",669.60,0.62,0,0,0,0,0,0,
"2016-12-28T18:05:00Z","2016-12-28T18:10:00Z",669.57,0.62,0,0,0,0,0,0,
"2016-12-28T18:10:00Z","2016-12-28T18:15:00Z",669.52,0.62,0,0,0,0,0,0,
"2016-12-28T18:15:00Z","2016-12-28T18:20:00Z",669.55,0.62,0,0,0,0,0,0,
"2016-12-28T18:20:00Z","2016-12-28T18:25:00Z",669.57,0.62,0,0,0,0,0,0,
"2016-12-28T18:25:00Z","2016-12-28T18:30:00Z",669.45,0.62,0,0,0,0,0,0,
"2016-12-28T18:30:00Z","2016-12-28T18:35:00Z",669.39,0.62,0,0,0,0,0,0,
"2016-12-28T18:35:00Z","2016-12-28T18:40:00Z",669.41,0.62,0,0,0,0,0,0,
"2016-12-28T18:40:00Z","2016-12-28T18:45:00Z",669.28,0.62,0,0,0,0,0,0,
"2016-12-28T18:45:00Z","2016-12-28T18:50:00Z",669.25,0.61,0,0,0,0,0,0,
"2016-12-28T18:50:00Z","2016-12-28T18:55:00Z",669.31,0.62,0,0,0,0,0,0,
"2016-12-28T18:55:00Z","2016-12-28T19:00:00Z",669.19,0.62,0,0,0,0,0,0,
"2016-12-28T19:00:00Z","2016-12-28T19:05:00Z",669.12,0.61,0,0,0,0,0,0,
"2016-12-28T19:05:00Z","2016-12-28T19:10:00Z",669.12,0.61,0,0,0,0,0,0,
"2016-12-28T19:10:00Z","2016-12-28T19:15:00Z",669.09,0.61,0,0,0,0,0,0,
"2016-12-28T19:15:00Z","2016-12-28T19:20:00Z",669.03,0.61,0,0,0,0,0,0,
"2016-12-28T19:20:00Z","2016-12-28T19:25:00Z",668.99,0.61,0,0,0,0,0,0,
"2016-12-28T19:25:00Z","2016-12-28T19:30:00Z",668.90,0.62,0,0,0,0,0,0,
"2016-12-28T19:30:00Z","2016-12-28T19:35:00Z",668.90,0.61,0,0,0,0,0,0,
"2016-12-28T19:35:00Z","2016-12-28T19:40:00Z",668.88,0.61,0,0,0,0,0,0,
"2016-12-28T19:40:00Z","2016-12-28T19:45:00Z",668.88,0.61,0,0,0,0,0,0,
"2016-12-28T19:45:00Z","2016-12-28T19:50:00Z",668.78,0.61,0,0,0,0,0,0,
"2016-12-28T19:50:00Z","2016-12-28T19:55:00Z",668.83,0.61,0,0,0,0,0,0,
"2016-12-28T19:55:00Z","2016-12-28T20:00:00Z",668.84,0.62,0,0,0,0,0,0,
"2016-12-28T20:00:00Z","2016-12-28T20:05:00Z",668.81,0.61,0,0,0,0,0,0,
"2016-12-28T20:05:00Z","2016-12-28T20:10:00Z",668.81,0.61,0,0,0,0,0,0,
"2016-12-28T20:10:00Z","2016-12-28T20:15:00Z",668.77,0.61,0,0,0,0,0,0,
"2016-12-28T20:15:00Z","2016-12-28T20:20:00Z",668.83,0.61,0,0,0,0,0,0,
"2016-12-28T20:20:00Z","2016-12-28T20:25:00Z",668.84,0.61,0,0,0,0,0,0,
"2016-12-28T20:25:00Z","2016-12-28T20:30:00Z",668.87,0.62,0,0,0,0,0,0,
"2016-12-28T20:30:00Z","2016-12-28T20:35:00Z",668.92,0.61,0,0,0,0,0,0,
"2016-12-28T20:35:00Z","2016-12-28T20:40:00Z",668.97,0.61,0,0,0,0,0,0,
"2016-12-28T20:40:00Z","2016-12-28T20:45:00Z",668.85,0.61,0,0,0,0,0,0,
"2016-12-28T20:45:00Z","2016-12-28T20:50:00Z",668.87,0.61,0,0,0,0,0,0,
"2016-12-28T20:50:00Z","2016-12-28T20:55:00Z",668.82,0.61,0,0,0,0,0,0,
"2016-12-28T20:55:00Z","2016-12-28T21:00:00Z",668.83,0.62,0,0,0,0,0,0,
"2016-12-28T21:00:00Z","2016-12-28T21:05:00Z",668.89,0.61,0,0,0,0,0,0,
"2016-12-28T21:05:00Z","2016-12-28T21:10:00Z",668.77,0.61,0,0,0,0,0,0,
"2016-12-28T21:10:00Z","2016-12-28T21:15:00Z",668.89,0.61,0,0,0,0,0,0,
"2016-12-28T21:15:00Z","2016-12-28T21:20:00Z",668.78,0.61,0,0,0,0,0,0,
"2016-12-28T21:20:00Z","2016-12-28T21:25:00Z",668.74,0.61,0,0,0,0,0,0,
"2016-12-28T21:25:00Z","2016-12-28T21:30:00Z",668.71,0.62,0,0,0,0,0,0,
"2016-12-28T21:30:00Z","2016-12-28T21:35:00Z",668.59,0.61,0,0,0,0,0,0,
"2016-12-28T21:35:00Z","2016-12-28T21:40:00Z",668.63,0.61,0,0,0,0,0,0,
"2016-12-28T21:40:00Z","2016-12-28T21:45:00Z",668.49,0.61,0,0,0,0,0,0,
"2016-12-28T21:45:00Z","2016-12-28T21:50:00Z",668.47,0.61,0,0,0,0,0,0,
"2016-12-28T21:50:00Z","2016-12-28T21:55:00Z",668.53,0.61,0,0,0,0,0,0,
"2016-12-28T21:55:00Z","2016-12-28T22:00:00Z",668.44,0.62,0,0,0,0,0,0,
"2016-12-28T22:00:00Z","2016-12-28T22:05:00Z",668.46,0.61,0,0,0,0,0,0,
"2016-12-28T22:05:00Z","2016-12-28T22:10:00Z",668.43,0.61,0,0,0,0,0,0,
"2016-12-28T22:10:00Z","2016-12-28T22:15:00Z",668.42,0.61,0,0,0,0,0,0,
"2016-12-28T22:15:00Z","2016-12-28T22:20:00Z",668.51,0.61,0,0,0,0,0,0,
"2016-12-28T22:20:00Z","2016-12-28T22:25:00Z",668.40,0.61,0,0,0,0,0,0,
"2016-12-28T22:25:00Z","2016-12-28T22:30:00Z",668.38,0.62,0,0,0,0,0,0,
"2016-12-28T22:30:00Z","2016-12-28T22:35:00Z",668.47,0.61,0,0,0,0,0,0,
"2016-12-28T22:35:00Z","2016-12-28T22:40:00Z",668.49,0.61,0,0,0,0,0,0,
"2016-12-28T22:40:00Z","2016-12-28T22:45:00Z",668.45,0.61,0,0,0,0,0,0,
"2016-12-28T22:45:00Z","2016-12-28T22:50:00Z",668.55,0.61,0,0,0,0,0,0,
"2016-12-28T22:50:00Z","2016-12-28T22:55:00Z",668.44,0.61,0,0,0,0,0,0,
"2016-12-28T22:55:00Z","2016-12-28T23:00:00Z",668.42,0.62,0,0,0,0,0,0,
"2016-12-28T23:00:00Z","2016-12-28T23:05:00Z",668.43,0.61,0,0,0,0,0,0,
"2016-12-28T23:05:00Z","2016-12-28T23:10:00Z",668.51,0.61,0,0,0,0,0,0,
"2016-12-28T23:10:00Z","2016-12-28T23:15:00Z",668.43,0.61,0,0,0,0,0,0,
"2016-12-28T23:15:00Z","2016-12-28T23:20:00Z",668.43,0.61,0,0,0,0,0,0,
"2016-12-28T23:20:00Z","2016-12-28T23:25:00Z",668.44,0.61,0,0,0,0,0,0,
"2016-12-28T23:25:00Z","2016-12-28T23:30:00Z",668.38,0.62,0,0,0,0,0,0,
"2016-12-28T23:30:00Z","2016-12-28T23:35:00Z",668.41,0.61,0,0,0,0,0,0,
"2016-12-28T23:35:00Z","2016-12-28T23:40:00Z",668.43,0.61,0,0,0,0,0,0,
"2016-12-28T23:40:00Z","2016-12-28T23:45:00Z",668.38,0.61,0,0,0,0,0,0,
"2016-12-28T23:45:00Z","2016-12-28T23:50:00Z",668.43,0.61,0,0,0,0,0,0,
"2016-12-28T23:50:00Z","2016-12-28T23:55:00Z",668.37,0.61,0,0,0,0,0,0,
"2016-12-28T23:55:00Z","2016-12-29T00:00:00Z",668.40,0.62,0,0,0,0,0,0,
"2016-12-29T00:00:00Z","2016-12-29T00:05:00Z",668.43,0.61,0,0,0,0,0,0,
"2016-12-29T00:05:00Z","2016-12-29T00:10:00Z",668.47,0.61,0,0,0,0,0,0,
"2016-12-29T00:10:00Z","2016-12-29T00:15:00Z",668.54,0.61,0,0,0,0,0,0,
"2016-12-29T00:15:00Z","2016-12-29T00:20:00Z",668.50,0.61,0,0,0,0,0,0,
"2016-12-29T00:20:00Z","2016-12-29T00:25:00Z",668.55,0.61,0,0,0,0,0,0,
"2016-12-29T00:25:00Z","2016-12-29T00:30:00Z",668.45,0.62,0,0,0,0,0,0,
"2016-12-29T00:30:00Z","2016-12-29T00:35:00Z",668.48,0.61,0,0,0,0,0,0,
"2016-12-29T00:35:00Z","2016-12-29T00:40:00Z",668.40,0.61,0,0,0,0,0,0,
"2016-12-29T00:40:00Z","2016-12-29T00:45:00Z",668.45,0.61,0,0,0,0,0,0,
"2016-12-29T00:45:00Z","2016-12-29T00:50:00Z",668.37,0.61,0,0,0,0,0,0,
"2016-12-29T00:50:00Z","2016-12-29T00:55:00Z",668.44,0.61,0,0,0,0,0,0,
"2016-12-29T00:55:00Z","2016-12-29T01:00:00Z",668.43,0.62,0,0,0,0,0,0,
"2016-12-29T01:00:00Z","2016-12-29T01:05:00Z",668.41,0.61,0,0,0,0,0,0,
"2016-12-29T01:05:00Z","2016-12-29T01:10:00Z",668.34,0.62,0,0,0,0,0,0,
"2016-12-29T01:10:00Z","2016-12-29T01:15:00Z",668.38,0.61,0,0,0,0,0,0,
"2016-12-29T01:15:00Z","2016-12-29T01:20:00Z",668.52,0.62,0,0,0,0,0,0,
"2016-12-29T01:20:00Z","2016-12-29T01:25:00Z",668.51,0.62,0,0,0,0,0,0,
"2016-12-29T01:25:00Z","2016-12-29T01:30:00Z",668.51,0.62,0,0,0,0,0,0,
"2016-12-29T01:30:00Z","2016-12-29T01:35:00Z",668.41,0.61,0,0,0,0,0,0,
"2016-12-29T01:35:00Z","2016-12-29T01:40:00Z",668.43,0.62,0,0,0,0,0,0,
"2016-12-29T01:40:00Z","2016-12-29T01:45:00Z",668.37,0.61,0,0,0,0,0,0,
"2016-12-29T01:45:00Z","2016-12-29T01:50:00Z",668.30,0.61,0,0,0,0,0,0,
"2016-12-29T01:50:00Z","2016-12-29T01:55:00Z",668.32,0.61,0,0,0,0,0,0,
"2016-12-29T01:55:00Z","2016-12-29T02:00:00Z",668.36,0.62,0,0,0,0,0,0,
"2016-12-29T02:00:00Z","2016-12-29T02:05:00Z",668.35,0.62,0,0,0,0,0,0,
"2016-12-29T02:05:00Z","2016-12-29T02:10:00Z",668.29,0.61,0,0,0,0,0,0,
"2016-12-29T02:10:00Z","2016-12-29T02:15:00Z",668.22,0.61,0,0,0,0,0,0,
"2016-12-29T02:15:00Z","2016-12-29T02:20:00Z",668.24,0.61,0,0,0,0,0,0,
"2016-12-29T02:20:00Z","2016-12-29T02:25:00Z",668.23,0.61,0,0,0,0,0,0,
"2016-12-29T02:25:00Z","2016-12-29T02:30:00Z",668.18,0.62,0,0,0,0,0,0,
"2016-12-29T02:30:00Z","2016-12-29T02:35:00Z",668.13,0.61,0,0,0,0,0,0,
"2016-12-29T02:35:00Z","2016-12-29T02:40:00Z",668.07,0.61,0,0,0,0,0,0,
"2016-12-29T02:40:00Z","2016-12-29T02:45:00Z",668.13,0.61,0,0,0,0,0,0,
"2016-12-29T02:45:00Z","2016-12-29T02:50:00Z",668.02,0.61,0,0,0,0,0,0,
"2016-12-29T02:50:00Z","2016-12-29T02:55:00Z",668.01,0.61,0,0,0,0,0,0,
"2016-12-29T02:55:00Z","2016-12-29T03:00:00Z",668.09,0.62,0,0,0,0,0,0,
"2016-12-29T03:00:00Z","2016-12-29T03:05:00Z",668.08,0.61,0,0,0,0,0,0,
"2016-12-29T03:05:00Z","2016-12-29T03:10:00Z",668.04,0.61,0,0,0,0,0,0,
"2016-12-29T03:10:00Z","2016-12-29T03:15:00Z",668.04,0.61,0,0,0,0,0,0,
"2016-12-29T03:15:00Z","2016-12-29T03:20:00Z",668.00,0.61,0,0,0,0,0,0,
"2016-12-29T03:20:00Z","2016-12-29T03:25:00Z",668.01,0.61,0,0,0,0,0,0,
"2016-12-29T03:25:00Z","2016-12-29T03:30:00Z",667.78,0.62,0,0,0,0,0,0,
"2016-12-29T03:30:00Z","2016-12-29T03:35:00Z",668.00,0.61,0,0,0,0,0,0,
"2016-12-29T03:35:00Z","2016-12-29T03:40:00Z",667.95,0.61,0,0,0,0,0,0,
"2016-12-29T03:40:00Z","2016-12-29T03:45:00Z",667.98,0.61,0,0,0,0,0,0,
"2016-12-29T03:45:00Z","2016-12-29T03:50:00Z",667.97,0.61,0,0,0,0,0,0,
"2016-12-29T03:50:00Z","2016-12-29T03:55:00Z",667.90,0.61,0,0,0,0,0,0,
"2016-12-29T03:55:00Z","2016-12-29T04:00:00Z",667.69,0.62,0,0,0,0,0,0,
"2016-12-29T04:00:00Z","2016-12-29T04:05:00Z",667.89,0.61,0,0,0,0,0,0,
"2016-12-29T04:05:00Z","2016-12-29T04:10:00Z",668.05,0.62,0,0,0,0,0,0,
"2016-12-29T04:10:00Z","2016-12-29T04:15:00Z",667.99,0.61,0,0,0,0,0,0,
"2016-12-29T04:15:00Z","2016-12-29T04:20:00Z",667.89,0.61,0,0,0,0,0,0,
"2016-12-29T04:20:00Z","2016-12-29T04:25:00Z",667.94,0.61,0,0,0,0,0,0,
"2016-12-29T04:25:00Z","2016-12-29T04:30:00Z",667.95,0.62,0,0,0,0,0,0,
"2016-12-29T04:30:00Z","2016-12-29T04:35:00Z",668.02,0.62,0,0,0,0,0,0,
"2016-12-29T04:35:00Z","2016-12-29T04:40:00Z",668.01,0.62,0,0,0,0,0,0,
"2016-12-29T04:40:00Z","2016-12-29T04:45:00Z",667.98,0.61,0,0,0,0,0,0,
"2016-12-29T04:45:00Z","2016-12-29T04:50:00Z",668.03,0.62,0,0,0,0,0,0,
"2016-12-29T04:50:00Z","2016-12-29T04:55:00Z",668.07,0.62,0,0,0,0,0,0,
"2016-12-29T04:55:00Z","2016-12-29T05:00:00Z",668.06,0.62,0,0,0,0,0,0,
"2016-12-29T05:00:00Z","2016-12-29T05:05:00Z",668.11,0.62,0,0,0,0,0,0,
"2016-12-29T05:05:00Z","2016-12-29T05:10:00Z",668.14,0.62,0,0,0,0,0,0,
"2016-12-29T05:10:00Z","2016-12-29T05:15:00Z",668.17,0.62,0,0,0,0,0,0,
"2016-12-29T05:15:00Z","2016-12-29T05:20:00Z",668.23,0.62,0,0,0,0,0,0,
"2016-12-29T05:20:00Z","2016-12-29T05:25:00Z",668.16,0.62,0,0,0,0,0,0,
"2016-12-29T05:25:00Z","2016-12-29T05:30:00Z",668.23,0.62,0,0,0,0,0,0,
"2016-12-29T05:30:00Z","2016-12-29T05:35:00Z",668.22,0.62,0,0,0,0,0,0,
"2016-12-29T05:35:00Z","2016-12-29T05:40:00Z",668.26,0.62,0,0,0,0,0,0,
"2016-12-29T05:40:00Z","2016-12-29T05:45:00Z",668.23,0.62,0,0,0,0,0,0,
"2016-12-29T05:45:00Z","2016-12-29T05:50:00Z",668.22,0.62,0,0,0,0,0,0,
"2016-12-29T05:50:00Z","2016-12-29T05:55:00Z",668.13,0.62,0,0,0,0,0,0,
"2016-12-29T05:55:00Z","2016-12-29T06:00:00Z",668.18,0.62,0,0,0,0,0,0,
"2016-12-29T06:00:00Z","2016-12-29T06:05:00Z",668.15,0.62,0,0,0,0,0,0,
"2016-12-29T06:05:00Z","2016-12-29T06:10:00Z",668.09,0.62,0,0,0,0,0,0,
"2016-12-29T06:10:00Z","2016-12-29T06:15:00Z",668.12,0.62,0,0,0,0,0,0,
"2016-12-29T06:15:00Z","2016-12-29T06:20:00Z",668.15,0.62,0,0,0,0,0,0,
"2016-12-29T06:20:00Z","2016-12-29T06:25:00Z",668.15,0.62,0,0,0,0,0,0,
"2016-12-29T06:25:00Z","2016-12-29T06:30:00Z",668.03,0.62,0,0,0,0,0,0,
"2016-12-29T06:30:00Z","2016-12-29T06:35:00Z",668.06,0.62,0,0,0,0,0,0,
"2016-12-29T06:35:00Z","2016-12-29T06:40:00Z",668.10,0.62,0,0,0,0,0,0,
"2016-12-29T06:40:00Z","2016-12-29T06:45:00Z",668.04,0.62,0,0,0,0,0,0,
"2016-12-29T06:45:00Z","2016-12-29T06:50:00Z",667.90,0.62,0,0,0,0,0,0,
"2016-12-29T06:50:00Z","2016-12-29T06:55:00Z",668.02,0.62,0,0,0,0,0,0,
"2016-12-29T06:55:00Z","2016-12-29T07:00:00Z",667.90,0.62,0,0,0,0,0,0,
"2016-12-29T07:00:00Z","2016-12-29T07:05:00Z",667.81,0.62,0,0,0,0,0,0,
"2016-12-29T07:05:00Z","2016-12-29T07:10:00Z",667.89,0.62,0,0,0,0,0,0,
"2016-12-29T07:10:00Z","2016-12-29T07:15:00Z",667.85,0.62,0,0,0,0,0,0,
"2016-12-29T07:15:00Z","2016-12-29T07:20:00Z",667.70,0.62,0,0,0,0,0,0,
"2016-12-29T07:20:00Z","2016-12-29T07:25:00Z",667.72,0.62,0,0,0,0,0,0,
"2016-12-29T07:25:00Z","2016-12-29T07:30:00Z",667.69,0.62,0,0,0,0,0,0,
"2016-12-29T07:30:00Z","2016-12-29T07:35:00Z",667.57,0.62,0,0,0,0,0,0,
"2016-12-29T07:35:00Z","2016-12-29T07:40:00Z",667.54,0.62,0,0,0,0,0,0,
"2016-12-29T07:40:00Z","2016-12-29T07:45:00Z",667.65,0.62,0,0,0,0,0,0,
"2016-12-29T07:45:00Z","2016-12-29T07:50:00Z",667.57,0.62,0,0,0,0,0,0,
"2016-12-29T07:50:00Z","2016-12-29T07:55:00Z",667.50,0.61,0,0,0,0,0,0,
"2016-12-29T07:55:00Z","2016-12-29T08:00:00Z",667.45,0.62,0,0,0,0,0,0,
"2016-12-29T08:00:00Z","2016-12-29T08:05:00Z",667.45,0.61,0,0,0,0,0,0,
"2016-12-29T08:05:00Z","2016-12-29T08:10:00Z",667.48,0.61,0,0,0,0,0,0,
"2016-12-29T08:10:00Z","2016-12-29T08:15:00Z",667.41,0.61,0,0,0,0,0,0,
"2016-12-29T08:15:00Z","2016-12-29T08:20:00Z",667.40,0.61,0,0,0,0,0,0,
"2016-12-29T08:20:00Z","2016-12-29T08:25:00Z",667.50,0.62,0,0,0,0,0,0,
"2016-12-29T08:25:00Z","2016-12-29T08:30:00Z",667.41,0.62,0,0,0,0,0,0,
"2016-12-29T08:30:00Z","2016-12-29T08:35:00Z",667.37,0.61,0,0,0,0,0,0,
"2016-12-29T08:35:00Z","2016-12-29T08:40:00Z",667.50,0.62,0,0,0,0,0,0,
"2016-12-29T08:40:00Z","2016-12-29T08:45:00Z",667.45,0.62,0,0,0,0,0,0,
"2016-12-29T08:45:00Z","2016-12-29T08:50:00Z",667.50,0.62,0,0,0,0,0,0,
"2016-12-29T08:50:00Z","2016-12-29T08:55:00Z",667.49,0.62,0,0,0,0,0,0,
"2016-12-29T08:55:00Z","2016-12-29T09:00:00Z",667.52,0.62,0,0,0,0,0,0,
"2016-12-29T09:00:00Z","2016-12-29T09:05:00Z",667.27,0.61,0,0,0,0,0,0,
"2016-12-29T09:05:00Z","2016-12-29T09:10:00Z",667.68,0.62,0,0,0,0,0,0,
"2016-12-29T09:10:00Z","2016-12-29T09:15:00Z",667.54,0.62,0,0,0,0,0,0,
"2016-12-29T09:15:00Z","2016-12-29T09:20:00Z",667.60,0.62,0,0,0,0,0,0,
"2016-12-29T09:20:00Z","2016-12-29T09:25:00Z",667.62,0.62,0,0,0,0,0,0,
"2016-12-29T09:25:00Z","2016-12-29T09:30:00Z",667.79,0.62,0,0,0,0,0,0,
"2016-12-29T09:30:00Z","2016-12-29T09:35:00Z",667.73,0.62,0,0,0,0,0,0,
"2016-12-29T09:35:00Z","2016-12-29T09:40:00Z",667.69,0.62,0,0,0,0,0,0,
"2016-12-29T09:40:00Z","2016-12-29T09:45:00Z",667.52,0.62,0,0,0,0,0,0,
"2016-12-29T09:45:00Z","2016-12-29T09:50:00Z",667.55,0.62,0,0,0,0,0,0,
"2016-12-29T09:50:00Z","2016-12-29T09:55:00Z",667.75,0.62,0,0,0,0,0,0,
"2016-12-29T09:55:00Z","2016-12-29T10:00:00Z",667.75,0.62,0,0,0,0,0,0,
"2016-12-29T10:00:00Z","2016-12-29T10:05:00Z",667.86,0.62,0,0,0,0,0,0,
"2016-12-29T10:05:00Z","2016-12-29T10:10:00Z",667.94,0.62,0,0,0,0,0,0,
"2016-12-29T10:10:00Z","2016-12-29T10:15:00Z",667.99,0.62,0,0,0,0,0,0,
"2016-12-29T10:15:00Z","2016-12-29T10:20:00Z",667.99,0.62,0,0,0,0,0,0,
"2016-12-29T10:20:00Z","2016-12-29T10:25:00Z",668.01,0.62,0,0,0,0,0,0,
"2016-12-29T10:25:00Z","2016-12-29T10:30:00Z",667.81,0.62,0,0,0,0,0,0,
"2016-12-29T10:30:00Z","2016-12-29T10:35:00Z",668.03,0.62,0,0,0,0,0,0,
"2016-12-29T10:35:00Z","2016-12-29T10:40:00Z",667.97,0.62,0,0,0,0,0,0,
"2016-12-29T10:40:00Z","2016-12-29T10:45:00Z",668.00,0.62,0,0,0,0,0,0,
"2016-12-29T10:45:00Z","2016-12-29T10:50:00Z",668.04,0.62,0,0,0,0,0,0,
"2016-12-29T10:50:00Z","2016-12-29T10:55:00Z",667.77,0.62,0,0,0,0,0,0,
"2016-12-29T10:55:00Z","2016-12-29T11:00:00Z",668.09,0.62,0,0,0,0,0,0,
"2016-12-29T11:00:00Z","2016-12-29T11:05:00Z",668.06,0.62,0,0,0,0,0,0,
"2016-12-29T11:05:00Z","2016-12-29T11:10:00Z",668.09,0.62,0,0,0,0,0,0,
"2016-12-29T11:10:00Z","2016-12-29T11:15:00Z",668.08,0.62,0,0,0,0,0,0,
"2016-12-29T11:15:00Z","2016-12-29T11:20:00Z",668.12,0.62,0,0,0,0,0,0,
"2016-12-29T11:20:00Z","2016-12-29T11:25:00Z",668.09,0.62,0,0,0,0,0,0,
"2016-12-29T11:25:00Z","2016-12-29T11:30:00Z",668.16,0.62,0,0,0,0,0,0,
"2016-12-29T11:30:00Z","2016-12-29T11:35:00Z",668.24,0.62,0,0,0,0,0,0,
"2016-12-29T11:35:00Z","2016-12-29T11:40:00Z",668.12,0.62,0,0,0,0,0,0,
"2016-12-29T11:40:00Z","2016-12-29T11:45:00Z",667.92,0.62,0,0,0,0,0,0,
"2016-12-29T11:45:00Z","2016-12-29T11:50:00Z",668.20,0.62,0,0,0,0,0,0,
"2016-12-29T11:50:00Z","2016-12-29T11:55:00Z",668.24,0.62,0,0,0,0,0,0,
"2016-12-29T11:55:00Z","2016-12-29T12:00:00Z",668.37,0.62,0,0,0,0,0,0,
"2016-12-29T12:00:00Z","2016-12-29T12:05:00Z",668.26,0.62,0,0,0,0,0,0,
"2016-12-29T12:05:00Z","2016-12-29T12:10:00Z",668.37,0.62,0,0,0,0,0,0,
"2016-12-29T12:10:00Z","2016-12-29T12:15:00Z",668.31,0.62,0,0,0,0,0,0,
"2016-12-29T12:15:00Z","2016-12-29T12:20:00Z",668.25,0.62,0,0,0,0,0,0,
"2016-12-29T12:20:00Z","2016-12-29T12:25:00Z",668.26,0.62,0,0,0,0,0,0,
"2016-12-29T12:25:00Z","2016-12-29T12:30:00Z",668.32,0.62,0,0,0,0,0,0,
"2016-12-29T12:30:00Z","2016-12-29T12:35:00Z",668.29,0.62,0,0,0,0,0,0,
"2016-12-29T12:35:00Z","2016-12-29T12:40:00Z",668.34,0.62,0,0,0,0,0,0,
"2016-12-29T12:40:00Z","2016-12-29T12:45:00Z",668.34,0.62,0,0,0,0,0,0,
"2016-12-29T12:45:00Z","2016-12-29T12:50:00Z",668.41,0.62,0,0,0,0,0,0,
"2016-12-29T12:50:00Z","2016-12-29T12:55:00Z",668.30,0.62,0,0,0,0,0,0,
"2016-12-29T12:55:00Z","2016-12-29T13:00:00Z",668.31,0.62,0,0,0,0,0,0,
"2016-12-29T13:00:00Z","2016-12-29T13:05:00Z",668.34,0.62,0,0,0,0,0,0,
"2016-12-29T13:05:00Z","2016-12-29T13:10:00Z",668.30,0.62,0,0,0,0,0,0,
"2016-12-29T13:10:00Z","2016-12-29T13:15:00Z",668.35,0.62,0,0,0,0,0,0,
"2016-12-29T13:15:00Z","2016-12-29T13:20:00Z",668.49,0.62,0,0,0,0,0,0,
"2016-12-29T13:20:00Z","2016-12-29T13:25:00Z",668.45,0.62,0,0,0,0,0,0,
"2016-12-29T13:25:00Z","2016-12-29T13:30:00Z",668.51,0.62,0,0,0,0,0,0,
"2016-12-29T13:30:00Z","2016-12-29T13:35:00Z",668.52,0.62,0,0,0,0,0,0,
"2016-12-29T13:35:00Z","2016-12-29T13:40:00Z",668.56,0.62,0,0,0,0,0,0,
"2016-12-29T13:40:00Z","2016-12-29T13:45:00Z",668.55,0.62,0,0,0,0,0,0,
"2016-12-29T13:45:00Z","2016-12-29T13:50:00Z",668.50,0.62,0,0,0,0,0,0,
"2016-12-29T13:50:00Z","2016-12-29T13:55:00Z",668.47,0.62,0,0,0,0,0,0,
"2016-12-29T13:55:00Z","2016-12-29T14:00:00Z",668.50,0.62,0,0,0,0,0,0,
"2016-12-29T14:00:00Z","2016-12-29T14:05:00Z",668.52,0.62,0,0,0,0,0,0,
"2016-12-29T14:05:00Z","2016-12-29T14:10:00Z",668.52,0.62,0,0,0,0,0,0,
"2016-12-29T14:10:00Z","2016-12-29T14:15:00Z",668.51,0.62,0,0,0,0,0,0,
"2016-12-29T14:15:00Z","2016-12-29T14:20:00Z",668.55,0.62,0,0,0,0,0,0,
"2016-12-29T14:20:00Z","2016-12-29T14:25:00Z",668.64,0.62,0,0,0,0,0,0,
"2016-12-29T14:25:00Z","2016-12-29T14:30:00Z",668.51,0.62,0,0,0,0,0,0,
"2016-12-29T14:30:00Z","2016-12-29T14:35:00Z",668.70,0.62,0,0,0,0,0,0,
"2016-12-29T14:35:00Z","2016-12-29T14:40:00Z",668.69,0.62,0,0,0,0,0,0,
"2016-12-29T14:40:00Z","2016-12-29T14:45:00Z",668.67,0.62,0,0,0,0,0,0,
"2016-12-29T14:45:00Z","2016-12-29T14:50:00Z",668.70,0.62,0,0,0,0,0,0,
"2016-12-29T14:50:00Z","2016-12-29T14:55:00Z",668.65,0.62,0,0,0,0,0,0,
"2016-12-29T14:55:00Z","2016-12-29T15:00:00Z",668.75,0.62,0,0,0,0,0,0,
"2016-12-29T15:00:00Z","2016-12-29T15:05:00Z",668.72,0.62,0,0,0,0,0,0,
"2016-12-29T15:05:00Z","2016-12-29T15:10:00Z",668.80,0.62,0,0,0,0,0,0,
"2016-12-29T15:10:00Z","2016-12-29T15:15:00Z",668.70,0.62,0,0,0,0,0,0,
"2016-12-29T15:15:00Z","2016-12-29T15:20:00Z",668.74,0.62,0,0,0,0,0,0,
"2016-12-29T15:20:00Z","2016-12-29T15:25:00Z",668.47,0.62,0,0,0,0,0,0,
"2016-12-29T15:25:00Z","2016-12-29T15:30:00Z",668.81,0.62,0,0,0,0,0,0,
"2016-12-29T15:30:00Z","2016-12-29T15:35:00Z",668.77,0.62,0,0,0,0,0,0,
"2016-12-29T15:35:00Z","2016-12-29T15:40:00Z",668.89,0.62,0,0,0,0,0,0,
"2016-12-29T15:40:00Z","2016-12-29T15:45:00Z",668.81,0.62,0,0,0,0,0,0,
"2016-12-29T15:45:00Z","2016-12-29T15:50:00Z",668.86,0.62,0,0,0,0,0,0,
"2016-12-29T15:50:00Z","2016-12-29T15:55:00Z",668.82,0.62,0,0,0,0,0,0,
"2016-12-29T15:55:00Z","2016-12-29T16:00:00Z",668.89,0.62,0,0,0,0,0,0,
"2016-12-29T16:00:00Z","2016-12-29T16:05:00Z",668.79,0.62,0,0,0,0,0,0,
"2016-12-29T16:05:00Z","2016-12-29T16:10:00Z",668.91,0.62,0,0,0,0,0,0,
"2016-12-29T16:10:00Z","2016-12-29T16:15:00Z",668.86,0.62,0,0,0,0,0,0,
"2016-12-29T16:15:00Z","2016-12-29T16:20:00Z",668.77,0.62,0,0,0,0,0,0,
"2016-12-29T16:20:00Z","2016-12-29T16:25:00Z",668.82,0.62,0,0,0,0,0,0,
"2016-12-29T16:25:00Z","2016-12-29T16:30:00Z",668.85,0.62,0,0,0,0,0,0,
"2016-12-29T16:30:00Z","2016-12-29T16:35:00Z",668.86,0.62,0,0,0,0,0,0,
"2016-12-29T16:35:00Z","2016-12-29T16:40:00Z",668.85,0.62,0,0,0,0,0,0,
"2016-12-29T16:40:00Z","2016-12-29T16:45:00Z",668.89,0.62,0,0,0,0,0,0,
"2016-12-29T16:45:00Z","2016-12-29T16:50:00Z",668.87,0.62,0,0,0,0,0,0,
"2016-12-29T16:50:00Z","2016-12-29T16:55:00Z",668.89,0.62,0,0,0,0,0,0,
"2016-12-29T16:55:00Z","2016-12-29T17:00:00Z",668.85,0.62,0,0,0,0,0,0,
"2016-12-29T17:00:00Z","2016-12-29T17:05:00Z",669.00,0.62,0,0,0,0,0,0,
"2016-12-29T17:05:00Z","2016-12-29T17:10:00Z",668.97,0.62,0,0,0,0,0,0,
"2016-12-29T17:10:00Z","2016-12-29T17:15:00Z",668.86,0.62,0,0,0,0,0,0,
"2016-12-29T17:15:00Z","2016-12-29T17:20:00Z",668.81,0.62,0,0,0,0,0,0,
"2016-12-29T17:20:00Z","2016-12-29T17:25:00Z",668.90,0.62,0,0,0,0,0,0,
"2016-12-29T17:25:00Z","2016-12-29T17:30:00Z",668.96,0.62,0,0,0,0,0,0,
"2016-12-29T17:30:00Z","2016-12-29T17:35:00Z",668.62,0.62,0,0,0,0,0,0,
"2016-12-29T17:35:00Z","2016-12-29T17:40:00Z",668.93,0.62,0,0,0,0,0,0,
"2016-12-29T17:40:00Z","2016-12-29T17:45:00Z",668.89,0.62,0,0,0,0,0,0,
"2016-12-29T17:45:00Z","2016-12-29T17:50:00Z",668.95,0.62,0,0,0,0,0,0,
"2016-12-29T17:50:00Z","2016-12-29T17:55:00Z",668.71,0.62,0,0,0,0,0,0,
"2016-12-29T17:55:00Z","2016-12-29T18:00:00Z",669.07,0.62,0,0,0,0,0,0,
"2016-12-29T18:00:00Z","2016-12-29T18:05:00Z",668.92,0.62,0,0,0,0,0,0,
"2016-12-29T18:05:00Z","2016-12-29T18:10:00Z",668.90,0.62,0,0,0,0,0,0,
"2016-12-29T18:10:00Z","2016-12-29T18:15:00Z",668.67,0.62,0,0,0,0,0,0,
"2016-12-29T18:15:00Z","2016-12-29T18:20:00Z",668.86,0.62,0,0,0,0,0,0,
"2016-12-29T18:20:00Z","2016-12-29T18:25:00Z",668.90,0.62,0,0,0,0,0,0,
"2016-12-29T18:25:00Z","2016-12-29T18:30:00Z",668.91,0.62,0,0,0,0,0,0,
"2016-12-29T18:30:00Z","2016-12-29T18:35:00Z",668.88,0.62,0,0,0,0,0,0,
"2016-12-29T18:35:00Z","2016-12-29T18:40:00Z",668.87,0.62,0,0,0,0,0,0,
"2016-12-29T18:40:00Z","2016-12-29T18:45:00Z",668.86,0.62,0,0,0,0,0,0,
"2016-12-29T18:45:00Z","2016-12-29T18:50:00Z",668.86,0.62,0,0,0,0,0,0,
"2016-12-29T18:50:00Z","2016-12-29T18:55:00Z",668.99,0.62,0,0,0,0,0,0,
"2016-12-29T18:55:00Z","2016-12-29T19:00:00Z",668.99,0.62,0,0,0,0,0,0,
"2016-12-29T19:00:00Z","2016-12-29T19:05:00Z",669.01,0.62,0,0,0,0,0,0,
"2016-12-29T19:05:00Z","2016-12-29T19:10:00Z",669.00,0.62,0,0,0,0,0,0,
"2016-12-29T19:10:00Z","2016-12-29T19:15:00Z",668.91,0.62,0,0,0,0,0,0,
"2016-12-29T19:15:00Z","2016-12-29T19:20:00Z",668.91,0.62,0,0,0,0,0,0,
"2016-12-29T19:20:00Z","2016-12-29T19:25:00Z",668.97,0.62,0,0,0,0,0,0,
"2016-12-29T19:25:00Z","2016-12-29T19:30:00Z",668.95,0.62,0,0,0,0,0,0,
"2016-12-29T19:30:00Z","2016-12-29T19:35:00Z",668.76,0.62,0,0,0,0,0,0,
"2016-12-29T19:35:00Z","2016-12-29T19:40:00Z",668.81,0.62,0,0,0,0,0,0,
"2016-12-29T19:40:00Z","2016-12-29T19:45:00Z",668.84,0.62,0,0,0,0,0,0,
"2016-12-29T19:45:00Z","2016-12-29T19:50:00Z",668.83,0.62,0,0,0,0,0,0,
"2016-12-29T19:50:00Z","2016-12-29T19:55:00Z",668.83,0.62,0,0,0,0,0,0,
"2016-12-29T19:55:00Z","2016-12-29T20:00:00Z",668.70,0.63,0,0,0,0,0,0,
"2016-12-29T20:00:00Z","2016-12-29T20:05:00Z",668.73,0.62,0,0,0,0,0,0,
"2016-12-29T20:05:00Z","2016-12-29T20:10:00Z",668.64,0.62,0,0,0,0,0,0,
"2016-12-29T20:10:00Z","2016-12-29T20:15:00Z",668.61,0.62,0,0,0,0,0,0,
"2016-12-29T20:15:00Z","2016-12-29T20:20:00Z",668.61,0.62,0,0,0,0,0,0,
"2016-12-29T20:20:00Z","2016-12-29T20:25:00Z",668.57,0.62,0,0,0,0,0,0,
"2016-12-29T20:25:00Z","2016-12-29T20:30:00Z",668.57,0.62,0,0,0,0,0,0,
"2016-12-29T20:30:00Z","2016-12-29T20:35:00Z",668.54,0.62,0,0,0,0,0,0,
"2016-12-29T20:35:00Z","2016-12-29T20:40:00Z",668.65,0.62,0,0,0,0,0,0,
"2016-12-29T20:40:00Z","2016-12-29T20:45:00Z",668.64,0.62,0,0,0,0,0,0,
"2016-12-29T20:45:00Z","2016-12-29T20:50:00Z",668.68,0.62,0,0,0,0,0,0,
"2016-12-29T20:50:00Z","2016-12-29T20:55:00Z",668.67,0.62,0,0,0,0,0,0,
"2016-12-29T20:55:00Z","2016-12-29T21:00:00Z",668.61,0.62,0,0,0,0,0,0,
"2016-12-29T21:00:00Z","2016-12-29T21:05:00Z",668.39,0.62,0,0,0,0,0,0,
"2016-12-29T21:05:00Z","2016-12-29T21:10:00Z",668.62,0.62,0,0,0,0,0,0,
"2016-12-29T21:10:00Z","2016-12-29T21:15:00Z",668.75,0.62,0,0,0,0,0,0,
"2016-12-29T21:15:00Z","2016-12-29T21:20:00Z",668.51,0.62,0,0,0,0,0,0,
"2016-12-29T21:20:00Z","2016-12-29T21:25:00Z",668.61,0.62,0,0,0,0,0,0,
"2016-12-29T21:25:00Z","2016-12-29T21:30:00Z",668.62,0.62,0,0,0,0,0,0,
"2016-12-29T21:30:00Z","2016-12-29T21:35:00Z",668.62,0.62,0,0,0,0,0,0,
"2016-12-29T21:35:00Z","2016-12-29T21:40:00Z",668.66,0.62,0,0,0,0,0,0,
"2016-12-29T21:40:00Z","2016-12-29T21:45:00Z",668.60,0.62,0,0,0,0,0,0,
"2016-12-29T21:45:00Z","2016-12-29T21:50:00Z",668.71,0.62,0,0,0,0,0,0,
"2016-12-29T21:50:00Z","2016-12-29T21:55:00Z",668.67,0.62,0,0,0,0,0,0,
"2016-12-29T21:55:00Z","2016-12-29T22:00:00Z",668.57,0.62,0,0,0,0,0,0,
"2016-12-29T22:00:00Z","2016-12-29T22:05:00Z",668.70,0.62,0,0,0,0,0,0,
"2016-12-29T22:05:00Z","2016-12-29T22:10:00Z",668.73,0.62,0,0,0,0,0,0,
"2016-12-29T22:10:00Z","2016-12-29T22:15:00Z",668.56,0.62,0,0,0,0,0,0,
"2016-12-29T22:15:00Z","2016-12-29T22:20:00Z",668.55,0.62,0,0,0,0,0,0,
"2016-12-29T22:20:00Z","2016-12-29T22:25:00Z",668.52,0.62,0,0,0,0,0,0,
"2016-12-29T22:25:00Z","2016-12-29T22:30:00Z",668.52,0.62,0,0,0,0,0,0,
"2016-12-29T22:30:00Z","2016-12-29T22:35:00Z",668.55,0.62,0,0,0,0,0,0,
"2016-12-29T22:35:00Z","2016-12-29T22:40:00Z",668.50,0.62,0,0,0,0,0,0,
"2016-12-29T22:40:00Z","2016-12-29T22:45:00Z",668.52,0.62,0,0,0,0,0,0,
"2016-12-29T22:45:00Z","2016-12-29T22:50:00Z",668.51,0.62,0,0,0,0,0,0,
"2016-12-29T22:50:00Z","2016-12-29T22:55:00Z",668.50,0.62,0,0,0,0,0,0,
"2016-12-29T22:55:00Z","2016-12-29T23:00:00Z",668.50,0.62,0,0,0,0,0,0,
"2016-12-29T23:00:00Z","2016-12-29T23:05:00Z",668.60,0.62,0,0,0,0,0,0,
"2016-12-29T23:05:00Z","2016-12-29T23:10:00Z",668.65,0.62,0,0,0,0,0,0,
"2016-12-29T23:10:00Z","2016-12-29T23:15:00Z",668.63,0.62,0,0,0,0,0,0,
"2016-12-29T23:15:00Z","2016-12-29T23:20:00Z",668.65,0.62,0,0,0,0,0,0,
"2016-12-29T23:20:00Z","2016-12-29T23:25:00Z",668.59,0.62,0,0,0,0,0,0,
"2016-12-29T23:25:00Z","2016-12-29T23:30:00Z",668.63,0.62,0,0,0,0,0,0,
"2016-12-29T23:30:00Z","2016-12-29T23:35:00Z",668.53,0.62,0,0,0,0,0,0,
"2016-12-29T23:35:00Z","2016-12-29T23:40:00Z",668.53,0.62,0,0,0,0,0,0,
"2016-12-29T23:40:00Z","2016-12-29T23:45:00Z",668.49,0.62,0,0,0,0,0,0,
"2016-12-29T23:45:00Z","2016-12-29T23:50:00Z",668.55,0.62,0,0,0,0,0,0,
"2016-12-29T23:50:00Z","2016-12-29T23:55:00Z",668.51,0.62,0,0,0,0,0,0,
"2016-12-29T23:55:00Z","2016-12-30T00:00:00Z",668.48,0.62,0,0,0,0,0,0,
"2016-12-30T00:00:00Z","2016-12-30T00:05:00Z",668.45,0.62,0,0,0,0,0,0,
"2016-12-30T00:05:00Z","2016-12-30T00:10:00Z",668.52,0.62,0,0,0,0,0,0,
"2016-12-30T00:10:00Z","2016-12-30T00:15:00Z",668.48,0.62,0,0,0,0,0,0,
"2016-12-30T00:15:00Z","2016-12-30T00:20:00Z",668.55,0.62,0,0,0,0,0,0,
"2016-12-30T00:20:00Z","2016-12-30T00:25:00Z",668.53,0.62,0,0,0,0,0,0,
"2016-12-30T00:25:00Z","2016-12-30T00:30:00Z",668.66,0.62,0,0,0,0,0,0,
"2016-12-30T00:30:00Z","2016-12-30T00:35:00Z",668.54,0.62,0,0,0,0,0,0,
"2016-12-30T00:35:00Z","2016-12-30T00:40:00Z",668.73,0.62,0,0,0,0,0,0,
"2016-12-30T00:40:00Z","2016-12-30T00:45:00Z",668.71,0.62,0,0,0,0,0,0,
"2016-12-30T00:45:00Z","2016-12-30T00:50:00Z",668.74,0.62,0,0,0,0,0,0,
"2016-12-30T00:50:00Z","2016-12-30T00:55:00Z",668.65,0.62,0,0,0,0,0,0,
"2016-12-30T00:55:00Z","2016-12-30T01:00:00Z",668.73,0.62,0,0,0,0,0,0,
"2016-12-30T01:00:00Z","2016-12-30T01:05:00Z",668.71,0.62,0,0,0,0,0,0,
"2016-12-30T01:05:00Z","2016-12-30T01:10:00Z",668.67,0.62,0,0,0,0,0,0,
"2016-12-30T01:10:00Z","2016-12-30T01:15:00Z",668.77,0.62,0,0,0,0,0,0,
"2016-12-30T01:15:00Z","2016-12-30T01:20:00Z",668.71,0.62,0,0,0,0,0,0,
"2016-12-30T01:20:00Z","2016-12-30T01:25:00Z",668.70,0.62,0,0,0,0,0,0,
"2016-12-30T01:25:00Z","2016-12-30T01:30:00Z",668.63,0.62,0,0,0,0,0,0,
"2016-12-30T01:30:00Z","2016-12-30T01:35:00Z",668.66,0.62,0,0,0,0,0,0,
"2016-12-30T01:35:00Z","2016-12-30T01:40:00Z",668.58,0.62,0,0,0,0,0,0,
"2016-12-30T01:40:00Z","2016-12-30T01:45:00Z",668.59,0.62,0,0,0,0,0,0,
"2016-12-30T01:45:00Z","2016-12-30T01:50:00Z",668.69,0.62,0,0,0,0,0,0,
"2016-12-30T01:50:00Z","2016-12-30T01:55:00Z",668.60,0.62,0,0,0,0,0,0,
"2016-12-30T01:55:00Z","2016-12-30T02:00:00Z",668.64,0.62,0,0,0,0,0,0,
"2016-12-30T02:00:00Z","2016-12-30T02:05:00Z",668.69,0.62,0,0,0,0,0,0,
"2016-12-30T02:05:00Z","2016-12-30T02:10:00Z",668.69,0.62,0,0,0,0,0,0,
"2016-12-30T02:10:00Z","2016-12-30T02:15:00Z",668.62,0.62,0,0,0,0,0,0,
"2016-12-30T02:15:00Z","2016-12-30T02:20:00Z",668.70,0.62,0,0,0,0,0,0,
"2016-12-30T02:20:00Z","2016-12-30T02:25:00Z",668.51,0.62,0,0,0,0,0,0,
"2016-12-30T02:25:00Z","2016-12-30T02:30:00Z",668.59,0.62,0,0,0,0,0,0,
"2016-12-30T02:30:00Z","2016-12-30T02:35:00Z",668.64,0.62,0,0,0,0,0,0,
"2016-12-30T02:35:00Z","2016-12-30T02:40:00Z",668.55,0.62,0,0,0,0,0,0,
"2016-12-30T02:40:00Z","2016-12-30T02:45:00Z",668.56,0.62,0,0,0,0,0,0,
"2016-12-30T02:45:00Z","2016-12-30T02:50:00Z",668.49,0.62,0,0,0,0,0,0,
"2016-12-30T02:50:00Z","2016-12-30T02:55:00Z",668.52,0.62,0,0,0,0,0,0,
"2016-12-30T02:55:00Z","2016-12-30T03:00:00Z",668.49,0.62,0,0,0,0,0,0,
"2016-12-30T03:00:00Z","2016-12-30T03:05:00Z",668.44,0.62,0,0,0,0,0,0,
"2016-12-30T03:05:00Z","2016-12-30T03:10:00Z",668.45,0.62,0,0,0,0,0,0,
"2016-12-30T03:10:00Z","2016-12-30T03:15:00Z",668.42,0.62,0,0,0,0,0,0,
"2016-12-30T03:15:00Z","2016-12-30T03:20:00Z",668.31,0.62,0,0,0,0,0,0,
"2016-12-30T03:20:00Z","2016-12-30T03:25:00Z",668.25,0.62,0,0,0,0,0,0,
"2016-12-30T03:25:00Z","2016-12-30T03:30:00Z",668.27,0.62,0,0,0,0,0,0,
"2016-12-30T03:30:00Z","2016-12-30T03:35:00Z",668.23,0.62,0,0,0,0,0,0,
"2016-12-30T03:35:00Z","2016-12-30T03:40:00Z",668.14,0.62,0,0,0,0,0,0,
"2016-12-30T03:40:00Z","2016-12-30T03:45:00Z",668.11,0.62,0,0,0,0,0,0,
"2016-12-30T03:45:00Z","2016-12-30T03:50:00Z",668.16,0.62,0,0,0,0,0,0,
"2016-12-30T03:50:00Z","2016-12-30T03:55:00Z",668.07,0.62,0,0,0,0,0,0,
"2016-12-30T03:55:00Z","2016-12-30T04:00:00Z",668.08,0.62,0,0,0,0,0,0,
"2016-12-30T04:00:00Z","2016-12-30T04:05:00Z",668.01,0.62,0,0,0,0,0,0,
"2016-12-30T04:05:00Z","2016-12-30T04:10:00Z",668.03,0.62,0,0,0,0,0,0,
"2016-12-30T04:10:00Z","2016-12-30T04:15:00Z",668.03,0.62,0,0,0,0,0,0,
"2016-12-30T04:15:00Z","2016-12-30T04:20:00Z",668.00,0.62,0,0,0,0,0,0,
"2016-12-30T04:20:00Z","2016-12-30T04:25:00Z",668.00,0.62,0,0,0,0,0,0,
"2016-12-30T04:25:00Z","2016-12-30T04:30:00Z",667.85,0.62,0,0,0,0,0,0,
"2016-12-30T04:30:00Z","2016-12-30T04:35:00Z",667.86,0.62,0,0,0,0,0,0,
"2016-12-30T04:35:00Z","2016-12-30T04:40:00Z",667.76,0.62,0,0,0,0,0,0,
"2016-12-30T04:40:00Z","2016-12-30T04:45:00Z",667.65,0.62,0,0,0,0,0,0,
"2016-12-30T04:45:00Z","2016-12-30T04:50:00Z",667.66,0.62,0,0,0,0,0,0,
"2016-12-30T04:50:00Z","2016-12-30T04:55:00Z",667.57,0.62,0,0,0,0,0,0,
"2016-12-30T04:55:00Z","2016-12-30T05:00:00Z",667.54,0.62,0,0,0,0,0,0,
"2016-12-30T05:00:00Z","2016-12-30T05:05:00Z",667.45,0.62,0,0,0,0,0,0,
"2016-12-30T05:05:00Z","2016-12-30T05:10:00Z",667.30,0.62,0,0,0,0,0,0,
"2016-12-30T05:10:00Z","2016-12-30T05:15:00Z",667.28,0.62,0,0,0,0,0,0,
"2016-12-30T05:15:00Z","2016-12-30T05:20:00Z",667.09,0.62,0,0,0,0,0,0,
"2016-12-30T05:20:00Z","2016-12-30T05:25:00Z",667.13,0.62,0,0,0,0,0,0,
"2016-12-30T05:25:00Z","2016-12-30T05:30:00Z",667.07,0.63,0,0,0,0,0,0,
"2016-12-30T05:30:00Z","2016-12-30T05:35:00Z",667.02,0.62,0,0,0,0,0,0,
"2016-12-30T05:35:00Z","2016-12-30T05:40:00Z",667.05,0.62,0,0,0,0,0,0,
"2016-12-30T05:40:00Z","2016-12-30T05:45:00Z",666.93,0.62,0,0,0,0,0,0,
"2016-12-30T05:45:00Z","2016-12-30T05:50:00Z",666.92,0.62,0,0,0,0,0,0,
"2016-12-30T05:50:00Z","2016-12-30T05:55:00Z",666.90,0.62,0,0,0,0,0,0,
"2016-12-30T05:55:00Z","2016-12-30T06:00:00Z",666.92,0.62,0,0,0,0,0,0,
"2016-12-30T06:00:00Z","2016-12-30T06:05:00Z",666.89,0.62,0,0,0,0,0,0,
"2016-12-30T06:05:00Z","2016-12-30T06:10:00Z",666.67,0.62,0,0,0,0,0,0,
"2016-12-30T06:10:00Z","2016-12-30T06:15:00Z",666.74,0.62,0,0,0,0,0,0,
"2016-12-30T06:15:00Z","2016-12-30T06:20:00Z",666.78,0.62,0,0,0,0,0,0,
"2016-12-30T06:20:00Z","2016-12-30T06:25:00Z",666.62,0.62,0,0,0,0,0,0,
"2016-12-30T06:25:00Z","2016-12-30T06:30:00Z",666.67,0.62,0,0,0,0,0,0,
"2016-12-30T06:30:00Z","2016-12-30T06:35:00Z",666.69,0.62,0,0,0,0,0,0,
"2016-12-30T06:35:00Z","2016-12-30T06:40:00Z",666.69,0.62,0,0,0,0,0,0,
"2016-12-30T06:40:00Z","2016-12-30T06:45:00Z",666.61,0.62,0,0,0,0,0,0,
"2016-12-30T06:45:00Z","2016-12-30T06:50:00Z",666.70,0.62,0,0,0,0,0,0,
"2016-12-30T06:50:00Z","2016-12-30T06:55:00Z",666.60,0.62,0,0,0,0,0,0,
"2016-12-30T06:55:00Z","2016-12-30T07:00:00Z",666.57,0.63,0,0,0,0,0,0,
"2016-12-30T07:00:00Z","2016-12-30T07:05:00Z",666.56,0.62,0,0,0,0,0,0,
"2016-12-30T07:05:00Z","2016-12-30T07:10:00Z",666.58,0.62,0,0,0,0,0,0,
"2016-12-30T07:10:00Z","2016-12-30T07:15:00Z",666.60,0.62,0,0,0,0,0,0,
"2016-12-30T07:15:00Z","2016-12-30T07:20:00Z",666.58,0.62,0,0,0,0,0,0,
"2016-12-30T07:20:00Z","2016-12-30T07:25:00Z",666.76,0.62,0,0,0,0,0,0,
"2016-12-30T07:25:00Z","2016-12-30T07:30:00Z",666.57,0.63,0,0,0,0,0,0,
"2016-12-30T07:30:00Z","2016-12-30T07:35:00Z",666.70,0.62,0,0,0,0,0,0,
"2016-12-30T07:35:00Z","2016-12-30T07:40:00Z",666.65,0.62,0,0,0,0,0,0,
"2016-12-30T07:40:00Z","2016-12-30T07:45:00Z",666.69,0.62,0,0,0,0,0,0,
"2016-12-30T07:45:00Z","2016-12-30T07:50:00Z",666.67,0.62,0,0,0,0,0,0,
"2016-12-30T07:50:00Z","2016-12-30T07:55:00Z",666.76,0.62,0,0,0,0,0,0,
"2016-12-30T07:55:00Z","2016-12-30T08:00:00Z",666.72,0.62,0,0,0,0,0,0,
"2016-12-30T08:00:00Z","2016-12-30T08:05:00Z",666.79,0.62,0,0,0,0,0,0,
"2016-12-30T08:05:00Z","2016-12-30T08:10:00Z",666.73,0.62,0,0,0,0,0,0,
"2016-12-30T08:10:00Z","2016-12-30T08:15:00Z",666.81,0.62,0,0,0,0,0,0,
"2016-12-30T08:15:00Z","2016-12-30T08:20:00Z",666.85,0.62,0,0,0,0,0,0,
"2016-12-30T08:20:00Z","2016-12-30T08:25:00Z",666.85,0.62,0,0,0,0,0,0,
"2016-12-30T08:25:00Z","2016-12-30T08:30:00Z",666.95,0.62,0,0,0,0,0,0,
"2016-12-30T08:30:00Z","2016-12-30T08:35:00Z",666.86,0.62,0,0,0,0,0,0,
"2016-12-30T08:35:00Z","2016-12-30T08:40:00Z",666.98,0.62,0,0,0,0,0,0,
"2016-12-30T08:40:00Z","2016-12-30T08:45:00Z",666.90,0.62,0,0,0,0,0,0,
"2016-12-30T08:45:00Z","2016-12-30T08:50:00Z",666.92,0.62,0,0,0,0,0,0,
"2016-12-30T08:50:00Z","2016-12-30T08:55:00Z",666.93,0.62,0,0,0,0,0,0,
"2016-12-30T08:55:00Z","2016-12-30T09:00:00Z",666.87,0.63,0,0,0,0,0,0,
"2016-12-30T09:00:00Z","2016-12-30T09:05:00Z",666.96,0.62,0,0,0,0,0,0,
"2016-12-30T09:05:00Z","2016-12-30T09:10:00Z",666.96,0.62,0,0,0,0,0,0,
"2016-12-30T09:10:00Z","2016-12-30T09:15:00Z",666.99,0.62,0,0,0,0,0,0,
"2016-12-30T09:15:00Z","2016-12-30T09:20:00Z",666.96,0.62,0,0,0,0,0,0,
"2016-12-30T09:20:00Z","2016-12-30T09:25:00Z",666.92,0.62,0,0,0,0,0,0,
"2016-12-30T09:25:00Z","2016-12-30T09:30:00Z",666.90,0.62,0,0,0,0,0,0,
"2016-12-30T09:30:00Z","2016-12-30T09:35:00Z",666.87,0.62,0,0,0,0,0,0,
"2016-12-30T09:35:00Z","2016-12-30T09:40:00Z",666.91,0.62,0,0,0,0,0,0,
"2016-12-30T09:40:00Z","2016-12-30T09:45:00Z",666.89,0.62,0,0,0,0,0,0,
"2016-12-30T09:45:00Z","2016-12-30T09:50:00Z",666.93,0.62,0,0,0,0,0,0,
"2016-12-30T09:50:00Z","2016-12-30T09:55:00Z",666.82,0.62,0,0,0,0,0,0,
"2016-12-30T09:55:00Z","2016-12-30T10:00:00Z",666.92,0.62,0,0,0,0,0,0,
"2016-12-30T10:00:00Z","2016-12-30T10:05:00Z",666.86,0.62,0,0,0,0,0,0,
"2016-12-30T10:05:00Z","2016-12-30T10:10:00Z",666.90,0.62,0,0,0,0,0,0,
"2016-12-30T10:10:00Z","2016-12-30T10:15:00Z",666.89,0.62,0,0,0,0,0,0,
"2016-12-30T10:15:00Z","2016-12-30T10:20:00Z",667.01,0.62,0,0,0,0,0,0,
"2016-12-30T10:20:00Z","2016-12-30T10:25:00Z",666.92,0.62,0,0,0,0,0,0,
"2016-12-30T10:25:00Z","2016-12-30T10:30:00Z",666.90,0.62,0,0,0,0,0,0,
"2016-12-30T10:30:00Z","2016-12-30T10:35:00Z",666.93,0.62,0,0,0,0,0,0,
"2016-12-30T10:35:00Z","2016-12-30T10:40:00Z",666.95,0.62,0,0,0,0,0,0,
"2016-12-30T10:40:00Z","2016-12-30T10:45:00Z",666.95,0.62,0,0,0,0,0,0,
"2016-12-30T10:45:00Z","2016-12-30T10:50:00Z",667.06,0.62,0,0,0,0,0,0,
"2016-12-30T10:50:00Z","2016-12-30T10:55:00Z",667.05,0.62,0,0,0,0,0,0,
"2016-12-30T10:55:00Z","2016-12-30T11:00:00Z",667.12,0.62,0,0,0,0,0,0,
"2016-12-30T11:00:00Z","2016-12-30T11:05:00Z",667.20,0.62,0,0,0,0,0,0,
"2016-12-30T11:05:00Z","2016-12-30T11:10:00Z",667.19,0.62,0,0,0,0,0,0,
"2016-12-30T11:10:00Z","2016-12-30T11:15:00Z",667.13,0.62,0,0,0,0,0,0,
"2016-12-30T11:15:00Z","2016-12-30T11:20:00Z",667.21,0.62,0,0,0,0,0,0,
"2016-12-30T11:20:00Z","2016-12-30T11:25:00Z",667.26,0.62,0,0,0,0,0,0,
"2016-12-30T11:25:00Z","2016-12-30T11:30:00Z",667.21,0.63,0,0,0,0,0,0,
"2016-12-30T11:30:00Z","2016-12-30T11:35:00Z",667.18,0.62,0,0,0,0,0,0,
"2016-12-30T11:35:00Z","2016-12-30T11:40:00Z",667.33,0.62,0,0,0,0,0,0,
"2016-12-30T11:40:00Z","2016-12-30T11:45:00Z",667.38,0.62,0,0,0,0,0,0,
"2016-12-30T11:45:00Z","2016-12-30T11:50:00Z",667.39,0.62,0,0,0,0,0,0,
"2016-12-30T11:50:00Z","2016-12-30T11:55:00Z",667.38,0.62,0,0,0,0,0,0,
"2016-12-30T11:55:00Z","2016-12-30T12:00:00Z",667.49,0.63,0,0,0,0,0,0,
"2016-12-30T12:00:00Z","2016-12-30T12:05:00Z",667.42,0.62,0,0,0,0,0,0,
"2016-12-30T12:05:00Z","2016-12-30T12:10:00Z",667.42,0.62,0,0,0,0,0,0,
"2016-12-30T12:10:00Z","2016-12-30T12:15:00Z",667.41,0.62,0,0,0,0,0,0,
"2016-12-30T12:15:00Z","2016-12-30T12:20:00Z",667.49,0.62,0,0,0,0,0,0,
"2016-12-30T12:20:00Z","2016-12-30T12:25:00Z",667.38,0.62,0,0,0,0,0,0,
"2016-12-30T12:25:00Z","2016-12-30T12:30:00Z",667.50,0.62,0,0,0,0,0,0,
"2016-12-30T12:30:00Z","2016-12-30T12:35:00Z",667.53,0.62,0,0,0,0,0,0,
"2016-12-30T12:35:00Z","2016-12-30T12:40:00Z",667.51,0.62,0,0,0,0,0,0,
"2016-12-30T12:40:00Z","2016-12-30T12:45:00Z",667.61,0.62,0,0,0,0,0,0,
"2016-12-30T12:45:00Z","2016-12-30T12:50:00Z",667.70,0.62,0,0,0,0,0,0,
"2016-12-30T12:50:00Z","2016-12-30T12:55:00Z",667.61,0.62,0,0,0,0,0,0,
"2016-12-30T12:55:00Z","2016-12-30T13:00:00Z",667.64,0.62,0,0,0,0,0,0,
"2016-12-30T13:00:00Z","2016-12-30T13:05:00Z",667.67,0.62,0,0,0,0,0,0,
"2016-12-30T13:05:00Z","2016-12-30T13:10:00Z",667.77,0.62,0,0,0,0,0,0,
"2016-12-30T13:10:00Z","2016-12-30T13:15:00Z",667.70,0.62,0,0,0,0,0,0,
"2016-12-30T13:15:00Z","2016-12-30T13:20:00Z",667.67,0.62,0,0,0,0,0,0,
"2016-12-30T13:20:00Z","2016-12-30T13:25:00Z",667.66,0.62,0,0,0,0,0,0,
"2016-12-30T13:25:00Z","2016-12-30T13:30:00Z",667.72,0.62,0,0,0,0,0,0,
"2016-12-30T13:30:00Z","2016-12-30T13:35:00Z",667.81,0.62,0,0,0,0,0,0,
"2016-12-30T13:35:00Z","2016-12-30T13:40:00Z",667.71,0.62,0,0,0,0,0,0,
"2016-12-30T13:40:00Z","2016-12-30T13:45:00Z",667.73,0.62,0,0,0,0,0,0,
"2016-12-30T13:45:00Z","2016-12-30T13:50:00Z",667.72,0.62,0,0,0,0,0,0,
"2016-12-30T13:50:00Z","2016-12-30T13:55:00Z",667.75,0.62,0,0,0,0,0,0,
"2016-12-30T13:55:00Z","2016-12-30T14:00:00Z",667.80,0.62,0,0,0,0,0,0,
"2016-12-30T14:00:00Z","2016-12-30T14:05:00Z",667.79,0.62,0,0,0,0,0,0,
"2016-12-30T14:05:00Z","2016-12-30T14:10:00Z",667.82,0.62,0,0,0,0,0,0,
"2016-12-30T14:10:00Z","2016-12-30T14:15:00Z",667.75,0.62,0,0,0,0,0,0,
"2016-12-30T14:15:00Z","2016-12-30T14:20:00Z",667.70,0.62,0,0,0,0,0,0,
"2016-12-30T14:20:00Z","2016-12-30T14:25:00Z",667.72,0.62,0,0,0,0,0,0,
"2016-12-30T14:25:00Z","2016-12-30T14:30:00Z",667.75,0.64,0,0,0,0,0,0,
"2016-12-30T14:30:00Z","2016-12-30T14:35:00Z",667.62,0.62,0,0,0,0,0,0,
"2016-12-30T14:35:00Z","2016-12-30T14:40:00Z",667.68,0.62,0,0,0,0,0,0,
"2016-12-30T14:40:00Z","2016-12-30T14:45:00Z",667.70,0.62,0,0,0,0,0,0,
"2016-12-30T14:45:00Z","2016-12-30T14:50:00Z",667.65,0.62,0,0,0,0,0,0,
"2016-12-30T14:50:00Z","2016-12-30T14:55:00Z",667.73,0.62,0,0,0,0,0,0,
"2016-12-30T14:55:00Z","2016-12-30T15:00:00Z",667.69,0.62,0,0,0,0,0,0,
"2016-12-30T15:00:00Z","2016-12-30T15:05:00Z",667.69,0.62,0,0,0,0,0,0,
"2016-12-30T15:05:00Z","2016-12-30T15:10:00Z",667.77,0.62,0,0,0,0,0,0,
"2016-12-30T15:10:00Z","2016-12-30T15:15:00Z",667.71,0.62,0,0,0,0,0,0,
"2016-12-30T15:15:00Z","2016-12-30T15:20:00Z",667.83,0.62,0,0,0,0,0,0,
"2016-12-30T15:20:00Z","2016-12-30T15:25:00Z",667.86,0.62,0,0,0,0,0,0,
"2016-12-30T15:25:00Z","2016-12-30T15:30:00Z",667.95,0.62,0,0,0,0,0,0,
"2016-12-30T15:30:00Z","2016-12-30T15:35:00Z",667.78,0.62,0,0,0,0,0,0,
"2016-12-30T15:35:00Z","2016-12-30T15:40:00Z",667.92,0.62,0,0,0,0,0,0,
"2016-12-30T15:40:00Z","2016-12-30T15:45:00Z",667.88,0.62,0,0,0,0,0,0,
"2016-12-30T15:45:00Z","2016-12-30T15:50:00Z",667.83,0.62,0,0,0,0,0,0,
"2016-12-30T15:50:00Z","2016-12-30T15:55:00Z",667.86,0.62,0,0,0,0,0,0,
"2016-12-30T15:55:00Z","2016-12-30T16:00:00Z",667.90,0.62,0,0,0,0,0,0,
"2016-12-30T16:00:00Z","2016-12-30T16:05:00Z",667.87,0.62,0,0,0,0,0,0,
"2016-12-30T16:05:00Z","2016-12-30T16:10:00Z",668.03,0.62,0,0,0,0,0,0,
"2016-12-30T16:10:00Z","2016-12-30T16:15:00Z",667.99,0.62,0,0,0,0,0,0,
"2016-12-30T16:15:00Z","2016-12-30T16:20:00Z",667.96,0.62,0,0,0,0,0,0,
"2016-12-30T16:20:00Z","2016-12-30T16:25:00Z",667.98,0.62,0,0,0,0,0,0,
"2016-12-30T16:25:00Z","2016-12-30T16:30:00Z",667.92,0.62,0,0,0,0,0,0,
"2016-12-30T16:30:00Z","2016-12-30T16:35:00Z",667.87,0.62,0,0,0,0,0,0,
"2016-12-30T16:35:00Z","2016-12-30T16:40:00Z",667.96,0.62,0,0,0,0,0,0,
"2016-12-30T16:40:00Z","2016-12-30T16:45:00Z",667.87,0.62,0,0,0,0,0,0,
"2016-12-30T16:45:00Z","2016-12-30T16:50:00Z",667.90,0.62,0,0,0,0,0,0,
"2016-12-30T16:50:00Z","2016-12-30T16:55:00Z",667.88,0.62,0,0,0,0,0,0,
"2016-12-30T16:55:00Z","2016-12-30T17:00:00Z",667.79,0.62,0,0,0,0,0,0,
"2016-12-30T17:00:00Z","2016-12-30T17:05:00Z",667.78,0.62,0,0,0,0,0,0,
"2016-12-30T17:05:00Z","2016-12-30T17:10:00Z",667.77,0.62,0,0,0,0,0,0,
"2016-12-30T17:10:00Z","2016-12-30T17:15:00Z",667.72,0.62,0,0,0,0,0,0,
"2016-12-30T17:15:00Z","2016-12-30T17:20:00Z",667.84,0.62,0,0,0,0,0,0,
"2016-12-30T17:20:00Z","2016-12-30T17:25:00Z",667.82,0.62,0,0,0,0,0,0,
"2016-12-30T17:25:00Z","2016-12-30T17:30:00Z",667.85,0.62,0,0,0,0,0,0,
"2016-12-30T17:30:00Z","2016-12-30T17:35:00Z",667.85,0.62,0,0,0,0,0,0,
"2016-12-30T17:35:00Z","2016-12-30T17:40:00Z",667.89,0.62,0,0,0,0,0,0,
"2016-12-30T17:40:00Z","2016-12-30T17:45:00Z",667.80,0.62,0,0,0,0,0,0,
"2016-12-30T17:45:00Z","2016-12-30T17:50:00Z",667.77,0.62,0,0,0,0,0,0,
"2016-12-30T17:50:00Z","2016-12-30T17:55:00Z",667.77,0.62,0,0,0,0,0,0,
"2016-12-30T17:55:00Z","2016-12-30T18:00:00Z",667.77,0.62,0,0,0,0,0,0,
"2016-12-30T18:00:00Z","2016-12-30T18:05:00Z",667.74,0.62,0,0,0,0,0,0,
"2016-12-30T18:05:00Z","2016-12-30T18:10:00Z",667.80,0.62,0,0,0,0,0,0,
"2016-12-30T18:10:00Z","2016-12-30T18:15:00Z",667.76,0.62,0,0,0,0,0,0,
"2016-12-30T18:15:00Z","2016-12-30T18:20:00Z",667.82,0.62,0,0,0,0,0,0,
"2016-12-30T18:20:00Z","2016-12-30T18:25:00Z",667.85,0.62,0,0,0,0,0,0,
"2016-12-30T18:25:00Z","2016-12-30T18:30:00Z",667.91,0.62,0,0,0,0,0,0,
"2016-12-30T18:30:00Z","2016-12-30T18:35:00Z",667.85,0.62,0,0,0,0,0,0,
"2016-12-30T18:35:00Z","2016-12-30T18:40:00Z",667.85,0.62,0,0,0,0,0,0,
"2016-12-30T18:40:00Z","2016-12-30T18:45:00Z",667.93,0.62,0,0,0,0,0,0,
"2016-12-30T18:45:00Z","2016-12-30T18:50:00Z",667.84,0.62,0,0,0,0,0,0,
"2016-12-30T18:50:00Z","2016-12-30T18:55:00Z",667.88,0.62,0,0,0,0,0,0,
"2016-12-30T18:55:00Z","2016-12-30T19:00:00Z",667.82,0.62,0,0,0,0,0,0,
"2016-12-30T19:00:00Z","2016-12-30T19:05:00Z",667.81,0.62,0,0,0,0,0,0,
"2016-12-30T19:05:00Z","2016-12-30T19:10:00Z",667.87,0.62,0,0,0,0,0,0,
"2016-12-30T19:10:00Z","2016-12-30T19:15:00Z",667.89,0.62,0,0,0,0,0,0,
"2016-12-30T19:15:00Z","2016-12-30T19:20:00Z",667.81,0.62,0,0,0,0,0,0,
"2016-12-30T19:20:00Z","2016-12-30T19:25:00Z",667.78,0.62,0,0,0,0,0,0,
"2016-12-30T19:25:00Z","2016-12-30T19:30:00Z",667.76,0.63,0,0,0,0,0,0,
"2016-12-30T19:30:00Z","2016-12-30T19:35:00Z",667.70,0.62,0,0,0,0,0,0,
"2016-12-30T19:35:00Z","2016-12-30T19:40:00Z",667.65,0.62,0,0,0,0,0,0,
"2016-12-30T19:40:00Z","2016-12-30T19:45:00Z",667.68,0.62,0,0,0,0,0,0,
"2016-12-30T19:45:00Z","2016-12-30T19:50:00Z",667.62,0.62,0,0,0,0,0,0,
"2016-12-30T19:50:00Z","2016-12-30T19:55:00Z",667.61,0.62,0,0,0,0,0,0,
"2016-12-30T19:55:00Z","2016-12-30T20:00:00Z",667.57,0.62,0,0,0,0,0,0,
"2016-12-30T20:00:00Z","2016-12-30T20:05:00Z",667.61,0.62,0,0,0,0,0,0,
"2016-12-30T20:05:00Z","2016-12-30T20:10:00Z",667.58,0.62,0,0,0,0,0,0,
"2016-12-30T20:10:00Z","2016-12-30T20:15:00Z",667.57,0.62,0,0,0,0,0,0,
"2016-12-30T20:15:00Z","2016-12-30T20:20:00Z",667.61,0.62,0,0,0,0,0,0,
"2016-12-30T20:20:00Z","2016-12-30T20:25:00Z",667.61,0.62,0,0,0,0,0,0,
"2016-12-30T20:25:00Z","2016-12-30T20:30:00Z",667.57,0.62,0,0,0,0,0,0,
"2016-12-30T20:30:00Z","2016-12-30T20:35:00Z",667.62,0.62,0,0,0,0,0,0,
"2016-12-30T20:35:00Z","2016-12-30T20:40:00Z",667.48,0.62,0,0,0,0,0,0,
"2016-12-30T20:40:00Z","2016-12-30T20:45:00Z",667.53,0.62,0,0,0,0,0,0,
"2016-12-30T20:45:00Z","2016-12-30T20:50:00Z",667.50,0.62,0,0,0,0,0,0,
"2016-12-30T20:50:00Z","2016-12-30T20:55:00Z",667.41,0.62,0,0,0,0,0,0,
"2016-12-30T20:55:00Z","2016-12-30T21:00:00Z",667.42,0.62,0,0,0,0,0,0,
"2016-12-30T21:00:00Z","2016-12-30T21:05:00Z",667.39,0.62,0,0,0,0,0,0,
"2016-12-30T21:05:00Z","2016-12-30T21:10:00Z",667.38,0.62,0,0,0,0,0,0,
"2016-12-30T21:10:00Z","2016-12-30T21:15:00Z",667.39,0.62,0,0,0,0,0,0,
"2016-12-30T21:15:00Z","2016-12-30T21:20:00Z",667.41,0.62,0,0,0,0,0,0,
"2016-12-30T21:20:00Z","2016-12-30T21:25:00Z",667.36,0.62,0,0,0,0,0,0,
"2016-12-30T21:25:00Z","2016-12-30T21:30:00Z",667.42,0.62,0,0,0,0,0,0,
"2016-12-30T21:30:00Z","2016-12-30T21:35:00Z",667.37,0.62,0,0,0,0,0,0,
"2016-12-30T21:35:00Z","2016-12-30T21:40:00Z",667.27,0.62,0,0,0,0,0,0,
"2016-12-30T21:40:00Z","2016-12-30T21:45:00Z",667.25,0.62,0,0,0,0,0,0,
"2016-12-30T21:45:00Z","2016-12-30T21:50:00Z",667.25,0.62,0,0,0,0,0,0,
"2016-12-30T21:50:00Z","2016-12-30T21:55:00Z",667.30,0.62,0,0,0,0,0,0,
"2016-12-30T21:55:00Z","2016-12-30T22:00:00Z",667.33,0.62,0,0,0,0,0,0,
"2016-12-30T22:00:00Z","2016-12-30T22:05:00Z",667.25,0.62,0,0,0,0,0,0,
"2016-12-30T22:05:00Z","2016-12-30T22:10:00Z",667.35,0.62,0,0,0,0,0,0,
"2016-12-30T22:10:00Z","2016-12-30T22:15:00Z",667.27,0.62,0,0,0,0,0,0,
"2016-12-30T22:15:00Z","2016-12-30T22:20:00Z",667.29,0.62,0,0,0,0,0,0,
"2016-12-30T22:20:00Z","2016-12-30T22:25:00Z",667.23,0.62,0,0,0,0,0,0,
"2016-12-30T22:25:00Z","2016-12-30T22:30:00Z",667.32,0.62,0,0,0,0,0,0,
"2016-12-30T22:30:00Z","2016-12-30T22:35:00Z",667.32,0.62,0,0,0,0,0,0,
"2016-12-30T22:35:00Z","2016-12-30T22:40:00Z",667.09,0.62,0,0,0,0,0,0,
"2016-12-30T22:40:00Z","2016-12-30T22:45:00Z",667.28,0.62,0,0,0,0,0,0,
"2016-12-30T22:45:00Z","2016-12-30T22:50:00Z",667.20,0.62,0,0,0,0,0,0,
"2016-12-30T22:50:00Z","2016-12-30T22:55:00Z",667.23,0.62,0,0,0,0,0,0,
"2016-12-30T22:55:00Z","2016-12-30T23:00:00Z",667.22,0.62,0,0,0,0,0,0,
"2016-12-30T23:00:00Z","2016-12-30T23:05:00Z",667.27,0.62,0,0,0,0,0,0,
"2016-12-30T23:05:00Z","2016-12-30T23:10:00Z",667.20,0.62,0,0,0,0,0,0,
"2016-12-30T23:10:00Z","2016-12-30T23:15:00Z",667.13,0.62,0,0,0,0,0,0,
"2016-12-30T23:15:00Z","2016-12-30T23:20:00Z",667.27,0.62,0,0,0,0,0,0,
"2016-12-30T23:20:00Z","2016-12-30T23:25:00Z",667.27,0.62,0,0,0,0,0,0,
"2016-12-30T23:25:00Z","2016-12-30T23:30:00Z",667.15,0.63,0,0,0,0,0,0,
"2016-12-30T23:30:00Z","2016-12-30T23:35:00Z",667.23,0.62,0,0,0,0,0,0,
"2016-12-30T23:35:00Z","2016-12-30T23:40:00Z",667.19,0.62,0,0,0,0,0,0,
"2016-12-30T23:40:00Z","2016-12-30T23:45:00Z",667.16,0.62,0,0,0,0,0,0,
"2016-12-30T23:45:00Z","2016-12-30T23:50:00Z",667.12,0.62,0,0,0,0,0,0,
"2016-12-30T23:50:00Z","2016-12-30T23:55:00Z",667.23,0.62,0,0,0,0,0,0,
"2016-12-30T23:55:00Z","2016-12-31T00:00:00Z",667.22,0.62,0,0,0,0,0,0,
"2016-12-31T00:00:00Z","2016-12-31T00:05:00Z",667.22,0.62,0,0,0,0,0,0,
"2016-12-31T00:05:00Z","2016-12-31T00:10:00Z",667.14,0.62,0,0,0,0,0,0,
"2016-12-31T00:10:00Z","2016-12-31T00:15:00Z",667.09,0.62,0,0,0,0,0,0,
"2016-12-31T00:15:00Z","2016-12-31T00:20:00Z",667.13,0.62,0,0,0,0,0,0,
"2016-12-31T00:20:00Z","2016-12-31T00:25:00Z",667.25,0.62,0,0,0,0,0,0,
"2016-12-31T00:25:00Z","2016-12-31T00:30:00Z",667.17,0.62,0,0,0,0,0,0,
"2016-12-31T00:30:00Z","2016-12-31T00:35:00Z",667.18,0.62,0,0,0,0,0,0,
"2016-12-31T00:35:00Z","2016-12-31T00:40:00Z",667.11,0.62,0,0,0,0,0,0,
"2016-12-31T00:40:00Z","2016-12-31T00:45:00Z",667.23,0.62,0,0,0,0,0,0,
"2016-12-31T00:45:00Z","2016-12-31T00:50:00Z",667.24,0.62,0,0,0,0,0,0,
"2016-12-31T00:50:00Z","2016-12-31T00:55:00Z",667.24,0.62,0,0,0,0,0,0,
"2016-12-31T00:55:00Z","2016-12-31T01:00:00Z",667.24,0.63,0,0,0,0,0,0,
"2016-12-31T01:00:00Z","2016-12-31T01:05:00Z",667.16,0.62,0,0,0,0,0,0,
"2016-12-31T01:05:00Z","2016-12-31T01:10:00Z",667.19,0.62,0,0,0,0,0,0,
"2016-12-31T01:10:00Z","2016-12-31T01:15:00Z",667.14,0.62,0,0,0,0,0,0,
"2016-12-31T01:15:00Z","2016-12-31T01:20:00Z",667.25,0.62,0,0,0,0,0,0,
"2016-12-31T01:20:00Z","2016-12-31T01:25:00Z",667.18,0.62,0,0,0,0,0,0,
"2016-12-31T01:25:00Z","2016-12-31T01:30:00Z",667.18,0.62,0,0,0,0,0,0,
"2016-12-31T01:30:00Z","2016-12-31T01:35:00Z",667.22,0.62,0,0,0,0,0,0,
"2016-12-31T01:35:00Z","2016-12-31T01:40:00Z",667.17,0.62,0,0,0,0,0,0,
"2016-12-31T01:40:00Z","2016-12-31T01:45:00Z",667.25,0.62,0,0,0,0,0,0,
"2016-12-31T01:45:00Z","2016-12-31T01:50:00Z",667.23,0.62,0,0,0,0,0,0,
"2016-12-31T01:50:00Z","2016-12-31T01:55:00Z",667.14,0.62,0,0,0,0,0,0,
"2016-12-31T01:55:00Z","2016-12-31T02:00:00Z",667.16,0.62,0,0,0,0,0,0,
"2016-12-31T02:00:00Z","2016-12-31T02:05:00Z",667.26,0.62,0,0,0,0,0,0,
"2016-12-31T02:05:00Z","2016-12-31T02:10:00Z",667.15,0.62,0,0,0,0,0,0,
"2016-12-31T02:10:00Z","2016-12-31T02:15:00Z",667.18,0.62,0,0,0,0,0,0,
"2016-12-31T02:15:00Z","2016-12-31T02:20:00Z",667.09,0.62,0,0,0,0,0,0,
"2016-12-31T02:20:00Z","2016-12-31T02:25:00Z",667.15,0.62,0,0,0,0,0,0,
"2016-12-31T02:25:00Z","2016-12-31T02:30:00Z",667.14,0.62,0,0,0,0,0,0,
"2016-12-31T02:30:00Z","2016-12-31T02:35:00Z",667.15,0.62,0,0,0,0,0,0,
"2016-12-31T02:35:00Z","2016-12-31T02:40:00Z",667.09,0.62,0,0,0,0,0,0,
"2016-12-31T02:40:00Z","2016-12-31T02:45:00Z",667.06,0.62,0,0,0,0,0,0,
"2016-12-31T02:45:00Z","2016-12-31T02:50:00Z",667.03,0.62,0,0,0,0,0,0,
"2016-12-31T02:50:00Z","2016-12-31T02:55:00Z",667.02,0.62,0,0,0,0,0,0,
"2016-12-31T02:55:00Z","2016-12-31T03:00:00Z",666.99,0.62,0,0,0,0,0,0,
"2016-12-31T03:00:00Z","2016-12-31T03:05:00Z",667.01,0.62,0,0,0,0,0,0,
"2016-12-31T03:05:00Z","2016-12-31T03:10:00Z",666.94,0.62,0,0,0,0,0,0,
"2016-12-31T03:10:00Z","2016-12-31T03:15:00Z",666.87,0.62,0,0,0,0,0,0,
"2016-12-31T03:15:00Z","2016-12-31T03:20:00Z",666.95,0.62,0,0,0,0,0,0,
"2016-12-31T03:20:00Z","2016-12-31T03:25:00Z",666.96,0.62,0,0,0,0,0,0,
"2016-12-31T03:25:00Z","2016-12-31T03:30:00Z",666.94,0.63,0,0,0,0,0,0,
"2016-12-31T03:30:00Z","2016-12-31T03:35:00Z",666.87,0.62,0,0,0,0,0,0,
"2016-12-31T03:35:00Z","2016-12-31T03:40:00Z",666.89,0.62,0,0,0,0,0,0,
"2016-12-31T03:40:00Z","2016-12-31T03:45:00Z",666.89,0.62,0,0,0,0,0,0,
"2016-12-31T03:45:00Z","2016-12-31T03:50:00Z",666.87,0.62,0,0,0,0,0,0,
"2016-12-31T03:50:00Z","2016-12-31T03:55:00Z",666.85,0.62,0,0,0,0,0,0,
"2016-12-31T03:55:00Z","2016-12-31T04:00:00Z",666.87,0.62,0,0,0,0,0,0,
"2016-12-31T04:00:00Z","2016-12-31T04:05:00Z",666.95,0.62,0,0,0,0,0,0,
"2016-12-31T04:05:00Z","2016-12-31T04:10:00Z",666.90,0.62,0,0,0,0,0,0,
"2016-12-31T04:10:00Z","2016-12-31T04:15:00Z",666.88,0.62,0,0,0,0,0,0,
"2016-12-31T04:15:00Z","2016-12-31T04:20:00Z",667.01,0.62,0,0,0,0,0,0,
"2016-12-31T04:20:00Z","2016-12-31T04:25:00Z",666.97,0.62,0,0,0,0,0,0,
"2016-12-31T04:25:00Z","2016-12-31T04:30:00Z",666.94,0.63,0,0,0,0,0,0,
"2016-12-31T04:30:00Z","2016-12-31T04:35:00Z",666.99,0.62,0,0,0,0,0,0,
"2016-12-31T04:35:00Z","2016-12-31T04:40:00Z",667.05,0.62,0,0,0,0,0,0,
"2016-12-31T04:40:00Z","2016-12-31T04:45:00Z",667.06,0.62,0,0,0,0,0,0,
"2016-12-31T04:45:00Z","2016-12-31T04:50:00Z",667.00,0.62,0,0,0,0,0,0,
"2016-12-31T04:50:00Z","2016-12-31T04:55:00Z",667.08,0.62,0,0,0,0,0,0,
"2016-12-31T04:55:00Z","2016-12-31T05:00:00Z",667.06,0.62,0,0,0,0,0,0,
"2016-12-31T05:00:00Z","2016-12-31T05:05:00Z",667.14,0.62,0,0,0,0,0,0,
"2016-12-31T05:05:00Z","2016-12-31T05:10:00Z",667.05,0.62,0,0,0,0,0,0,
"2016-12-31T05:10:00Z","2016-12-31T05:15:00Z",667.04,0.62,0,0,0,0,0,0,
"2016-12-31T05:15:00Z","2016-12-31T05:20:00Z",667.17,0.62,0,0,0,0,0,0,
"2016-12-31T05:20:00Z","2016-12-31T05:25:00Z",667.18,0.62,0,0,0,0,0,0,
"2016-12-31T05:25:00Z","2016-12-31T05:30:00Z",667.16,0.62,0,0,0,0,0,0,
"2016-12-31T05:30:00Z","2016-12-31T05:35:00Z",667.04,0.62,0,0,0,0,0,0,
"2016-12-31T05:35:00Z","2016-12-31T05:40:00Z",667.13,0.62,0,0,0,0,0,0,
"2016-12-31T05:40:00Z","2016-12-31T05:45:00Z",667.09,0.62,0,0,0,0,0,0,
"2016-12-31T05:45:00Z","2016-12-31T05:50:00Z",667.14,0.62,0,0,0,0,0,0,
"2016-12-31T05:50:00Z","2016-12-31T05:55:00Z",667.16,0.62,0,0,0,0,0,0,
"2016-12-31T05:55:00Z","2016-12-31T06:00:00Z",667.08,0.62,0,0,0,0,0,0,
"2016-12-31T06:00:00Z","2016-12-31T06:05:00Z",667.11,0.62,0,0,0,0,0,0,
"2016-12-31T06:05:00Z","2016-12-31T06:10:00Z",667.20,0.62,0,0,0,0,0,0,
"2016-12-31T06:10:00Z","2016-12-31T06:15:00Z",667.19,0.62,0,0,0,0,0,0,
"2016-12-31T06:15:00Z","2016-12-31T06:20:00Z",667.19,0.62,0,0,0,0,0,0,
"2016-12-31T06:20:00Z","2016-12-31T06:25:00Z",667.20,0.62,0,0,0,0,0,0,
"2016-12-31T06:25:00Z","2016-12-31T06:30:00Z",667.24,0.62,0,0,0,0,0,0,
"2016-12-31T06:30:00Z","2016-12-31T06:35:00Z",667.24,0.62,0,0,0,0,0,0,
"2016-12-31T06:35:00Z","2016-12-31T06:40:00Z",667.20,0.62,0,0,0,0,0,0,
"2016-12-31T06:40:00Z","2016-12-31T06:45:00Z",667.19,0.62,0,0,0,0,0,0,
"2016-12-31T06:45:00Z","2016-12-31T06:50:00Z",667.35,0.62,0,0,0,0,0,0,
"2016-12-31T06:50:00Z","2016-12-31T06:55:00Z",667.34,0.62,0,0,0,0,0,0,
"2016-12-31T06:55:00Z","2016-12-31T07:00:00Z",667.27,0.63,0,0,0,0,0,0,
"2016-12-31T07:00:00Z","2016-12-31T07:05:00Z",667.33,0.62,0,0,0,0,0,0,
"2016-12-31T07:05:00Z","2016-12-31T07:10:00Z",667.27,0.62,0,0,0,0,0,0,
"2016-12-31T07:10:00Z","2016-12-31T07:15:00Z",667.32,0.62,0,0,0,0,0,0,
"2016-12-31T07:15:00Z","2016-12-31T07:20:00Z",667.37,0.62,0,0,0,0,0,0,
"2016-12-31T07:20:00Z","2016-12-31T07:25:00Z",667.36,0.62,0,0,0,0,0,0,
"2016-12-31T07:25:00Z","2016-12-31T07:30:00Z",667.32,0.62,0,0,0,0,0,0,
"2016-12-31T07:30:00Z","2016-12-31T07:35:00Z",667.45,0.62,0,0,0,0,0,0,
"2016-12-31T07:35:00Z","2016-12-31T07:40:00Z",667.50,0.62,0,0,0,0,0,0,
"2016-12-31T07:40:00Z","2016-12-31T07:45:00Z",667.41,0.62,0,0,0,0,0,0,
"2016-12-31T07:45:00Z","2016-12-31T07:50:00Z",667.43,0.62,0,0,0,0,0,0,
"2016-12-31T07:50:00Z","2016-12-31T07:55:00Z",667.40,0.62,0,0,0,0,0,0,
"2016-12-31T07:55:00Z","2016-12-31T08:00:00Z",667.45,0.63,0,0,0,0,0,0,
"2016-12-31T08:00:00Z","2016-12-31T08:05:00Z",667.45,0.62,0,0,0,0,0,0,
"2016-12-31T08:05:00Z","2016-12-31T08:10:00Z",667.46,0.62,0,0,0,0,0,0,
"2016-12-31T08:10:00Z","2016-12-31T08:15:00Z",667.45,0.62,0,0,0,0,0,0,
"2016-12-31T08:15:00Z","2016-12-31T08:20:00Z",667.41,0.62,0,0,0,0,0,0,
"2016-12-31T08:20:00Z","2016-12-31T08:25:00Z",667.45,0.62,0,0,0,0,0,0,
"2016-12-31T08:25:00Z","2016-12-31T08:30:00Z",667.48,0.63,0,0,0,0,0,0,
"2016-12-31T08:30:00Z","2016-12-31T08:35:00Z",667.48,0.62,0,0,0,0,0,0,
"2016-12-31T08:35:00Z","2016-12-31T08:40:00Z",667.55,0.62,0,0,0,0,0,0,
"2016-12-31T08:40:00Z","2016-12-31T08:45:00Z",667.56,0.62,0,0,0,0,0,0,
"2016-12-31T08:45:00Z","2016-12-31T08:50:00Z",667.50,0.62,0,0,0,0,0,0,
"2016-12-31T08:50:00Z","2016-12-31T08:55:00Z",667.52,0.62,0,0,0,0,0,0,
"2016-12-31T08:55:00Z","2016-12-31T09:00:00Z",667.55,0.62,0,0,0,0,0,0,
"2016-12-31T09:00:00Z","2016-12-31T09:05:00Z",667.55,0.62,0,0,0,0,0,0,
"2016-12-31T09:05:00Z","2016-12-31T09:10:00Z",667.59,0.62,0,0,0,0,0,0,
"2016-12-31T09:10:00Z","2016-12-31T09:15:00Z",667.62,0.62,0,0,0,0,0,0,
"2016-12-31T09:15:00Z","2016-12-31T09:20:00Z",667.60,0.62,0,0,0,0,0,0,
"2016-12-31T09:20:00Z","2016-12-31T09:25:00Z",667.57,0.62,0,0,0,0,0,0,
"2016-12-31T09:25:00Z","2016-12-31T09:30:00Z",667.69,0.63,0,0,0,0,0,0,
"2016-12-31T09:30:00Z","2016-12-31T09:35:00Z",667.64,0.62,0,0,0,0,0,0,
"2016-12-31T09:35:00Z","2016-12-31T09:40:00Z",667.73,0.62,0,0,0,0,0,0,
"2016-12-31T09:40:00Z","2016-12-31T09:45:00Z",667.77,0.62,0,0,0,0,0,0,
"2016-12-31T09:45:00Z","2016-12-31T09:50:00Z",667.79,0.62,0,0,0,0,0,0,
"2016-12-31T09:50:00Z","2016-12-31T09:55:00Z",667.75,0.62,0,0,0,0,0,0,
"2016-12-31T09:55:00Z","2016-12-31T10:00:00Z",667.87,0.64,0,0,0,0,0,0,
"2016-12-31T10:00:00Z","2016-12-31T10:05:00Z",667.88,0.62,0,0,0,0,0,0,
"2016-12-31T10:05:00Z","2016-12-31T10:10:00Z",667.94,0.62,0,0,0,0,0,0,
"2016-12-31T10:10:00Z","2016-12-31T10:15:00Z",667.86,0.62,0,0,0,0,0,0,
"2016-12-31T10:15:00Z","2016-12-31T10:20:00Z",667.78,0.62,0,0,0,0,0,0,
"2016-12-31T10:20:00Z","2016-12-31T10:25:00Z",667.98,0.62,0,0,0,0,0,0,
"2016-12-31T10:25:00Z","2016-12-31T10:30:00Z",667.86,0.62,0,0,0,0,0,0,
"2016-12-31T10:30:00Z","2016-12-31T10:35:00Z",667.82,0.62,0,0,0,0,0,0,
"2016-12-31T10:35:00Z","2016-12-31T10:40:00Z",667.82,0.62,0,0,0,0,0,0,
"2016-12-31T10:40:00Z","2016-12-31T10:45:00Z",667.81,0.62,0,0,0,0,0,0,
"2016-12-31T10:45:00Z","2016-12-31T10:50:00Z",667.83,0.62,0,0,0,0,0,0,
"2016-12-31T10:50:00Z","2016-12-31T10:55:00Z",667.83,0.62,0,0,0,0,0,0,
"2016-12-31T10:55:00Z","2016-12-31T11:00:00Z",667.73,0.63,0,0,0,0,0,0,
"2016-12-31T11:00:00Z","2016-12-31T11:05:00Z",667.75,0.62,0,0,0,0,0,0,
"2016-12-31T11:05:00Z","2016-12-31T11:10:00Z",667.79,0.62,0,0,0,0,0,0,
"2016-12-31T11:10:00Z","2016-12-31T11:15:00Z",667.78,0.62,0,0,0,0,0,0,
"2016-12-31T11:15:00Z","2016-12-31T11:20:00Z",667.77,0.62,0,0,0,0,0,0,
"2016-12-31T11:20:00Z","2016-12-31T11:25:00Z",667.72,0.62,0,0,0,0,0,0,
"2016-12-31T11:25:00Z","2016-12-31T11:30:00Z",667.72,0.62,0,0,0,0,0,0,
"2016-12-31T11:30:00Z","2016-12-31T11:35:00Z",667.71,0.62,0,0,0,0,0,0,
"2016-12-31T11:35:00Z","2016-12-31T11:40:00Z",667.74,0.62,0,0,0,0,0,0,
"2016-12-31T11:40:00Z","2016-12-31T11:45:00Z",667.68,0.62,0,0,0,0,0,0,
"2016-12-31T11:45:00Z","2016-12-31T11:50:00Z",667.73,0.62,0,0,0,0,0,0,
"2016-12-31T11:50:00Z","2016-12-31T11:55:00Z",667.69,0.62,0,0,0,0,0,0,
"2016-12-31T11:55:00Z","2016-12-31T12:00:00Z",667.79,0.63,0,0,0,0,0,0,
"2016-12-31T12:00:00Z","2016-12-31T12:05:00Z",667.73,0.62,0,0,0,0,0,0,
"2016-12-31T12:05:00Z","2016-12-31T12:10:00Z",667.71,0.62,0,0,0,0,0,0,
"2016-12-31T12:10:00Z","2016-12-31T12:15:00Z",667.75,0.62,0,0,0,0,0,0,
"2016-12-31T12:15:00Z","2016-12-31T12:20:00Z",667.70,0.62,0,0,0,0,0,0,
"2016-12-31T12:20:00Z","2016-12-31T12:25:00Z",667.74,0.62,0,0,0,0,0,0,
"2016-12-31T12:25:00Z","2016-12-31T12:30:00Z",667.66,0.62,0,0,0,0,0,0,
"2016-12-31T12:30:00Z","2016-12-31T12:35:00Z",667.80,0.62,0,0,0,0,0,0,
"2016-12-31T12:35:00Z","2016-12-31T12:40:00Z",667.76,0.62,0,0,0,0,0,0,
"2016-12-31T12:40:00Z","2016-12-31T12:45:00Z",667.76,0.62,0,0,0,0,0,0,
"2016-12-31T12:45:00Z","2016-12-31T12:50:00Z",667.73,0.62,0,0,0,0,0,0,
"2016-12-31T12:50:00Z","2016-12-31T12:55:00Z",667.80,0.62,0,0,0,0,0,0,
"2016-12-31T12:55:00Z","2016-12-31T13:00:00Z",667.83,0.63,0,0,0,0,0,0,
"2016-12-31T13:00:00Z","2016-12-31T13:05:00Z",667.87,0.62,0,0,0,0,0,0,
"2016-12-31T13:05:00Z","2016-12-31T13:10:00Z",667.85,0.62,0,0,0,0,0,0,
"2016-12-31T13:10:00Z","2016-12-31T13:15:00Z",667.84,0.62,0,0,0,0,0,0,
"2016-12-31T13:15:00Z","2016-12-31T13:20:00Z",667.84,0.62,0,0,0,0,0,0,
"2016-12-31T13:20:00Z","2016-12-31T13:25:00Z",667.93,0.62,0,0,0,0,0,0,
"2016-12-31T13:25:00Z","2016-12-31T13:30:00Z",667.81,0.63,0,0,0,0,0,0,
"2016-12-31T13:30:00Z","2016-12-31T13:35:00Z",667.81,0.62,0,0,0,0,0,0,
"2016-12-31T13:35:00Z","2016-12-31T13:40:00Z",667.84,0.62,0,0,0,0,0,0,
"2016-12-31T13:40:00Z","2016-12-31T13:45:00Z",667.91,0.62,0,0,0,0,0,0,
"2016-12-31T13:45:00Z","2016-12-31T13:50:00Z",667.90,0.62,0,0,0,0,0,0,
"2016-12-31T13:50:00Z","2016-12-31T13:55:00Z",667.90,0.62,0,0,0,0,0,0,
"2016-12-31T13:55:00Z","2016-12-31T14:00:00Z",667.97,0.62,0,0,0,0,0,0,
"2016-12-31T14:00:00Z","2016-12-31T14:05:00Z",667.92,0.62,0,0,0,0,0,0,
"2016-12-31T14:05:00Z","2016-12-31T14:10:00Z",668.02,0.62,0,0,0,0,0,0,
"2016-12-31T14:10:00Z","2016-12-31T14:15:00Z",668.07,0.62,0,0,0,0,0,0,
"2016-12-31T14:15:00Z","2016-12-31T14:20:00Z",667.99,0.62,0,0,0,0,0,0,
"2016-12-31T14:20:00Z","2016-12-31T14:25:00Z",668.10,0.62,0,0,0,0,0,0,
"2016-12-31T14:25:00Z","2016-12-31T14:30:00Z",668.02,0.63,0,0,0,0,0,0,
"2016-12-31T14:30:00Z","2016-12-31T14:35:00Z",668.04,0.62,0,0,0,0,0,0,
"2016-12-31T14:35:00Z","2016-12-31T14:40:00Z",668.11,0.62,0,0,0,0,0,0,
"2016-12-31T14:40:00Z","2016-12-31T14:45:00Z",668.11,0.62,0,0,0,0,0,0,
"2016-12-31T14:45:00Z","2016-12-31T14:50:00Z",668.03,0.62,0,0,0,0,0,0,
"2016-12-31T14:50:00Z","2016-12-31T14:55:00Z",668.05,0.62,0,0,0,0,0,0,
"2016-12-31T14:55:00Z","2016-12-31T15:00:00Z",668.06,0.63,0,0,0,0,0,0,
"2016-12-31T15:00:00Z","2016-12-31T15:05:00Z",668.12,0.62,0,0,0,0,0,0,
"2016-12-31T15:05:00Z","2016-12-31T15:10:00Z",668.14,0.62,0,0,0,0,0,0,
"2016-12-31T15:10:00Z","2016-12-31T15:15:00Z",668.24,0.62,0,0,0,0,0,0,
"2016-12-31T15:15:00Z","2016-12-31T15:20:00Z",668.27,0.62,0,0,0,0,0,0,
"2016-12-31T15:20:00Z","2016-12-31T15:25:00Z",668.15,0.62,0,0,0,0,0,0,
"2016-12-31T15:25:00Z","2016-12-31T15:30:00Z",668.16,0.63,0,0,0,0,0,0,
"2016-12-31T15:30:00Z","2016-12-31T15:35:00Z",668.20,0.62,0,0,0,0,0,0,
"2016-12-31T15:35:00Z","2016-12-31T15:40:00Z",668.23,0.62,0,0,0,0,0,0,
"2016-12-31T15:40:00Z","2016-12-31T15:45:00Z",668.16,0.62,0,0,0,0,0,0,
"2016-12-31T15:45:00Z","2016-12-31T15:50:00Z",668.18,0.62,0,0,0,0,0,0,
"2016-12-31T15:50:00Z","2016-12-31T15:55:00Z",668.18,0.62,0,0,0,0,0,0,
"2016-12-31T15:55:00Z","2016-12-31T16:00:00Z",668.16,0.64,0,0,0,0,0,0,
"2016-12-31T16:00:00Z","2016-12-31T16:05:00Z",668.18,0.62,0,0,0,0,0,0,
"2016-12-31T16:05:00Z","2016-12-31T16:10:00Z",668.20,0.62,0,0,0,0,0,0,
"2016-12-31T16:10:00Z","2016-12-31T16:15:00Z",668.23,0.62,0,0,0,0,0,0,
"2016-12-31T16:15:00Z","2016-12-31T16:20:00Z",668.25,0.62,0,0,0,0,0,0,
"2016-12-31T16:20:00Z","2016-12-31T16:25:00Z",668.29,0.62,0,0,0,0,0,0,
"2016-12-31T16:25:00Z","2016-12-31T16:30:00Z",668.30,0.63,0,0,0,0,0,0,
"2016-12-31T16:30:00Z","2016-12-31T16:35:00Z",668.29,0.62,0,0,0,0,0,0,
"2016-12-31T16:35:00Z","2016-12-31T16:40:00Z",668.31,0.62,0,0,0,0,0,0,
"2016-12-31T16:40:00Z","2016-12-31T16:45:00Z",668.28,0.62,0,0,0,0,0,0,
"2016-12-31T16:45:00Z","2016-12-31T16:50:00Z",668.33,0.62,0,0,0,0,0,0,
"2016-12-31T16:50:00Z","2016-12-31T16:55:00Z",668.28,0.62,0,0,0,0,0,0,
"2016-12-31T16:55:00Z","2016-12-31T17:00:00Z",668.22,0.63,0,0,0,0,0,0,
"2016-12-31T17:00:00Z","2016-12-31T17:05:00Z",668.26,0.62,0,0,0,0,0,0,
"2016-12-31T17:05:00Z","2016-12-31T17:10:00Z",668.31,0.62,0,0,0,0,0,0,
"2016-12-31T17:10:00Z","2016-12-31T17:15:00Z",668.40,0.62,0,0,0,0,0,0,
"2016-12-31T17:15:00Z","2016-12-31T17:20:00Z",668.33,0.62,0,0,0,0,0,0,
"2016-12-31T17:20:00Z","2016-12-31T17:25:00Z",668.33,0.62,0,0,0,0,0,0,
"2016-12-31T17:25:00Z","2016-12-31T17:30:00Z",668.26,0.63,0,0,0,0,0,0,
"2016-12-31T17:30:00Z","2016-12-31T17:35:00Z",668.26,0.62,0,0,0,0,0,0,
"2016-12-31T17:35:00Z","2016-12-31T17:40:00Z",668.18,0.62,0,0,0,0,0,0,
"2016-12-31T17:40:00Z","2016-12-31T17:45:00Z",668.18,0.62,0,0,0,0,0,0,
"2016-12-31T17:45:00Z","2016-12-31T17:50:00Z",668.14,0.62,0,0,0,0,0,0,
"2016-12-31T17:50:00Z","2016-12-31T17:55:00Z",668.20,0.62,0,0,0,0,0,0,
"2016-12-31T17:55:00Z","2016-12-31T18:00:00Z",668.12,0.63,0,0,0,0,0,0,
"2016-12-31T18:00:00Z","2016-12-31T18:05:00Z",668.16,0.62,0,0,0,0,0,0,
"2016-12-31T18:05:00Z","2016-12-31T18:10:00Z",668.19,0.62,0,0,0,0,0,0,
"2016-12-31T18:10:00Z","2016-12-31T18:15:00Z",668.24,0.62,0,0,0,0,0,0,
"2016-12-31T18:15:00Z","2016-12-31T18:20:00Z",668.20,0.62,0,0,0,0,0,0,
"2016-12-31T18:20:00Z","2016-12-31T18:25:00Z",668.22,0.62,0,0,0,0,0,0,
"2016-12-31T18:25:00Z","2016-12-31T18:30:00Z",668.19,0.62,0,0,0,0,0,0,
"2016-12-31T18:30:00Z","2016-12-31T18:35:00Z",668.14,0.62,0,0,0,0,0,0,
"2016-12-31T18:35:00Z","2016-12-31T18:40:00Z",668.19,0.62,0,0,0,0,0,0,
"2016-12-31T18:40:00Z","2016-12-31T18:45:00Z",668.15,0.62,0,0,0,0,0,0,
"2016-12-31T18:45:00Z","2016-12-31T18:50:00Z",668.03,0.62,0,0,0,0,0,0,
"2016-12-31T18:50:00Z","2016-12-31T18:55:00Z",668.08,0.62,0,0,0,0,0,0,
"2016-12-31T18:55:00Z","2016-12-31T19:00:00Z",668.05,0.64,0,0,0,0,0,0,
"2016-12-31T19:00:00Z","2016-12-31T19:05:00Z",668.04,0.62,0,0,0,0,0,0,
"2016-12-31T19:05:00Z","2016-12-31T19:10:00Z",668.07,0.62,0,0,0,0,0,0,
"2016-12-31T19:10:00Z","2016-12-31T19:15:00Z",668.07,0.62,0,0,0,0,0,0,
"2016-12-31T19:15:00Z","2016-12-31T19:20:00Z",668.07,0.62,0,0,0,0,0,0,
"2016-12-31T19:20:00Z","2016-12-31T19:25:00Z",668.07,0.62,0,0,0,0,0,0,
"2016-12-31T19:25:00Z","2016-12-31T19:30:00Z",668.08,0.63,0,0,0,0,0,0,
"2016-12-31T19:30:00Z","2016-12-31T19:35:00Z",668.07,0.62,0,0,0,0,0,0,
"2016-12-31T19:35:00Z","2016-12-31T19:40:00Z",668.11,0.62,0,0,0,0,0,0,
"2016-12-31T19:40:00Z","2016-12-31T19:45:00Z",668.08,0.62,0,0,0,0,0,0,
"2016-12-31T19:45:00Z","2016-12-31T19:50:00Z",668.00,0.62,0,0,0,0,0,0,
"2016-12-31T19:50:00Z","2016-12-31T19:55:00Z",667.97,0.62,0,0,0,0,0,0,
"2016-12-31T19:55:00Z","2016-12-31T20:00:00Z",668.01,0.62,0,0,0,0,0,0,
"2016-12-31T20:00:00Z","2016-12-31T20:05:00Z",667.96,0.62,0,0,0,0,0,0,
"2016-12-31T20:05:00Z","2016-12-31T20:10:00Z",667.96,0.62,0,0,0,0,0,0,
"2016-12-31T20:10:00Z","2016-12-31T20:15:00Z",667.90,0.62,0,0,0,0,0,0,
"2016-12-31T20:15:00Z","2016-12-31T20:20:00Z",667.99,0.62,0,0,0,0,0,0,
"2016-12-31T20:20:00Z","2016-12-31T20:25:00Z",668.01,0.62,0,0,0,0,0,0,
"2016-12-31T20:25:00Z","2016-12-31T20:30:00Z",667.91,0.62,0,0,0,0,0,0,
"2016-12-31T20:30:00Z","2016-12-31T20:35:00Z",667.96,0.62,0,0,0,0,0,0,
"2016-12-31T20:35:00Z","2016-12-31T20:40:00Z",667.96,0.62,0,0,0,0,0,0,
"2016-12-31T20:40:00Z","2016-12-31T20:45:00Z",667.92,0.62,0,0,0,0,0,0,
"2016-12-31T20:45:00Z","2016-12-31T20:50:00Z",667.85,0.62,0,0,0,0,0,0,
"2016-12-31T20:50:00Z","2016-12-31T20:55:00Z",667.91,0.62,0,0,0,0,0,0,
"2016-12-31T20:55:00Z","2016-12-31T21:00:00Z",667.88,0.63,0,0,0,0,0,0,
"2016-12-31T21:00:00Z","2016-12-31T21:05:00Z",667.87,0.62,0,0,0,0,0,0,
"2016-12-31T21:05:00Z","2016-12-31T21:10:00Z",667.81,0.62,0,0,0,0,0,0,
"2016-12-31T21:10:00Z","2016-12-31T21:15:00Z",667.76,0.62,0,0,0,0,0,0,
"2016-12-31T21:15:00Z","2016-12-31T21:20:00Z",667.72,0.62,0,0,0,0,0,0,
"2016-12-31T21:20:00Z","2016-12-31T21:25:00Z",667.65,0.62,0,0,0,0,0,0,
"2016-12-31T21:25:00Z","2016-12-31T21:30:00Z",667.61,0.62,0,0,0,0,0,0,
"2016-12-31T21:30:00Z","2016-12-31T21:35:00Z",667.49,0.62,0,0,0,0,0,0,
"2016-12-31T21:35:00Z","2016-12-31T21:40:00Z",667.61,0.62,0,0,0,0,0,0,
"2016-12-31T21:40:00Z","2016-12-31T21:45:00Z",667.62,0.62,0,0,0,0,0,0,
"2016-12-31T21:45:00Z","2016-12-31T21:50:00Z",667.63,0.62,0,0,0,0,0,0,
"2016-12-31T21:50:00Z","2016-12-31T21:55:00Z",667.55,0.62,0,0,0,0,0,0,
"2016-12-31T21:55:00Z","2016-12-31T22:00:00Z",667.51,0.63,0,0,0,0,0,0,
"2016-12-31T22:00:00Z","2016-12-31T22:05:00Z",667.58,0.62,0,0,0,0,0,0,
"2016-12-31T22:05:00Z","2016-12-31T22:10:00Z",667.55,0.62,0,0,0,0,0,0,
"2016-12-31T22:10:00Z","2016-12-31T22:15:00Z",667.58,0.62,0,0,0,0,0,0,
"2016-12-31T22:15:00Z","2016-12-31T22:20:00Z",667.69,0.62,0,0,0,0,0,0,
"2016-12-31T22:20:00Z","2016-12-31T22:25:00Z",667.62,0.62,0,0,0,0,0,0,
"2016-12-31T22:25:00Z","2016-12-31T22:30:00Z",667.61,0.63,0,0,0,0,0,0,
"2016-12-31T22:30:00Z","2016-12-31T22:35:00Z",667.61,0.62,0,0,0,0,0,0,
"2016-12-31T22:35:00Z","2016-12-31T22:40:00Z",667.77,0.62,0,0,0,0,0,0,
"2016-12-31T22:40:00Z","2016-12-31T22:45:00Z",667.68,0.62,0,0,0,0,0,0,
"2016-12-31T22:45:00Z","2016-12-31T22:50:00Z",667.69,0.62,0,0,0,0,0,0,
"2016-12-31T22:50:00Z","2016-12-31T22:55:00Z",667.74,0.62,0,0,0,0,0,0,
"2016-12-31T22:55:00Z","2016-12-31T23:00:00Z",667.76,0.63,0,0,0,0,0,0,
"2016-12-31T23:00:00Z","2016-12-31T23:05:00Z",667.77,0.62,0,0,0,0,0,0,
"2016-12-31T23:05:00Z","2016-12-31T23:10:00Z",667.75,0.62,0,0,0,0,0,0,
"2016-12-31T23:10:00Z","2016-12-31T23:15:00Z",667.78,0.62,0,0,0,0,0,0,
"2016-12-31T23:15:00Z","2016-12-31T23:20:00Z",667.82,0.62,0,0,0,0,0,0,
"2016-12-31T23:20:00Z","2016-12-31T23:25:00Z",667.80,0.62,0,0,0,0,0,0,
"2016-12-31T23:25:00Z","2016-12-31T23:30:00Z",667.80,0.63,0,0,0,0,0,0,
"2016-12-31T23:30:00Z","2016-12-31T23:35:00Z",667.81,0.62,0,0,0,0,0,0,
"2016-12-31T23:35:00Z","2016-12-31T23:40:00Z",667.82,0.62,0,0,0,0,0,0,
"2016-12-31T23:40:00Z","2016-12-31T23:45:00Z",667.80,0.62,0,0,0,0,0,0,
"2016-12-31T23:45:00Z","2016-12-31T23:50:00Z",667.83,0.62,0,0,0,0,0,0,
"2016-12-31T23:50:00Z","2016-12-31T23:55:00Z",667.76,0.62,0,0,0,0,0,0,
"2016-12-31T23:55:00Z","2017-01-01T00:00:00Z",667.74,0.63,0,0,0,0,0,0,
